/*--------------------------------*- C++ -*----------------------------------*\
| =========                 |                                                 |
| \\      /  F ield         | OpenFOAM: The Open Source CFD Toolbox           |
|  \\    /   O peration     | Version:  2312                                  |
|   \\  /    A nd           | Website:  www.openfoam.com                      |
|    \\/     M anipulation  |                                                 |
\*---------------------------------------------------------------------------*/
FoamFile
{
    version     2.0;
    format      ascii;
    arch        "LSB;label=32;scalar=64";
    class       volScalarField;
    location    "0.03";
    object      CH4;
}
// * * * * * * * * * * * * * * * * * * * * * * * * * * * * * * * * * * * * * //

dimensions      [0 0 0 0 0 0 0];

internalField   nonuniform List<scalar> 
3251
(
0.0086193199
0.0077259483
0.0069021936
0.0061464253
0.005456451
0.0048295106
0.0042624551
0.0037518574
0.0032940959
0.0028854278
0.0025220571
0.0022001975
0.00191613
0.0016662523
0.0014471208
0.001255483
0.001088301
0.00094276686
0.00081630982
0.0007065968
0.00061152747
0.00052922484
0.00045802254
0.00039644997
0.00034321608
0.00029719272
0.00025739797
0.00022298005
0.00019320214
0.00016742821
0.00014511019
0.00012577627
0.00010902054
9.4493874e-05
8.1895854e-05
7.0967858e-05
6.1487025e-05
5.3261107e-05
4.6124053e-05
3.9932254e-05
3.4561341e-05
2.9903475e-05
2.5865039e-05
2.2364687e-05
1.9331687e-05
1.6704507e-05
1.4429613e-05
1.2460447e-05
1.0756531e-05
9.2826902e-06
8.0083755e-06
6.9068639e-06
5.9595828e-06
5.145319e-06
4.4413397e-06
3.8332744e-06
3.3083702e-06
2.8555666e-06
0.0086221325
0.0077285582
0.0069047481
0.0061488556
0.0054587298
0.0048316298
0.0042644146
0.0037536604
0.0032957476
0.0028869346
0.0025234263
0.0022014372
0.0019172486
0.0016672584
0.0014480232
0.0012562902
0.0010890213
0.00094340839
0.00081688009
0.0007071029
0.000611976
0.00052962187
0.00045837362
0.00039676013
0.00034348991
0.00029743431
0.00025761099
0.00022316779
0.00019336752
0.00016757383
0.00014523836
0.00012588903
0.00010911971
9.4581045e-05
8.1972445e-05
7.1035121e-05
6.1546068e-05
5.3312908e-05
4.6169479e-05
3.997207e-05
3.4596226e-05
2.9934031e-05
2.58918e-05
2.2388132e-05
1.9352248e-05
1.6722573e-05
1.4445544e-05
1.2474574e-05
1.0769173e-05
9.2941684e-06
8.0190688e-06
6.917416e-06
5.9684684e-06
5.1514834e-06
4.4459273e-06
3.8366519e-06
3.3106357e-06
2.8570987e-06
0.0086240935
0.0077303434
0.0069065332
0.0061506083
0.0054604258
0.0048332552
0.0042659609
0.0037551221
0.0032971211
0.0028882182
0.0025246196
0.0022025412
0.0019182653
0.0016681908
0.0014488749
0.0012570655
0.0010897248
0.00094404478
0.00081745425
0.00070761968
0.00061244012
0.0005300379
0.00045874589
0.00039709275
0.00034378667
0.00029769876
0.00025784639
0.00022337712
0.00019355349
0.00016773891
0.00014538478
0.0001260188
0.00010923463
9.4682744e-05
8.2062382e-05
7.11146e-05
6.1616257e-05
5.337485e-05
4.6224107e-05
4.0020218e-05
3.4638638e-05
2.9971371e-05
2.5924665e-05
2.2417058e-05
1.9377717e-05
1.6745024e-05
1.4465376e-05
1.2492151e-05
1.078483e-05
9.3082211e-06
8.0318269e-06
6.929237e-06
5.9785427e-06
5.1592054e-06
4.4519202e-06
3.8412173e-06
3.3138273e-06
2.8589377e-06
0.0086250115
0.0077312231
0.0069074933
0.0061516335
0.005461493
0.0048343447
0.0042670557
0.0037562076
0.0032981849
0.0028892499
0.002525611
0.0022034861
0.0019191591
0.0016690307
0.0014496593
0.001257794
0.0010903981
0.00094466422
0.00081802183
0.00070813783
0.0006129116
0.00053046562
0.0004591329
0.00039744208
0.00034410132
0.00029798163
0.00025810024
0.00022360457
0.000193757
0.00016792076
0.00014554707
0.00012616347
0.00010936347
9.4797363e-05
8.2164252e-05
7.1205056e-05
6.1696505e-05
5.3445983e-05
4.6287106e-05
4.007597e-05
3.4687939e-05
3.001494e-05
2.5963148e-05
2.2451038e-05
1.9407722e-05
1.6771533e-05
1.4488823e-05
1.251293e-05
1.0803293e-05
9.324686e-06
8.0465679e-06
6.9424831e-06
5.9898872e-06
5.1683264e-06
4.4591745e-06
3.8468483e-06
3.3178718e-06
2.8605862e-06
0.0086249029
0.0077312231
0.0069076702
0.0061519741
0.0054619724
0.0048349364
0.0042677343
0.0037569493
0.0032989685
0.0028900568
0.0025264253
0.0022042942
0.0019199503
0.0016697962
0.0014503926
0.0012584903
0.0010910542
0.00094527826
0.00081859308
0.00070866645
0.00061339847
0.00053091217
0.00045954094
0.00039781368
0.00034443874
0.0002982872
0.00025837632
0.00022385346
0.00019398095
0.00016812192
0.00014572747
0.00012632502
0.00010950794
9.4926391e-05
8.2279355e-05
7.130762e-05
6.17878e-05
5.3527162e-05
4.635922e-05
4.013997e-05
3.4744689e-05
3.006522e-05
2.6007665e-05
2.2490431e-05
1.9442571e-05
1.6802364e-05
1.4516111e-05
1.2537104e-05
1.0824733e-05
9.343724e-06
8.0634725e-06
6.9574401e-06
6.0027231e-06
5.1788963e-06
4.4677025e-06
3.8535547e-06
3.3229596e-06
0.0086239106
0.007730458
0.0069071674
0.0061517176
0.0054619342
0.0048350845
0.0042680364
0.0037573749
0.0032994892
0.0028906475
0.0025270638
0.0022049615
0.0019206302
0.0016704755
0.0014510606
0.0012591385
0.0010916763
0.00094586964
0.00081915071
0.00070918854
0.00061388427
0.00053136176
0.00045995503
0.00039819348
0.00034478579
0.00029860328
0.00025866334
0.00022411342
0.00019421584
0.00016833371
0.00014591807
0.00012649625
0.00010966152
9.506394e-05
8.2402374e-05
7.1417503e-05
6.1885829e-05
5.3614515e-05
4.6436973e-05
4.0209106e-05
3.4806102e-05
3.0119722e-05
2.6055992e-05
2.2533252e-05
1.9480493e-05
1.6835937e-05
1.4545832e-05
1.2563418e-05
1.0848036e-05
9.3643531e-06
8.0816963e-06
6.9734356e-06
6.0164596e-06
5.1903392e-06
4.4769994e-06
3.8609219e-06
3.329351e-06
0.0086222702
0.0077291249
0.0069061611
0.0061510228
0.0054615193
0.0048349125
0.0042680694
0.0037575765
0.003299826
0.002891089
0.0025275831
0.0022055353
0.0019212385
0.0016711014
0.0014516901
0.0012597606
0.0010922821
0.00094645266
0.0008197061
0.00070971308
0.000614376
0.00053181978
0.00046037927
0.00039858451
0.00034514466
0.00029893139
0.00025896232
0.00022438504
0.00019446196
0.00016855619
0.00014611875
0.00012667691
0.00010982387
9.5209602e-05
8.2532865e-05
7.1534237e-05
6.1990119e-05
5.370757e-05
4.6519906e-05
4.0282933e-05
3.4871753e-05
3.0178042e-05
2.6107752e-05
2.2579151e-05
1.9521165e-05
1.6871957e-05
1.4577719e-05
1.2591637e-05
1.0872998e-05
9.3864086e-06
8.1011232e-06
6.9904197e-06
6.0310439e-06
5.2025425e-06
4.4869276e-06
3.8687482e-06
3.3358292e-06
0.0086199006
0.0077271589
0.0069046149
0.006149877
0.0054607348
0.0048344437
0.0042678697
0.0037576013
0.0033000337
0.0028914419
0.0025280477
0.0022060821
0.001921842
0.0016717401
0.0014523461
0.0012604192
0.0010929316
0.00094708404
0.00082031261
0.00071028989
0.00061491994
0.00053232899
0.00046085297
0.00039902279
0.00034554822
0.00029930143
0.00025930038
0.00022469289
0.00019474147
0.00016880932
0.00014634745
0.00012688311
0.00011000943
9.5376292e-05
8.2682364e-05
7.1668118e-05
6.2109845e-05
5.3814496e-05
4.661528e-05
4.0367902e-05
3.4947366e-05
3.0245258e-05
2.616744e-05
2.2632105e-05
1.9568104e-05
1.6913532e-05
1.4614518e-05
1.2624187e-05
1.0901762e-05
9.4117864e-06
8.1234301e-06
7.0098719e-06
6.0477353e-06
5.2165241e-06
4.498282e-06
3.8775914e-06
3.342358e-06
0.0086167657
0.0077245317
0.0069025109
0.0061482693
0.0054595751
0.0048336766
0.0042674393
0.0037574536
0.0033001188
0.0028917143
0.0025284667
0.0022066117
0.0019224512
0.0016724023
0.0014530391
0.0012611247
0.0010936349
0.00094777356
0.00082097953
0.00071092777
0.00061552432
0.00053289706
0.00046138326
0.00039951487
0.0003460025
0.00029971892
0.00025968255
0.00022504149
0.00019505848
0.00016909681
0.00014660753
0.00012711787
0.0001102209
9.5566438e-05
8.2853046e-05
7.1821088e-05
6.2246739e-05
5.3936835e-05
4.6724468e-05
4.0465233e-05
3.5034024e-05
3.0322325e-05
2.6235904e-05
2.2692863e-05
1.962197e-05
1.6961243e-05
1.465674e-05
1.2661516e-05
1.0934726e-05
9.4408359e-06
8.1489261e-06
7.0320636e-06
6.0667509e-06
5.2324335e-06
4.5111629e-06
3.8875773e-06
0.0086128093
0.0077212025
0.0068998202
0.0061461795
0.0054580261
0.0048326022
0.0042667729
0.0037571317
0.0033000823
0.0028919092
0.0025288447
0.0022071302
0.001923073
0.0016730957
0.0014537773
0.0012618855
0.0010944003
0.00094852934
0.00082171474
0.00071163427
0.00061619631
0.00053353074
0.00046197644
0.00040006662
0.00034651292
0.00030018885
0.00026011339
0.00022543505
0.00019541681
0.00016942213
0.00014690211
0.000127384
0.00011046083
9.5782326e-05
8.3046961e-05
7.1994982e-05
6.2402443e-05
5.4076052e-05
4.6848778e-05
4.0576088e-05
3.513276e-05
3.0410162e-05
2.6313958e-05
2.2762145e-05
1.96834e-05
1.7015654e-05
1.4704882e-05
1.2704062e-05
1.0972273e-05
9.4738976e-06
8.1779111e-06
7.0572516e-06
6.0882874e-06
5.2504025e-06
4.5256799e-06
3.8991885e-06
0.0086079572
0.0077171206
0.0068965055
0.006143579
0.0054560663
0.0048312045
0.0042658595
0.0037566285
0.0032999203
0.0028920257
0.0025291832
0.0022076407
0.0019237119
0.0016738257
0.0014545666
0.0012627079
0.0010952345
0.00094935819
0.00082252499
0.00071241595
0.00061694226
0.00053423609
0.00046263822
0.00040068341
0.00034708447
0.00030071584
0.00026059717
0.00022587747
0.00019582004
0.00016978853
0.00014723417
0.0001276842
0.00011073164
9.6026143e-05
8.3266077e-05
7.2191569e-05
6.2578542e-05
5.4233568e-05
4.6989476e-05
4.0701599e-05
3.5244582e-05
3.0509668e-05
2.6402398e-05
2.2840659e-05
1.9753022e-05
1.7077318e-05
1.4759432e-05
1.2752256e-05
1.1014785e-05
9.5113072e-06
8.2106792e-06
7.0856815e-06
6.1125234e-06
5.2705498e-06
4.5419415e-06
0.0086021191
0.0077122277
0.0068925221
0.0061404327
0.0054536682
0.0048294625
0.0042646833
0.0037559327
0.0032996255
0.0028920595
0.0025294804
0.0022081436
0.0019243701
0.0016745957
0.0014554116
0.0012635973
0.0010961431
0.00095026595
0.00082341623
0.00071327875
0.00061776794
0.00053501867
0.00046337394
0.00040137026
0.00034772188
0.00030130429
0.00026113798
0.00022637252
0.00019627162
0.00017019919
0.00014760657
0.00012802108
0.0001110357
9.6300034e-05
8.3512327e-05
7.2412589e-05
6.27766e-05
5.4410783e-05
4.7147818e-05
4.0842888e-05
3.5370491e-05
3.0621732e-05
2.6502018e-05
2.292911e-05
1.9831459e-05
1.7146787e-05
1.4820879e-05
1.280653e-05
1.1062642e-05
9.5534012e-06
8.2475242e-06
7.1175932e-06
6.1396216e-06
5.293e-06
4.5605064e-06
0.0085952128
0.0077064615
0.0068878199
0.0061367001
0.0054507993
0.0048273504
0.0042632246
0.0037550296
0.0032991875
0.0028920038
0.0025297326
0.0022086377
0.0019250482
0.0016754079
0.0014563157
0.0012645577
0.001097131
0.00095125785
0.00082439386
0.00071422813
0.00061867879
0.0005358838
0.00046418869
0.00040213205
0.00034842973
0.00030195851
0.00026173981
0.0002269239
0.00019677496
0.00017065721
0.00014802218
0.00012839725
0.00011137539
9.6606141e-05
8.3787649e-05
7.2659788e-05
6.2998186e-05
5.4609107e-05
4.7325067e-05
4.1001084e-05
3.5511498e-05
3.0747257e-05
2.661362e-05
2.302821e-05
1.9919345e-05
1.7224626e-05
1.488972e-05
1.2867322e-05
1.111623e-05
9.6005203e-06
8.2887442e-06
7.1532287e-06
6.1697351e-06
5.3178667e-06
0.0085871664
0.0076997575
0.0068823447
0.0061323363
0.005447423
0.0048248391
0.0042614606
0.0037539019
0.0032985935
0.0028918499
0.0025299344
0.0022091202
0.0019257457
0.0016762636
0.0014572813
0.0012655929
0.0010982024
0.0009523387
0.000825463
0.00071526936
0.00061968007
0.00053683664
0.00046508749
0.00040297357
0.00034921259
0.00030268279
0.00026240668
0.00022753534
0.00019733351
0.00017116578
0.0001484839
0.00012881535
0.0001117531
9.6946645e-05
8.4094015e-05
7.2934945e-05
6.3244904e-05
5.4829982e-05
4.7522516e-05
4.1177347e-05
3.5668637e-05
3.0887166e-05
2.673803e-05
2.3138695e-05
2.0017335e-05
1.7311411e-05
1.4966468e-05
1.2935081e-05
1.1175945e-05
9.6530119e-06
8.3346477e-06
7.1928467e-06
6.2030301e-06
5.3458542e-06
0.0085779147
0.0076920494
0.0068760385
0.0061272928
0.0054434996
0.0048218965
0.0042593657
0.00375253
0.0032978291
0.0028915875
0.002530079
0.0022095873
0.0019264612
0.0016771634
0.0014583106
0.001266706
0.0010993614
0.00095351312
0.00082662865
0.0007164076
0.00062077702
0.00053788237
0.00046607539
0.00040389968
0.00035007508
0.00030348149
0.00026314267
0.00022821064
0.00019795078
0.00017172813
0.0001489947
0.00012927809
0.00011217132
9.7323793e-05
8.4433459e-05
7.3239898e-05
6.3518409e-05
5.5074896e-05
4.7741502e-05
4.1372873e-05
3.5842981e-05
3.1042418e-05
2.6876101e-05
2.3261326e-05
2.0126104e-05
1.7407745e-05
1.5051652e-05
1.3010272e-05
1.1242187e-05
9.7112292e-06
8.3855601e-06
7.2367522e-06
6.2396387e-06
0.0085673845
0.0076832666
0.0068688401
0.006121518
0.0054389864
0.0048184878
0.0042569125
0.0037508925
0.0032968781
0.002891205
0.0025301587
0.0022100345
0.0019271928
0.0016781072
0.0014594054
0.0012678999
0.0011006119
0.00095478563
0.00082789574
0.00071764804
0.0006219749
0.00053902626
0.00046715753
0.00040491535
0.00035102195
0.00030435909
0.00026395199
0.00022895371
0.00019863041
0.00017234761
0.00014955766
0.0001297883
0.00011263259
9.7739914e-05
8.4808092e-05
7.3576557e-05
6.3820424e-05
5.5345399e-05
4.7983417e-05
4.1588911e-05
3.6035646e-05
3.121401e-05
2.7028725e-05
2.3396898e-05
2.0246361e-05
1.7514255e-05
1.5145825e-05
1.3093374e-05
1.1315363e-05
9.7755235e-06
8.4418278e-06
7.2853772e-06
6.2804221e-06
0.0085554873
0.0076733342
0.0068606849
0.0061149575
0.0054338382
0.0048145765
0.0042540716
0.0037489665
0.0032957232
0.0028906899
0.002530165
0.0022104566
0.0019279378
0.0016790949
0.0014605669
0.0012691775
0.0011019577
0.00095616074
0.00082926924
0.00071899593
0.00062327909
0.00054027365
0.00046833918
0.00040602567
0.00035205805
0.00030532021
0.00026483898
0.00022976862
0.00019937615
0.0001730277
0.00015017596
0.00013034889
0.0001131396
9.8197434e-05
8.5220113e-05
7.3946908e-05
6.4152741e-05
5.5643106e-05
4.824971e-05
4.1826762e-05
3.6247799e-05
3.1402986e-05
2.7196833e-05
2.3546241e-05
2.0378845e-05
1.7631599e-05
1.5249562e-05
1.3184874e-05
1.1395872e-05
9.846225e-06
8.5038093e-06
7.3393111e-06
0.0085421315
0.0076621728
0.0068515051
0.006107554
0.0054280075
0.0048101235
0.0042508118
0.0037467275
0.0032943457
0.0028900285
0.0025300883
0.0022108475
0.0019286934
0.0016801257
0.0014617965
0.0012705413
0.0011034024
0.00095764289
0.00083075413
0.00072045656
0.00062469503
0.00054163003
0.00046962573
0.00040723587
0.00035318842
0.00030636962
0.00026580812
0.00023065955
0.00020019191
0.000173772
0.00015085293
0.0001309629
0.00011369511
9.8698875e-05
8.567181e-05
7.4353023e-05
6.4517231e-05
5.59697e-05
4.8541897e-05
4.2087785e-05
3.6480655e-05
3.1610434e-05
2.7381398e-05
2.3710225e-05
2.0524334e-05
1.7760464e-05
1.5363463e-05
1.3285266e-05
1.1484078e-05
9.9236023e-06
8.5718364e-06
7.4005806e-06
0.0085272189
0.007649699
0.0068412298
0.0060992478
0.0054214447
0.0048050881
0.0042471002
0.0037441496
0.0032927258
0.002889206
0.0025299183
0.0022112007
0.0019294559
0.0016811986
0.0014630949
0.0012719938
0.0011049497
0.0009592365
0.00083235541
0.00072203529
0.00062622827
0.00054310098
0.00047102269
0.00040855133
0.00035441821
0.00030751222
0.00026686405
0.00023163084
0.00020108172
0.00017458423
0.00015159199
0.00013163347
0.000114302
9.9246856e-05
8.6165562e-05
7.4797055e-05
6.4915837e-05
5.6326933e-05
4.8861552e-05
4.2373392e-05
3.6735482e-05
3.1837488e-05
2.7583436e-05
2.3889758e-05
2.0683637e-05
1.790157e-05
1.5488145e-05
1.3395035e-05
1.1580286e-05
1.0007792e-05
8.6458173e-06
7.466469e-06
0.008510641
0.0076358246
0.0068297851
0.0060899768
0.0054140976
0.0047994274
0.0042429021
0.0037412051
0.0032908421
0.0028882067
0.0025296439
0.0022115089
0.0019302212
0.0016823119
0.0014644627
0.0012735372
0.0011066029
0.00096094589
0.00083407802
0.00072373747
0.00062788437
0.00054469212
0.00047253565
0.00040997749
0.00035575267
0.00030875303
0.00026801149
0.00023268694
0.00020204971
0.00017546824
0.00015239669
0.00013236387
0.00011496324
9.9844086e-05
8.670383e-05
7.5281233e-05
6.5350575e-05
5.6716622e-05
4.921031e-05
4.2685053e-05
3.7013596e-05
3.2085328e-05
2.7804001e-05
2.4085785e-05
2.08576e-05
1.8055668e-05
1.5624255e-05
1.3514655e-05
1.1684689e-05
1.0098781e-05
8.7257297e-06
7.535717e-06
0.0084922747
0.0076204575
0.0068170946
0.0060796764
0.0054059121
0.0047930964
0.0042381807
0.003737865
0.0032886719
0.0028870134
0.0025292527
0.0022117637
0.0019309844
0.0016834636
0.0014659001
0.0012751732
0.0011083652
0.0009627752
0.0008359268
0.00072556839
0.00062966888
0.00054640913
0.00047417026
0.00041151989
0.00035719717
0.00031009716
0.00026925531
0.00023383239
0.00020310014
0.00017642796
0.00015327067
0.00013315743
0.00011568189
0.00010049336
8.7289152e-05
7.5807859e-05
6.5823526e-05
5.7140645e-05
4.9589861e-05
4.3024287e-05
3.7316361e-05
3.2355175e-05
2.8044188e-05
2.4299287e-05
2.1047105e-05
1.8223548e-05
1.5772472e-05
1.3644604e-05
1.179733e-05
1.019638e-05
8.8122273e-06
0.0084719756
0.0076035023
0.0068030804
0.0060682801
0.0053968319
0.0047860482
0.0042328978
0.0037340983
0.0032861912
0.0028856077
0.0025287314
0.0022119561
0.0019317399
0.0016846509
0.0014674065
0.0012769033
0.0011102394
0.00096472833
0.00083790642
0.00072753323
0.0006315873
0.00054825764
0.00047593216
0.0004131841
0.00035875709
0.00031154977
0.0002706004
0.00023507182
0.00020423734
0.00017746743
0.00015421764
0.00013401758
0.00011646109
0.00010119753
8.7924135e-05
7.63793e-05
6.633683e-05
5.7600934e-05
5.0001947e-05
4.3392657e-05
3.7645181e-05
3.2648288e-05
2.8305126e-05
2.4531276e-05
2.1253065e-05
1.8406042e-05
1.5933549e-05
1.3785442e-05
1.1918066e-05
1.0300124e-05
8.9085717e-06
0.0084495734
0.0075848654
0.0067876647
0.0060557199
0.0053867983
0.0047782334
0.0042270124
0.0037298721
0.0032833738
0.0028839699
0.0025280652
0.0022120758
0.0019324811
0.0016858704
0.001468981
0.0012787284
0.0011122279
0.00096680885
0.00084002128
0.00072963698
0.00063364498
0.00055024319
0.00047782696
0.00041497564
0.00036043782
0.00031311608
0.00027205171
0.0002364099
0.00020546567
0.00017859071
0.00015524138
0.00013494779
0.00011730404
0.00010195954
8.8611443e-05
7.6997973e-05
6.6892679e-05
5.809947e-05
5.0448352e-05
4.3791771e-05
3.8001498e-05
3.2965961e-05
2.8587975e-05
2.4782797e-05
2.1476426e-05
1.8604035e-05
1.6108379e-05
1.393809e-05
1.204667e-05
0.0084248985
0.007564466
0.0067707722
0.0060419259
0.0053757503
0.0047696003
0.004220482
0.0037251518
0.0032801924
0.0028820785
0.0025272384
0.0022121114
0.0019332005
0.0016871175
0.0014706217
0.0012806488
0.0011143328
0.00096901993
0.00084227548
0.00073188438
0.00063584708
0.00055237117
0.00047986013
0.00041689998
0.00036224472
0.00031480123
0.00027361418
0.00023785132
0.00020678955
0.00017980192
0.00015634571
0.0001359516
0.00011821397
0.00010278234
8.9353781e-05
7.7666341e-05
6.7493305e-05
5.8638271e-05
5.0930897e-05
4.4223267e-05
3.8386786e-05
3.3309516e-05
2.8893921e-05
2.5054915e-05
2.171816e-05
1.8818463e-05
1.6298087e-05
1.4104566e-05
0.0083979668
0.0075422568
0.0067523295
0.006026826
0.0053636241
0.0047600948
0.0042132613
0.0037199004
0.0032766174
0.0028799106
0.0025262333
0.0022120502
0.0019338892
0.001688387
0.001472326
0.0012826639
0.0011165551
0.0009713642
0.00084467265
0.0007342798
0.00063819846
0.00055464676
0.00048203699
0.00041896245
0.00036418304
0.00031661035
0.00027529273
0.00023940073
0.00020821336
0.00018110517
0.00015753445
0.00013703254
0.00011919415
0.00010366893
9.0153886e-05
7.8386894e-05
6.8140971e-05
5.9219384e-05
5.1451431e-05
4.4688812e-05
3.8802542e-05
3.3680298e-05
2.9224168e-05
2.534871e-05
2.1979243e-05
1.9050266e-05
1.6503934e-05
1.4289749e-05
0.0092885759
0.0083698479
0.0075182484
0.0067322571
0.0060103425
0.0053503522
0.0047496595
0.0042053026
0.003714079
0.0032726173
0.0028774414
0.0025250311
0.0022118781
0.0019345375
0.0016896723
0.0014740902
0.0012847726
0.0011188956
0.00097384368
0.00084721593
0.00073682717
0.00064070363
0.00055707482
0.00048436261
0.00042116819
0.00036625789
0.00031854842
0.00027709216
0.00024106274
0.00020974146
0.00018250455
0.00015881143
0.00013819415
0.00012024785
0.0001046223
9.1014505e-05
7.9162138e-05
6.8837952e-05
5.9844875e-05
5.2011821e-05
4.5190089e-05
3.925028e-05
3.4079665e-05
2.9579934e-05
2.5665268e-05
2.2260639e-05
1.9300255e-05
1.6726207e-05
1.4489034e-05
0.0092542395
0.00833946
0.0074922268
0.0067104433
0.0059923893
0.0053358628
0.0047382341
0.0041965558
0.0037076462
0.0032681588
0.0028746443
0.002523611
0.0022115796
0.0019351341
0.0016909659
0.0014759098
0.0012869726
0.001121354
0.00097645968
0.0008499078
0.0007395299
0.00064336663
0.00055965984
0.00048684173
0.00042352207
0.00036847414
0.00032062026
0.00027901714
0.00024284182
0.00021137812
0.00018400407
0.00016018039
0.00013943993
0.0001213783
0.00010564545
9.1938373e-05
7.9994574e-05
6.9586527e-05
6.0516809e-05
5.2613938e-05
4.5728785e-05
3.9731521e-05
3.4508982e-05
2.996244e-05
2.6005677e-05
2.2563294e-05
1.9569192e-05
1.6965287e-05
1.4702383e-05
0.0092159863
0.0083063611
0.0074639938
0.0066867676
0.0059728745
0.0053200801
0.0047257554
0.0041869681
0.0037005585
0.0032632063
0.0028714909
0.0025219507
0.0022111374
0.0019356662
0.0016922587
0.0014777788
0.0012892606
0.0011239291
0.00097921264
0.00085275004
0.00074239073
0.00064619094
0.0005624058
0.00048947869
0.0004260286
0.0003708364
0.00032283041
0.00028107214
0.00024474229
0.00021312744
0.00018560765
0.00016164501
0.00014077332
0.00012258868
0.00010674132
9.2928194e-05
8.0886676e-05
7.0388953e-05
6.1237241e-05
5.3259642e-05
4.6306584e-05
4.024778e-05
3.4969611e-05
3.0372904e-05
2.6371016e-05
2.2888154e-05
1.9857866e-05
1.7221789e-05
1.4930575e-05
0.0091741698
0.0082704056
0.0074334031
0.0066611138
0.0059517032
0.0053029251
0.0047121572
0.0041764842
0.0036927702
0.0032577224
0.0028679509
0.002520026
0.0022105329
0.0019361197
0.0016935404
0.0014796901
0.0012916322
0.0011266185
0.00098210206
0.00085574353
0.00074541165
0.00064917938
0.00056531613
0.0004922773
0.00042869188
0.00037334886
0.00032518313
0.00028326136
0.00024676824
0.00021499337
0.00018731902
0.00016320884
0.00014219762
0.0001238821
0.00010791276
9.3986609e-05
8.1840869e-05
7.1247447e-05
6.2008189e-05
5.3950768e-05
4.6925146e-05
4.0800556e-05
3.54629e-05
3.0812533e-05
2.6762359e-05
2.3236161e-05
2.0167091e-05
1.749643e-05
1.5174494e-05
0.0091288935
0.0082315097
0.0074003335
0.0066333694
0.005928779
0.0052843164
0.0046973708
0.0041650466
0.0036842334
0.0032516677
0.002863992
0.0025178112
0.0022097455
0.0019364786
0.0016947991
0.0014816352
0.0012940815
0.0011294188
0.00098512633
0.00085888819
0.00074859378
0.00065233398
0.00056839354
0.00049524079
0.00043151544
0.00037601528
0.00032768225
0.00028558864
0.00024892345
0.00021697958
0.00018914172
0.00016487521
0.000143716
0.00012526149
0.00010916252
9.5116165e-05
8.28595e-05
7.2164162e-05
6.2831621e-05
5.4689104e-05
4.7586093e-05
4.1391315e-05
3.5990167e-05
3.1282508e-05
2.718076e-05
2.3608248e-05
2.049769e-05
1.7789961e-05
1.5434964e-05
0.0090801304
0.0081895763
0.0073646659
0.0066034223
0.0059040039
0.0052641705
0.0046813258
0.0041525961
0.0036748984
0.0032450008
0.0028595803
0.0025152783
0.002208753
0.0019367254
0.0016960212
0.0014836038
0.0012966013
0.0011323252
0.00098828263
0.00086218281
0.00075193719
0.00065565585
0.00057163994
0.00049837164
0.0004345022
0.00037883884
0.00033033113
0.00028805739
0.00025121134
0.00021908943
0.00019107899
0.00016664725
0.00014533141
0.00012672966
0.00011049322
9.631928e-05
8.3944803e-05
7.3141154e-05
6.370942e-05
5.5476372e-05
4.8290989e-05
4.2021474e-05
3.6552692e-05
3.1783978e-05
2.7627246e-05
2.4005329e-05
2.0850479e-05
1.8103129e-05
1.5712729e-05
0.0090277653
0.0081444772
0.007326274
0.0065711583
0.0058772791
0.0052424029
0.0046639503
0.0041390719
0.0036647141
0.0032376788
0.00285468
0.0025123981
0.0022075313
0.0019368408
0.0016971916
0.0014855844
0.0012991829
0.0011353314
0.00099156678
0.00086562493
0.00075544085
0.00065914507
0.00057505628
0.0005016715
0.00043765431
0.00038182206
0.00033313252
0.00029067052
0.00025363486
0.00022132586
0.00019313373
0.00016852776
0.00014704655
0.00012828915
0.00011190726
9.7598202e-05
8.5098867e-05
7.4180353e-05
6.4643361e-05
5.6314196e-05
4.9041316e-05
4.2692379e-05
3.7151693e-05
3.2318043e-05
2.8102803e-05
2.4428287e-05
2.1226251e-05
1.8436655e-05
1.6008476e-05
0.0089715845
0.0080960532
0.0072850241
0.0065364625
0.0058485058
0.005218929
0.0046451722
0.0041244123
0.003653628
0.0032296573
0.0028492538
0.0025091394
0.0022060548
0.0019368038
0.0016982932
0.0014875634
0.0013018159
0.0011384295
0.00099497309
0.00086921069
0.00075910239
0.00066280052
0.00057864246
0.00050514104
0.00044097303
0.00038496666
0.00033608847
0.00029343029
0.00025619641
0.00022369134
0.00019530842
0.00017051918
0.00014886377
0.00012994222
0.00011340678
9.8954959e-05
8.632359e-05
7.5283524e-05
6.5635077e-05
5.7204078e-05
4.983845e-05
4.3405284e-05
3.7788309e-05
3.2885731e-05
2.8608359e-05
2.4877958e-05
2.1625759e-05
1.8791225e-05
1.6322842e-05
0.0089113147
0.0080441327
0.007240782
0.006499222
0.0058175872
0.0051936654
0.0046249193
0.0041085554
0.0036415869
0.003220891
0.002843263
0.0025054695
0.002204296
0.0019365918
0.0016993071
0.0014895255
0.0013044879
0.0011416101
0.00099849425
0.00087293469
0.00076291804
0.00066661975
0.00058239712
0.00050877979
0.00044445863
0.00038827344
0.0003392002
0.00029633824
0.00025889774
0.00022618776
0.000197605
0.00017262348
0.00015078503
0.0001316908
0.00011499363
0.00010039131
8.7620633e-05
7.6452225e-05
6.668602e-05
5.8147363e-05
5.0683631e-05
4.4161326e-05
3.8463577e-05
3.3487986e-05
2.9144768e-05
2.5355115e-05
2.2049702e-05
1.9167476e-05
1.665641e-05
0.0088467691
0.0079885667
0.0071934243
0.0064593306
0.0057844306
0.005166531
0.0046031209
0.0040914394
0.0036285372
0.0032113332
0.0028366677
0.002501354
0.0022022256
0.0019361795
0.0017002127
0.0014914536
0.0013071849
0.0011448615
0.0010021211
0.00087678984
0.0007668824
0.00067059884
0.00058631753
0.00051258603
0.00044811019
0.00039174216
0.00034246798
0.00029939503
0.00026173982
0.00022881629
0.00020002481
0.00017484208
0.0001528118
0.00013353635
0.00011666927
0.00010190867
8.8991364e-05
7.7687757e-05
6.7797415e-05
5.9145199e-05
5.1577923e-05
4.496149e-05
3.9178402e-05
3.4125635e-05
2.9712787e-05
2.5860445e-05
2.2498709e-05
1.9565982e-05
1.7009704e-05
0.0087778584
0.0079292449
0.0071428445
0.0064166908
0.0057489484
0.0051374477
0.0045797077
0.0040730032
0.0036144252
0.003200937
0.0028294267
0.0024967572
0.0021998127
0.0019355407
0.0017009874
0.0014933284
0.0013098908
0.0011481705
0.0010058427
0.00088076717
0.00077098833
0.00067473217
0.00059039941
0.0005165566
0.00045192548
0.00039537136
0.00034589098
0.00030260034
0.00026472272
0.00023157731
0.00020256847
0.00017717577
0.00015494499
0.00013547985
0.00011843472
0.00010350807
9.0436795e-05
7.8991107e-05
6.8970214e-05
6.0198489e-05
5.2522181e-05
4.5806573e-05
3.9933527e-05
3.4799367e-05
3.0313047e-05
2.6394529e-05
2.2973312e-05
1.9987232e-05
1.7383175e-05
0.0087045345
0.0078660835
0.0070889514
0.0063712144
0.0057110586
0.0051063407
0.0045546125
0.0040531866
0.0035991971
0.0031896547
0.0028214978
0.002491642
0.0021970248
0.0019346469
0.0017016065
0.0014951286
0.0013125872
0.0011515214
0.0010096459
0.00088485568
0.0007752267
0.00067901228
0.00059463674
0.0005206867
0.00045590075
0.00039915817
0.00034946709
0.00030595267
0.00026784545
0.00023447026
0.00020523571
0.00017962456
0.00015718479
0.00013752165
0.00012029042
0.00010519004
9.1957504e-05
8.0362878e-05
7.0205026e-05
6.1307839e-05
5.3516995e-05
4.6697145e-05
4.0729492e-05
3.5509689e-05
3.0946026e-05
2.6957813e-05
2.3473924e-05
2.0431609e-05
1.7777179e-05
0.0086267442
0.0077990065
0.0070316611
0.0063228184
0.005670683
0.0050731382
0.0045277695
0.00403193
0.0035827992
0.0031774379
0.0028128378
0.0024859697
0.0021938275
0.0019334676
0.001702043
0.0014968306
0.0013152535
0.0011548963
0.001013515
0.00088904205
0.00077958618
0.00068342959
0.00059902148
0.00052496965
0.00046003052
0.00040309813
0.0003531927
0.00030944916
0.00027110578
0.00023749341
0.00020802527
0.00018218751
0.00015953058
0.00013966137
0.00012223618
0.00010695452
9.3553542e-05
8.1803205e-05
7.1502048e-05
6.2473489e-05
5.4562631e-05
4.7633487e-05
4.1566585e-05
3.625689e-05
3.1612006e-05
2.755057e-05
2.400081e-05
2.0899365e-05
1.8191952e-05
0.0085444145
0.0077279316
0.0069708898
0.0062714216
0.0056277453
0.0050377693
0.0044991139
0.004009174
0.0035651774
0.0031642374
0.0028034018
0.0024796996
0.0021901839
0.0019319697
0.0017022671
0.0014984078
0.0013178661
0.0011582743
0.001017432
0.00089331031
0.00078405286
0.00068797206
0.00060354326
0.00052939659
0.00046430723
0.00040718484
0.00035706245
0.00031308532
0.00027449997
0.00024064369
0.00021093462
0.0001848626
0.00016198072
0.00014189768
0.00012427096
0.00010880071
9.5224307e-05
8.3311642e-05
7.286096e-05
6.3695219e-05
5.5658951e-05
4.8615524e-05
4.244478e-05
3.7040981e-05
3.2311024e-05
2.8172858e-05
2.455404e-05
2.1390582e-05
1.8627585e-05
0.0084574373
0.0076527586
0.0069065453
0.0062169394
0.0055821676
0.0050001624
0.0044685795
0.0039848578
0.0035462756
0.0031500015
0.0027931423
0.0024727883
0.0021860543
0.0019301169
0.0017022458
0.0014998306
0.0013203982
0.0011616314
0.001021375
0.00089764123
0.00078860971
0.00069262466
0.0006081889
0.00053395596
0.00046872082
0.00041140957
0.00036106878
0.00031685465
0.00027802246
0.00024391634
0.00021395972
0.00018764638
0.00016453229
0.00014422815
0.00012639273
0.00011072691
9.6968375e-05
8.488701e-05
7.428079e-05
6.4972232e-05
5.6805302e-05
4.9642725e-05
4.3363647e-05
3.7861615e-05
3.3042805e-05
2.8824456e-05
2.5133442e-05
2.1905125e-05
1.9083974e-05
0.0083656486
0.0075733589
0.0068385209
0.0061592785
0.0055338661
0.0049602407
0.0044360956
0.0039589159
0.0035260331
0.003134674
0.0027820074
0.0024651876
0.0021813943
0.0019278683
0.0017019422
0.0015010637
0.001322818
0.0011649387
0.0010253182
0.00090201133
0.00079323562
0.00069736849
0.0006129415
0.00053863276
0.00047325797
0.00041576057
0.00036520134
0.00032074807
0.00028166529
0.00024730442
0.00021709452
0.00019053361
0.00016718076
0.00014664885
0.00012859809
0.0001127302
9.8783254e-05
8.6527177e-05
7.5759717e-05
6.6302975e-05
5.8000364e-05
5.0713967e-05
4.4322234e-05
3.8717984e-05
3.3806663e-05
2.9504785e-05
2.5738524e-05
2.2442578e-05
1.9560766e-05
0.0082688368
0.007489577
0.0067666905
0.0060983304
0.0054827436
0.0049179158
0.0044015807
0.0039312728
0.0035043797
0.0031181895
0.0027699361
0.0024568407
0.002176151
0.0019251748
0.0017013096
0.0015020659
0.0013250871
0.001168161
0.0010292292
0.0009063911
0.00079790376
0.00070217924
0.00061777912
0.00054340722
0.00047790098
0.00042022197
0.00036944598
0.00032475298
0.00028541728
0.00025079804
0.00022033029
0.00019351661
0.00016991938
0.00014915388
0.00013088188
0.00011480607
0.00010066501
8.8228723e-05
7.7294773e-05
6.7684876e-05
5.9241911e-05
5.1827328e-05
4.5318879e-05
3.9608655e-05
3.4601361e-05
3.0212777e-05
2.6368362e-05
2.3002143e-05
2.0057274e-05
0.0081667776
0.0074012353
0.0066909017
0.0060339593
0.0054286773
0.0048730753
0.0043649314
0.0039018329
0.0034812266
0.0031004655
0.0027568514
0.002447676
0.0021702576
0.0019219741
0.0017002908
0.0015027835
0.001327156
0.0011712524
0.0010330658
0.00091074187
0.00080257874
0.00070702461
0.00062267236
0.00054825266
0.00048262567
0.00042477197
0.00037378307
0.00032885177
0.00028926268
0.00025438313
0.00022365451
0.00019658423
0.00017273829
0.0001517345
0.00013323639
0.00011694775
0.0001026077
8.998643e-05
7.888139e-05
6.9113943e-05
6.052646e-05
5.2979771e-05
4.635094e-05
4.0531329e-05
3.5424898e-05
3.0946687e-05
2.7021438e-05
2.3582491e-05
2.0572339e-05
0.008059248
0.0073081173
0.0066109525
0.0059659795
0.0053714969
0.0048255629
0.0043260037
0.0038704631
0.0034564508
0.0030813877
0.0027426474
0.0024375949
0.0021636225
0.0019181812
0.001698807
0.0015031431
0.0013289569
0.0011741503
0.0010367702
0.00091501037
0.00080721163
0.00071185975
0.00062758024
0.00055313173
0.00048739808
0.00042937978
0.00037818477
0.00033301931
0.00029317887
0.00025803939
0.00022704901
0.00019972028
0.00017562303
0.00015437788
0.00013565027
0.00011914518
0.00010460243
9.1792469e-05
8.0512683e-05
7.0584132e-05
6.1848712e-05
5.4166658e-05
4.7414361e-05
4.1482462e-05
3.627418e-05
3.1703811e-05
2.7695375e-05
2.4181535e-05
2.1104126e-05
0.0079459295
0.0072099051
0.0065265423
0.0058941124
0.0053109461
0.004775143
0.0042845812
0.0038369642
0.0034298686
0.0030607867
0.0027271673
0.0024264524
0.0021561116
0.0019136719
0.0016967429
0.0015030378
0.0013303909
0.0011767636
0.0010402585
0.00091911937
0.00081173149
0.00071661967
0.0006324433
0.00055799015
0.00049216882
0.00043400051
0.00038261041
0.00033721886
0.00029713273
0.00026173705
0.00023048706
0.00020290082
0.00017855227
0.00015706501
0.00013810659
0.00012138336
0.00010663594
9.3635125e-05
8.2178324e-05
7.2086354e-05
6.3200683e-05
5.5380986e-05
4.8503008e-05
4.2456687e-05
3.7144508e-05
3.2480027e-05
2.8386538e-05
2.4796038e-05
2.1649764e-05
0.0078262755
0.0071060841
0.0064371937
0.0058179185
0.0052466211
0.0047214453
0.0042403238
0.003801024
0.0034011927
0.003038398
0.0027101675
0.002414024
0.0021475177
0.0019082552
0.0016939228
0.0015023071
0.0013313079
0.001178954
0.0010434036
0.00092295227
0.00081603147
0.00072120656
0.00063717223
0.00056274652
0.00049686382
0.00043856697
0.00038699913
0.00034139542
0.00030107468
0.0002654315
0.00023392867
0.00020609005
0.00018149401
0.00015976739
0.00014058002
0.00012363981
0.00010868831
9.5496804e-05
8.3862794e-05
7.3606943e-05
6.4570359e-05
5.6612212e-05
4.9607642e-05
4.3445914e-05
3.8028796e-05
3.3269097e-05
2.908937e-05
2.5420971e-05
2.2204719e-05
0.0076993744
0.0069958189
0.0063421412
0.0057366957
0.0051778781
0.0046638787
0.0041926888
0.0037621435
0.0033699646
0.0030137999
0.0026912601
0.0023999527
0.0021375125
0.0019016288
0.001690068
0.0015006924
0.0013314728
0.0011805063
0.0010460082
0.00092632836
0.00081994638
0.00072546973
0.00064162974
0.00056727603
0.00050136982
0.00044297657
0.00039125822
0.00034546538
0.00030492947
0.00026905518
0.00023731328
0.00020923383
0.00018439995
0.00016244199
0.00014303233
0.00012588063
0.00011072955
9.7350997e-05
8.5542715e-05
7.5125319e-05
6.5939652e-05
5.7844463e-05
5.0714354e-05
4.4437967e-05
3.8916364e-05
3.4061578e-05
2.9795357e-05
2.6048431e-05
2.2761663e-05
0.0075637812
0.0068777916
0.006240177
0.0056493345
0.0051036964
0.0046015038
0.0041408116
0.0037195272
0.0033354522
0.0029863189
0.0026698257
0.0023836692
0.0021255728
0.0018933125
0.0016847384
0.0014977918
0.0013305189
0.0011810808
0.0010477622
0.00092896483
0.00082321859
0.00072917481
0.00064560306
0.00057138579
0.0005055123
0.00044707168
0.00039524559
0.0003493009
0.00030858231
0.00027250522
0.00024054888
0.00021225004
0.00018719693
0.00016502378
0.00014540581
0.0001280547
0.00011271445
9.9157799e-05
8.7182924e-05
7.6610548e-05
6.7281393e-05
5.9053913e-05
5.1802277e-05
4.5414575e-05
3.9791181e-05
3.4843261e-05
3.0491604e-05
2.666635e-05
0.0074172987
0.0067499871
0.0061294417
0.005554116
0.0050224869
0.0045328524
0.0040833361
0.0036719239
0.003296502
0.0029548926
0.0026448868
0.002364275
0.0021108737
0.0018825499
0.0016772412
0.0014929719
0.001327866
0.0011801524
0.0010481827
0.00093042251
0.00082544924
0.00073196002
0.00064876455
0.00057477963
0.000509024
0.00045061159
0.00039874482
0.00035270776
0.00031185922
0.00027562604
0.00024349664
0.00021501498
0.00018977495
0.00016741511
0.00014761393
0.00013008546
0.0001145754
0.00010085761
8.8730954e-05
7.8016512e-05
6.8555104e-05
6.0205082e-05
5.2840353e-05
4.6348574e-05
4.062946e-05
3.5593219e-05
3.1159714e-05
0.0072567251
0.0066094174
0.0060071519
0.005448452
0.0049318462
0.0044556955
0.0040181984
0.0036174245
0.0032513508
0.0029178947
0.0026149455
0.0023403923
0.0020921498
0.0018681806
0.0016665139
0.0014852607
0.001322626
0.0011769166
0.0010465438
0.00093003579
0.00082603299
0.00073327781
0.00065061988
0.0005770118
0.00051150368
0.0004532358
0.0004014326
0.00035539649
0.00031450146
0.00027818677
0.00024595088
0.00021734577
0.00019197165
0.00016947207
0.00014952934
0.00013186041
0.00011621315
0.00010236299
9.0109882e-05
7.9275642e-05
6.9701513e-05
6.1246049e-05
5.3783161e-05
4.7200314e-05
4.1396771e-05
3.6281939e-05
0.0070775016
0.0064518006
0.005869298
0.005328596
0.0048282808
0.0043667817
0.0039423776
0.0035532276
0.0031974052
0.002872929
0.0025777917
0.0023099869
0.0020675324
0.0018484911
0.0016509883
0.0014732263
0.0013134948
0.0011701793
0.0010417654
0.00092684008
0.00082409711
0.00073233473
0.00065044986
0.00057743466
0.00051236971
0.00045442279
0.00040284212
0.00035695
0.00031613691
0.00027985592
0.00024761676
0.00021898053
0.00019355482
0.00017098907
0.00015097026
0.00013321906
0.0001174862
0.00010354936
9.121018e-05
8.0291756e-05
7.0636267e-05
6.2102929e-05
5.4566099e-05
4.7913546e-05
4.2045017e-05
3.6872376e-05
0.0068733799
0.0062712595
0.0057103618
0.0051893779
0.0047069569
0.0042616012
0.0038516751
0.0034754328
0.0031310498
0.0028166514
0.0025303395
0.0022702173
0.0020344108
0.0018210881
0.0016284757
0.0014548709
0.0012986526
0.0011582882
0.001032339
0.00091946232
0.00081841079
0.0007280339
0.00064727507
0.00057516702
0.000510829
0.00045346003
0.00040233445
0.00035679671
0.00031625592
0.00028017996
0.00024809125
0.0002195616
0.00019420746
0.00017168551
0.00015168868
0.00013394247
0.00011820156
0.00010424677
9.1882365e-05
8.0933535e-05
7.1244139e-05
6.2674733e-05
5.510075e-05
4.8410836e-05
4.2505535e-05
3.7297587e-05
0.0066363447
0.0060602404
0.0055232401
0.0050241321
0.0045616333
0.0041343236
0.0037406569
0.0033789876
0.0030475982
0.0027447258
0.0024685865
0.0022173982
0.0019894001
0.0017828703
0.0015961407
0.0014276087
0.0012757465
0.0011391082
0.0010163341
0.00090615333
0.00080738424
0.00071893433
0.00063979717
0.00056904997
0.00050585017
0.00044943054
0.00039909462
0.00035421183
0.00031421247
0.00027858322
0.00024686204
0.00021863367
0.00019352541
0.00017120309
0.00015136731
0.00013375001
0.0001181113
0.00010423658
9.1933908e-05
8.1031631e-05
7.1376327e-05
6.2830847e-05
5.5272556e-05
4.8591742e-05
4.2690351e-05
3.7482172e-05
0.0063569822
0.0058098634
0.0052995779
0.0048250154
0.0043849644
0.0039780856
0.0036029266
0.0032579456
0.0029415364
0.0026520521
0.0023878277
0.0021472
0.001928526
0.0017301983
0.001550659
0.0013884099
0.0012420216
0.0011101393
0.0009914873
0.00088487136
0.00078917933
0.00070338074
0.00062652488
0.00055773837
0.0004962218
0.0004412459
0.00039214725
0.00034832391
0.00030923117
0.00027437712
0.00024331821
0.00021565515
0.00019102896
0.00016911721
0.00014963062
0.00013230978
0.00011692226
0.00010325985
9.1136152e-05
8.0384335e-05
7.0855086e-05
6.2414804e-05
5.4943923e-05
4.8335405e-05
4.2493505e-05
3.7333826e-05
0.0060254975
0.0055108987
0.0050307012
0.0045838951
0.004169343
0.0037857892
0.0034318773
0.0031061725
0.0028071832
0.0025333821
0.0022832267
0.0020551768
0.0018477113
0.0016593418
0.0014886251
0.0013341725
0.0011946578
0.0010688228
0.00095548137
0.00085352126
0.00076190535
0.000679671
0.00060592866
0.00053985964
0.00048071318
0.00042780313
0.00038050417
0.00033824801
0.00030051941
0.0002668522
0.0002368254
0.0002100594
0.00018621242
0.00016497703
0.00014607704
0.00012926448
0.0001143169
0.00010103483
8.9239488e-05
7.8770715e-05
6.9485047e-05
6.1254009e-05
5.3962541e-05
4.7507565e-05
4.1796819e-05
3.6748751e-05
0.0056334127
0.0051553875
0.0047091575
0.004293808
0.0039082771
0.0035513946
0.003221903
0.0029184767
0.0026397414
0.002384293
0.0021507145
0.001937593
0.0017435333
0.0015671708
0.001407182
0.0012622932
0.0011312871
0.0010130081
0.00090636558
0.00081033599
0.00072396362
0.00064636024
0.00057670393
0.00051423708
0.00045826394
0.00040814759
0.00036330673
0.00032321227
0.00028738374
0.00025538581
0.00022682477
0.00020134511
0.00017862633
0.00015837982
0.00014034594
0.00012429138
0.00011000657
9.7303458e-05
8.6013328e-05
7.5984904e-05
6.7082583e-05
5.9184837e-05
5.2182752e-05
4.5978698e-05
4.0485235e-05
3.5624887e-05
0.0051756324
0.004738592
0.0043305507
0.0039506803
0.003597997
0.0032714191
0.0029697904
0.0026918977
0.0024364873
0.0022022814
0.0019879932
0.0017923412
0.0016140612
0.0014519176
0.0013047126
0.0011712932
0.0010505579
0.00094146018
0.00084301213
0.00075428586
0.00067441428
0.00060259077
0.00053806814
0.0004801569
0.00042822311
0.00038168573
0.0003400138
0.00030272345
0.00026937473
0.00023956853
0.00021294347
0.00018917287
0.00016796188
0.0001490447
0.00013218201
0.00011715852
0.00010378071
9.1874752e-05
8.1284598e-05
7.1870216e-05
6.3505995e-05
5.6079287e-05
4.9489067e-05
4.3644716e-05
3.8465013e-05
3.3877884e-05
0.0046522604
0.0042606844
0.0038951056
0.0035547751
0.0032387901
0.0029461622
0.0026758412
0.0024267308
0.0021977028
0.0019876108
0.0017953036
0.0016196367
0.001459483
0.0013137422
0.0011813485
0.0010612769
0.0009525482
0.00085423243
0.00076545151
0.00068538056
0.00061324838
0.00054833716
0.00048998156
0.00043756716
0.00039052852
0.00034834699
0.00031054815
0.00027669923
0.0002464064
0.000219312
0.00019509188
0.00017345276
0.00015412967
0.00013688357
0.00012149903
0.00010778209
9.5558303e-05
8.4670841e-05
7.4978823e-05
6.6355751e-05
5.8688083e-05
5.1873932e-05
4.5821857e-05
4.0449748e-05
3.5683819e-05
0.0040695725
0.0037276126
0.0034084358
0.0031113677
0.0028355935
0.0025802255
0.002344327
0.0021269256
0.0019270255
0.0017436189
0.0015756966
0.0014222582
0.0012823202
0.0011549245
0.0010391442
0.00093408904
0.00083890905
0.00075279757
0.00067499312
0.00060478045
0.00054149085
0.0004845018
0.00043323607
0.0003871604
0.00034578381
0.00030865565
0.00027536344
0.00024553067
0.00021881441
0.00019490305
0.00017351393
0.00015439111
0.00013730321
0.00012204134
0.00010841709
9.6260748e-05
8.5419545e-05
7.5756082e-05
6.7146853e-05
5.9480898e-05
5.2658574e-05
4.6590418e-05
4.1196124e-05
3.6403624e-05
3.2148434e-05
0.003439851
0.0031508955
0.0028813095
0.0026304944
0.0023977324
0.0021822475
0.0019832262
0.0017998293
0.001631202
0.0014764831
0.001334813
0.0012053424
0.0010872386
0.00097969192
0.00088192081
0.00079317544
0.00071274084
0.00063993906
0.00057413054
0.00051471483
0.00046113073
0.00041285587
0.00036940586
0.00033033316
0.0002952256
0.00026370473
0.00023542404
0.00021006703
0.00018734533
0.00016699672
0.00014878322
0.00013248924
0.00011791975
0.00010489853
9.3266626e-05
8.2880723e-05
7.361177e-05
6.5343632e-05
5.7971867e-05
5.1402602e-05
4.5551497e-05
4.0342806e-05
3.5708521e-05
3.158761e-05
2.7925393e-05
0.0027803518
0.002546616
0.0023286754
0.0021260142
0.0019380246
0.0017640541
0.0016034241
0.0014554388
0.0013193929
0.0011945789
0.0010802942
0.00097584619
0.00088055875
0.0007937758
0.00071486519
0.00064322156
0.00057826852
0.00051946009
0.00046628169
0.00041825054
0.00037491567
0.00033585745
0.00030068686
0.00026904449
0.00024059929
0.00021504728
0.00019211003
0.00017153318
0.00015308486
0.00013655416
0.00012174958
0.00010849755
9.6640968e-05
8.6037864e-05
7.6560068e-05
6.8091996e-05
6.0529515e-05
5.3778874e-05
4.7755727e-05
4.2384231e-05
3.7596225e-05
3.333047e-05
2.9531976e-05
2.6151382e-05
2.3144385e-05
0.0021115848
0.0019338006
0.0017681431
0.0016141914
0.0014714604
0.0013394342
0.0012175789
0.0011053508
0.0010022017
0.00090758456
0.000820958
0.00074179094
0.000669566
0.00060378248
0.00054395905
0.00048963566
0.00044037492
0.00039576306
0.00035541059
0.00031895241
0.00028604767
0.00025637937
0.00022965372
0.00020559934
0.00018396629
0.00016452502
0.00014706529
0.00013139496
0.00011733886
0.00010473759
9.3446375e-05
8.3333957e-05
7.4281487e-05
6.6181512e-05
5.8936995e-05
5.2460396e-05
4.6672816e-05
4.15032e-05
3.6887597e-05
3.2768484e-05
2.9094149e-05
2.581812e-05
2.2898659e-05
2.0298291e-05
1.7983332e-05
0.0014550216
0.0013322847
0.0012180011
0.0011118584
0.0010135059
0.00092257337
0.00083868047
0.00076144176
0.000690471
0.00062538431
0.00056580334
0.00051135807
0.00046168874
0.00041644822
0.0003753036
0.00033793729
0.00030404787
0.00027335067
0.000245578
0.00022047912
0.00019782013
0.0001773836
0.00015896806
0.00014238748
0.00012747054
0.00011405988
0.00010201138
9.1193327e-05
8.1485597e-05
7.2778865e-05
6.4973814e-05
5.7980366e-05
5.1716943e-05
4.6109764e-05
4.1092182e-05
3.6604054e-05
3.2591158e-05
2.9004647e-05
2.5800546e-05
2.2939291e-05
2.0385304e-05
1.8106605e-05
1.607447e-05
1.4263099e-05
1.2649277e-05
0.00083054411
0.00076035607
0.00069504622
0.00063442252
0.00057827626
0.00052638896
0.00047853711
0.00043449529
0.00039403826
0.00035694299
0.00032299051
0.00029196723
0.00026366627
0.0002378885
0.00021444327
0.00019314901
0.00017383369
0.00015633498
0.00014050038
0.00012618719
0.00011326234
0.0001016022
9.1092265e-05
8.1626805e-05
7.3108466e-05
6.5447847e-05
5.8563046e-05
5.2379209e-05
4.6828062e-05
4.1847455e-05
3.7380918e-05
3.3377221e-05
2.9789958e-05
2.657715e-05
2.3700866e-05
2.1126869e-05
1.8824285e-05
1.6765296e-05
1.4924851e-05
1.3280407e-05
1.181169e-05
1.0500472e-05
9.330381e-06
8.2867089e-06
7.3562014e-06
0.00025426597
0.00023278443
0.00021280437
0.00019426304
0.00017709468
0.00016123117
0.00014660309
0.00013314066
0.00012077414
0.00010943471
9.9054969e-05
8.9569329e-05
8.091455e-05
7.3029792e-05
6.5856836e-05
5.9340282e-05
5.3427664e-05
4.8069508e-05
4.3219355e-05
3.8833737e-05
3.487213e-05
3.1296882e-05
2.8073117e-05
2.5168625e-05
2.2553745e-05
2.0201227e-05
1.8086102e-05
1.618554e-05
1.4478711e-05
1.2946646e-05
1.1572102e-05
1.0339433e-05
9.2344574e-06
8.2443447e-06
7.3574961e-06
6.5634393e-06
5.8527276e-06
5.2168459e-06
4.6481247e-06
4.13966e-06
3.6852413e-06
3.2792862e-06
2.9167849e-06
2.5932495e-06
)
;

boundaryField
{
    inletLow
    {
        type            fixedValue;
        value           nonuniform List<scalar> 0();
    }
    inletJet
    {
        type            fixedValue;
        value           nonuniform List<scalar> 0();
    }
    inletHigh
    {
        type            fixedValue;
        value           nonuniform List<scalar> 0();
    }
    outlet
    {
        type            inletOutlet;
        inletValue      nonuniform List<scalar> 0();
        value           nonuniform List<scalar> 0();
    }
    upperWall
    {
        type            inletOutlet;
        inletValue      uniform 0;
        value           uniform 0;
    }
    lowerWall
    {
        type            inletOutlet;
        inletValue      nonuniform List<scalar> 0();
        value           nonuniform List<scalar> 0();
    }
    frontAndBack
    {
        type            empty;
    }
    procBoundary0to1
    {
        type            processor;
        value           nonuniform List<scalar> 
80
(
2.4670388e-06
2.4688097e-06
2.4715769e-06
2.4754029e-06
2.865444e-06
2.865444e-06
2.8743014e-06
2.8827109e-06
2.8920182e-06
3.3529471e-06
3.3529471e-06
3.3695059e-06
3.9161644e-06
3.9161644e-06
3.9396191e-06
4.5854031e-06
4.5854031e-06
4.6177812e-06
5.3812956e-06
5.3812956e-06
5.4253847e-06
6.3308738e-06
6.3308738e-06
6.390538e-06
6.4525262e-06
6.5186064e-06
7.6150583e-06
7.6150583e-06
1.0420774e-05
7.7073062e-06
9.0167766e-06
1.0420774e-05
1.2199732e-05
1.2199732e-05
1.237017e-05
1.254946e-05
1.2739734e-05
1.2942503e-05
1.3158886e-05
1.3389757e-05
1.3635846e-05
1.3897796e-05
1.4176194e-05
1.4471573e-05
1.4784412e-05
1.5115124e-05
1.5464035e-05
1.5831372e-05
1.6217224e-05
1.6621517e-05
1.7043954e-05
1.7483943e-05
1.7940479e-05
1.8411955e-05
1.8895817e-05
1.9387917e-05
1.9881864e-05
2.3313706e-05
2.3313706e-05
2.7268242e-05
2.7268242e-05
3.1786239e-05
3.1786239e-05
3.2319949e-05
3.2709995e-05
3.2890865e-05
3.2781695e-05
3.229128e-05
3.1329166e-05
2.9819709e-05
3.1461084e-05
3.1461084e-05
2.8373383e-05
2.4672791e-05
2.0470957e-05
1.5923192e-05
1.1211834e-05
6.5267087e-06
2.3044168e-06
2.3044168e-06
)
;
    }
    procBoundary0to2
    {
        type            processor;
        value           nonuniform List<scalar> 
66
(
0.0095841888
0.0095871947
0.0095890723
0.009589781
0.0095893967
0.009588102
0.0095861505
0.009583433
0.0095799184
0.0095755444
0.0095701727
0.0095635366
0.009555537
0.0095461162
0.0095352135
0.0095227623
0.0095086901
0.0094929064
0.0094753052
0.0094557657
0.0094341478
0.0094102807
0.0093839373
0.0093547745
0.0093221831
0.0093221831
0.010273524
0.010233181
0.010189349
0.010141756
0.010090328
0.010035024
0.0099757792
0.0099122525
0.0098431197
0.0097687271
0.0096892748
0.0096048162
0.0095153308
0.0094207589
0.0093209944
0.0092158332
0.0091049366
0.008987968
0.0088647351
0.0087349673
0.0085981012
0.0084531441
0.0082985045
0.0081317457
0.0079494572
0.0077468148
0.0075171802
0.0072520686
0.0069415222
0.0065751675
0.0061439839
0.0056424887
0.0050706898
0.0044351742
0.0037489947
0.0030306179
0.002302107
0.0015866676
0.00090588987
0.00027733666
)
;
    }
    procBoundary0to4
    {
        type            processor;
        value           nonuniform List<scalar> 6(5.9621916e-06 5.1480879e-06 4.4442571e-06 3.8362709e-06 3.31131e-06 2.8581519e-06);
    }
    procBoundary0to5
    {
        type            processor;
        value           nonuniform List<scalar> 
52
(
0.0086196844
0.0077262426
0.0069023703
0.0061465828
0.0054566149
0.0048296866
0.0042626428
0.0037520546
0.0032942998
0.0028856356
0.0025222662
0.0022004054
0.0019163345
0.0016664516
0.0014473133
0.0012556675
0.0010884765
0.00094293276
0.00081646566
0.00070674235
0.00061166272
0.00052934989
0.00045813766
0.00039655549
0.00034331245
0.00029728041
0.0002574775
0.00022305195
0.00019326695
0.00016748649
0.00014516245
0.00012582303
0.00010906229
9.4531065e-05
8.1928925e-05
7.0997211e-05
6.1513035e-05
5.3284116e-05
4.6144376e-05
3.9950176e-05
3.4577121e-05
2.9917343e-05
2.5877198e-05
2.2375315e-05
1.9340934e-05
1.6712492e-05
1.4436425e-05
1.2466139e-05
1.0761108e-05
9.2860472e-06
8.0102132e-06
6.908256e-06
)
;
    }
}


// ************************************************************************* //
