/*--------------------------------*- C++ -*----------------------------------*\
| =========                 |                                                 |
| \\      /  F ield         | OpenFOAM: The Open Source CFD Toolbox           |
|  \\    /   O peration     | Version:  2312                                  |
|   \\  /    A nd           | Website:  www.openfoam.com                      |
|    \\/     M anipulation  |                                                 |
\*---------------------------------------------------------------------------*/
FoamFile
{
    version     2.0;
    format      ascii;
    arch        "LSB;label=32;scalar=64";
    class       volScalarField;
    location    "0.03";
    object      H2O;
}
// * * * * * * * * * * * * * * * * * * * * * * * * * * * * * * * * * * * * * //

dimensions      [0 0 0 0 0 0 0];

internalField   nonuniform List<scalar> 
3251
(
0.054057027
0.052403286
0.050692107
0.048931728
0.047130613
0.045297511
0.04344138
0.041571284
0.039696255
0.037825158
0.035966547
0.034128545
0.032318726
0.03054403
0.028810691
0.027124193
0.025489245
0.023909778
0.022388958
0.020929216
0.01953229
0.018199274
0.01693068
0.01572649
0.014586223
0.013508997
0.012493582
0.01153846
0.010641875
0.0098018793
0.0090163787
0.0082831678
0.007599965
0.0069644413
0.006374246
0.0058270285
0.0053204564
0.0048522313
0.0044201016
0.0040218733
0.0036554182
0.0033186803
0.0030096813
0.0027265247
0.0024673984
0.0022305766
0.002014421
0.0018173819
0.0016379984
0.001474898
0.0013267966
0.0011925321
0.001071071
0.00096127212
0.00086204332
0.00077245911
0.00069167444
0.00061890727
0.054055903
0.052402295
0.05069128
0.048931075
0.047130122
0.045297171
0.043441182
0.041571218
0.039696313
0.037825329
0.035966821
0.03412891
0.032319172
0.030544545
0.028811264
0.027124815
0.025489906
0.023910468
0.022389669
0.020929939
0.019533019
0.018200004
0.016931403
0.015727203
0.014586923
0.013509679
0.012494244
0.011539099
0.01064249
0.0098024694
0.0090169428
0.0082837055
0.007600476
0.0069649257
0.0063747042
0.0058274609
0.0053208636
0.004852614
0.0044204607
0.0040222098
0.003655733
0.0033189746
0.0030099566
0.0027267824
0.0024676404
0.0022308051
0.0020146388
0.0018175923
0.001638205
0.0014751047
0.0013270085
0.0011927469
0.0010712423
0.00096138153
0.00086210958
0.00077249472
0.0006916897
0.00061891636
0.054049964
0.052396522
0.050685722
0.048925765
0.047125069
0.045292379
0.043436655
0.041566958
0.039692319
0.037821597
0.035963348
0.034125689
0.032316194
0.030541801
0.028808745
0.027122508
0.0254878
0.023908551
0.022387929
0.020928364
0.019531596
0.018198722
0.016930252
0.01572617
0.014585999
0.013508855
0.01249351
0.011538448
0.010641913
0.00980196
0.0090164944
0.008283312
0.007600132
0.0069646262
0.0063744445
0.0058272369
0.0053206715
0.0048524504
0.0044203224
0.0040220941
0.0036556374
0.0033188971
0.0030098952
0.0027267358
0.0024676076
0.0022307857
0.002014633
0.0018176006
0.0016382283
0.0014751441
0.0013270654
0.0011928122
0.0010712829
0.00096138307
0.00086208052
0.00077244403
0.00069162545
0.00061884046
0.054039176
0.052385941
0.05067541
0.048915776
0.047115431
0.045283113
0.043427777
0.041558479
0.039684247
0.037813938
0.035956102
0.034118855
0.032309767
0.030535775
0.028803108
0.027117249
0.025482906
0.023904006
0.022383717
0.020924469
0.019528001
0.018195409
0.016927205
0.015723373
0.014583434
0.013506507
0.012491364
0.01153649
0.010640129
0.0098003371
0.0090150201
0.0082819749
0.0075989211
0.0069635315
0.0063734565
0.0058263467
0.0053198709
0.0048517316
0.0044196786
0.0040215185
0.0036551242
0.0033184407
0.0030094907
0.0027263789
0.0024672944
0.0022305131
0.0020143984
0.0018174019
0.0016380638
0.001475012
0.0013269631
0.0011927282
0.0010711919
0.00096127221
0.00086195224
0.00077230412
0.00069147923
0.00061866699
0.054023512
0.052370517
0.050660313
0.048901075
0.047101176
0.045269339
0.043414512
0.041545745
0.039672062
0.037802315
0.035945048
0.034108374
0.032299857
0.03052643
0.028794319
0.027109004
0.025475188
0.023896799
0.022377001
0.020918223
0.019522203
0.018190037
0.016922236
0.015718784
0.014579203
0.013502612
0.012487785
0.011533204
0.010637118
0.0097975812
0.0090125017
0.0082796768
0.0075968272
0.0069616263
0.0063717257
0.0058247768
0.0053184491
0.0048504461
0.0044185182
0.0040204729
0.0036541838
0.0033175966
0.0030087349
0.0027257039
0.0024666936
0.0022299805
0.0020139287
0.0018169905
0.0016377062
0.0014747037
0.001326698
0.0011924935
0.001070967
0.00096104478
0.00086172073
0.00077207214
0.00069125326
0.054004131
0.052351393
0.050641551
0.048882761
0.04708337
0.045252087
0.043397853
0.041529711
0.039656678
0.037787601
0.035931017
0.034095033
0.032287209
0.030514471
0.028783041
0.027098395
0.025465232
0.023887476
0.02236829
0.0209101
0.019514643
0.018183014
0.016915722
0.015712753
0.014573629
0.013497468
0.012483044
0.011528842
0.01063311
0.0097939034
0.0090091321
0.008276594
0.0075940108
0.0069590571
0.0063693853
0.005822648
0.0053165156
0.0048486928
0.0044169307
0.0040190379
0.0036528888
0.0033164301
0.0030076861
0.002724763
0.0024658516
0.0022292291
0.0020132606
0.0018163987
0.001637184
0.0014742442
0.0013262931
0.00119213
0.0010706279
0.00096071824
0.00086140266
0.00077176489
0.00069097782
0.053981781
0.052329309
0.050619859
0.048861559
0.04706273
0.045232065
0.043378491
0.041511046
0.039638744
0.037770422
0.035914612
0.034079413
0.032272378
0.030500428
0.028769779
0.027085901
0.02545349
0.023876466
0.022357988
0.02090048
0.019505678
0.018174674
0.016907977
0.015705573
0.014566983
0.013491326
0.012477376
0.01152362
0.010628306
0.0097894901
0.0090050835
0.0082728851
0.007590618
0.0069559578
0.0063665583
0.0058200731
0.0053141738
0.0048465661
0.0044150023
0.004017292
0.0036513107
0.003315006
0.0030064033
0.0027236097
0.0024648169
0.002228303
0.0020124338
0.0018156626
0.0016365302
0.0014736642
0.0013257771
0.0011916651
0.0010701984
0.00096031264
0.00086101523
0.00077139606
0.00069063786
0.053954691
0.052302517
0.050593523
0.048835793
0.04703762
0.04520768
0.04335489
0.041488275
0.039616838
0.037749418
0.035894533
0.034060274
0.032254187
0.030483185
0.028753479
0.02707053
0.02543903
0.023862893
0.022345275
0.020888598
0.019494593
0.018164352
0.016898383
0.015696671
0.014558736
0.013483697
0.012470331
0.011517123
0.010622323
0.0097839887
0.0090000321
0.0082682535
0.0075863773
0.0069520806
0.0063630185
0.0058168458
0.0053112359
0.0048438954
0.0044125782
0.0040150951
0.0036493227
0.00331321
0.0030047834
0.0027221512
0.0024635061
0.0022271274
0.0020113816
0.0018147228
0.0016356923
0.0014729172
0.0013251094
0.0011910622
0.0010696447
0.00095979551
0.0008605271
0.0007709335
0.00069019216
0.053922488
0.052270653
0.050562188
0.048805118
0.047007706
0.045178607
0.043326727
0.041461084
0.03959066
0.037724297
0.0358705
0.034037349
0.032232381
0.030462501
0.02873391
0.027052062
0.025421643
0.023846563
0.022329969
0.020874281
0.019481228
0.018151899
0.0168868
0.015685915
0.014548764
0.013474468
0.012461802
0.011509253
0.010615071
0.0097773163
0.0089939017
0.0082626291
0.0075812244
0.0069473663
0.0063587116
0.0058129167
0.0053076565
0.0048406395
0.0044096207
0.0040124128
0.0036468936
0.0033110136
0.0030028006
0.0027203641
0.0024618982
0.0022256832
0.0020100868
0.0018135638
0.0016346561
0.0014719909
0.0013242789
0.0011903119
0.0010689581
0.00095915894
0.00085993133
0.0007703714
0.053884769
0.052233332
0.050525478
0.048769168
0.046972628
0.045144497
0.043293665
0.04142914
0.0395599
0.037694755
0.03584222
0.034010357
0.032206693
0.030438119
0.02871083
0.02703027
0.025401115
0.02382727
0.022311877
0.02085735
0.019465414
0.018137156
0.01687308
0.015673169
0.014536943
0.013463521
0.01245168
0.011499908
0.010606456
0.0097693868
0.0089866128
0.0082559386
0.0075750919
0.0069417532
0.0063535811
0.005808234
0.0053033886
0.0048367552
0.0044060907
0.0040092094
0.003643991
0.0033083875
0.0030004282
0.0027182244
0.0024599713
0.0022239508
0.0020085315
0.0018121696
0.0016334074
0.0014708724
0.0013232747
0.0011894046
0.00106813
0.00095839519
0.00085922195
0.00076971277
0.053841095
0.052190142
0.050482998
0.048727555
0.046932011
0.045104983
0.043255348
0.041392101
0.039524212
0.037660469
0.035809385
0.033979003
0.032176839
0.030409772
0.028683983
0.027004909
0.025377217
0.0238048
0.022290796
0.020837614
0.019446973
0.018119957
0.016857069
0.015658288
0.014523136
0.013450731
0.01243985
0.011488983
0.010596382
0.0097601094
0.0089780821
0.0082481055
0.0075679096
0.0069351768
0.006347568
0.0058027437
0.0052983828
0.0048321975
0.0044019471
0.0040054477
0.003640581
0.0033053008
0.0029976385
0.0027157067
0.0024577026
0.0022219094
0.0020066973
0.0018105234
0.0016319312
0.0014695486
0.0013220852
0.0011883303
0.0010671515
0.00095749664
0.0008583928
0.053790999
0.05214065
0.050434327
0.048679871
0.046885454
0.045059674
0.043211397
0.041349601
0.039483243
0.037621096
0.035771667
0.033942973
0.03214252
0.030377173
0.028653101
0.026975726
0.025349706
0.023778926
0.022266514
0.020814873
0.019425718
0.018100128
0.016838603
0.015641122
0.014507204
0.013435968
0.012426192
0.011476365
0.010584743
0.0097493892
0.0089682219
0.0082390494
0.0075596035
0.0069275695
0.0063406104
0.0057963892
0.0052925873
0.0048269195
0.0043971471
0.0040010887
0.0036366282
0.0033017216
0.0029944022
0.0027127848
0.0024550683
0.0022195377
0.0020045646
0.0018086079
0.0016302121
0.0014680057
0.0013206985
0.0011870787
0.0010660138
0.00095645592
0.00085744473
0.053734011
0.052084405
0.050379023
0.048625682
0.046832533
0.04500816
0.043161411
0.041301252
0.039436623
0.037576296
0.03572872
0.033901937
0.032103422
0.030340024
0.028617898
0.026942452
0.02531833
0.023749408
0.022238806
0.020788917
0.019401452
0.018077484
0.016817511
0.01562151
0.014488998
0.013419095
0.012410578
0.011461938
0.010571432
0.0097371261
0.0089569405
0.0082286856
0.0075500963
0.0069188601
0.0063326431
0.0057891111
0.0052859481
0.0048208715
0.0043916456
0.0039960914
0.0036320954
0.0032976161
0.002990689
0.0027094312
0.0024520436
0.0022168131
0.0020021134
0.0018064049
0.0016282337
0.0014662295
0.0013191023
0.0011856396
0.0010647081
0.00095526484
0.053669658
0.052020932
0.05031662
0.048564532
0.046772804
0.044950005
0.043104968
0.041246644
0.039383956
0.037525659
0.035680179
0.033855545
0.032059211
0.030298008
0.028578073
0.026904801
0.02528282
0.023715995
0.022207434
0.020759524
0.019373966
0.018051832
0.016793613
0.015599285
0.014468363
0.013399966
0.012392873
0.011445577
0.010556335
0.0097232152
0.008944141
0.0082169255
0.0075393063
0.0069089742
0.0063235981
0.0057808471
0.0052784082
0.004814002
0.0043853956
0.0039904131
0.0036269439
0.0032929492
0.002986467
0.002705617
0.0024486024
0.0022137124
0.0019993226
0.0018038954
0.001625979
0.001464205
0.001317284
0.0011840027
0.001063226
0.00095392283
0.053597459
0.051949738
0.050246628
0.048495939
0.046705795
0.044884751
0.043041623
0.041185346
0.039324825
0.037468792
0.035625658
0.033803429
0.032009537
0.030250791
0.028533312
0.026862474
0.025242894
0.02367842
0.02217215
0.020726459
0.019343044
0.018022968
0.016766719
0.015574269
0.014445133
0.01337843
0.012372939
0.011427153
0.010539331
0.009707546
0.0089297221
0.0082036759
0.0075271483
0.0068978335
0.0063134038
0.0057715318
0.005269908
0.0048062564
0.0043783476
0.003984009
0.003621133
0.0032876839
0.0029817029
0.0027013122
0.0024447177
0.002210211
0.00199617
0.0018010596
0.0016234304
0.0014619165
0.0013152305
0.001182158
0.0010615583
0.053516899
0.051870299
0.050168531
0.048419397
0.046631011
0.044811913
0.042970906
0.041116904
0.039258792
0.037405278
0.035564751
0.033745204
0.03195403
0.030198024
0.02848328
0.026815159
0.025198255
0.023636404
0.02213269
0.020689478
0.019308454
0.017990676
0.016736628
0.015546278
0.014419138
0.013354328
0.012350627
0.011406529
0.010520296
0.0096900031
0.0089135775
0.0081888393
0.0075135328
0.006885356
0.0063019853
0.0057610969
0.0052603852
0.0047975782
0.0043704501
0.003976832
0.00361462
0.0032817818
0.0029763617
0.0026964852
0.0024403611
0.0022062834
0.0019926328
0.0017978768
0.0016205691
0.0014593475
0.0013129281
0.0011800966
0.0010597052
0.053427419
0.051782067
0.050081787
0.048334372
0.046547931
0.044730986
0.042892324
0.041040841
0.039185397
0.037334676
0.035497033
0.033680464
0.031892305
0.030139336
0.02842763
0.026762524
0.025148593
0.023589655
0.022088781
0.020648322
0.019269957
0.017954734
0.016703132
0.015515116
0.014390197
0.013327492
0.012325782
0.011383563
0.010499098
0.0096704655
0.0088955961
0.0081723135
0.0074983663
0.0068714563
0.0062892643
0.0057494709
0.0052497747
0.0047879079
0.0043616491
0.0039688333
0.0036073606
0.0032752026
0.0029704073
0.0026911035
0.0024355031
0.0022019032
0.0019886871
0.0017943253
0.0016173753
0.0014564805
0.0013103628
0.0011778097
0.053328436
0.051684464
0.049985825
0.048240307
0.046456008
0.044641437
0.042805362
0.040956656
0.039104158
0.037256525
0.035422114
0.033608787
0.031823956
0.030074345
0.028365997
0.026704224
0.025093581
0.023537867
0.022040134
0.020602723
0.0192273
0.017914906
0.016666013
0.015480582
0.014358122
0.013297749
0.012298244
0.011358106
0.0104756
0.0096488071
0.0088756619
0.0081539924
0.0074815512
0.0068560451
0.0062751594
0.0057365794
0.0052380086
0.0047771839
0.0043518884
0.0039599619
0.0035993087
0.0032679047
0.0029638019
0.0026851329
0.0024301131
0.0021970428
0.0019843082
0.0017903827
0.0016138285
0.0014532964
0.0013075188
0.0011753019
0.053219336
0.051576882
0.049880049
0.048136616
0.04635467
0.044542708
0.042709477
0.040863827
0.039014569
0.037170332
0.035339435
0.033529721
0.031748559
0.030002647
0.028297999
0.0266399
0.025032881
0.023480719
0.021986451
0.020552401
0.019180222
0.017870948
0.016625043
0.015442463
0.014322716
0.013264916
0.012267846
0.011330004
0.010449659
0.0096248965
0.0088536543
0.0081337651
0.0074629863
0.0068390297
0.0062595857
0.0057223451
0.0052250165
0.004765342
0.0043411099
0.0039501648
0.0035904163
0.0032598446
0.0029565063
0.0026785382
0.0024241595
0.0021916739
0.0019794706
0.0017860259
0.0016099068
0.0014497742
0.0013043749
0.0011725141
0.053099478
0.051458688
0.049763836
0.048022686
0.046243321
0.044434218
0.042604106
0.040761807
0.038916103
0.037075591
0.035248548
0.033442803
0.031665671
0.029923822
0.028223238
0.026569175
0.024966138
0.023417881
0.021927419
0.020497062
0.01912845
0.017822605
0.016579985
0.015400541
0.014283776
0.013228806
0.012234411
0.011299095
0.010421128
0.0095985975
0.0088294482
0.0081115168
0.0074425662
0.0068203137
0.0062424554
0.0057066878
0.0052107252
0.0047523156
0.0043292529
0.0039393874
0.0035806336
0.0032509773
0.0029484799
0.0026712828
0.0024176095
0.0021857673
0.0019741483
0.0017812314
0.0016055875
0.0014458909
0.0013009076
0.0011694131
0.052968191
0.051329217
0.049636533
0.047897882
0.046121336
0.044315361
0.04248866
0.040650028
0.038808214
0.036971777
0.035148957
0.033347551
0.031574835
0.029837436
0.028141304
0.026491662
0.024892986
0.023349006
0.021862715
0.020436405
0.019071701
0.017769615
0.016530594
0.015354586
0.014241091
0.013189222
0.012197761
0.011265213
0.010389851
0.009569769
0.0088029139
0.0080871288
0.0074201823
0.0067997978
0.0062236776
0.0056895245
0.0051950593
0.0047380362
0.0043162553
0.0039275728
0.0035699094
0.0032412565
0.0029396809
0.0026633292
0.0024104296
0.0021792932
0.0019683152
0.0017759756
0.0016008473
0.0014416219
0.001297101
0.052824774
0.05118778
0.049497465
0.047761538
0.04598807
0.044185507
0.042362528
0.040527899
0.038690331
0.036858345
0.035040137
0.033243464
0.031475574
0.029743038
0.028051769
0.026406956
0.024813045
0.023273737
0.021792004
0.020370116
0.019009683
0.017711703
0.016476617
0.015304365
0.014194443
0.013145963
0.012157709
0.011228186
0.010355673
0.0095382654
0.0087739179
0.0080604785
0.0073957223
0.0067773793
0.0062031586
0.0056707699
0.005177941
0.0047224329
0.0043020525
0.0039146628
0.0035581909
0.0032306344
0.0029300662
0.0026546386
0.0024025851
0.0021722212
0.0019619451
0.0017702365
0.0015956634
0.0014369389
0.001292958
0.0526685
0.051033661
0.049345929
0.047612969
0.045842849
0.044044001
0.042225077
0.040394808
0.038561867
0.03673473
0.034921547
0.03313002
0.031367398
0.029640162
0.027954191
0.026314641
0.024725922
0.023191707
0.02171494
0.020297871
0.018942093
0.017648589
0.016417792
0.015249633
0.014143606
0.013098821
0.012114062
0.011187837
0.010318428
0.009503937
0.0087423226
0.0080314399
0.0073690709
0.0067529527
0.0061808021
0.0056503362
0.0051592903
0.004705433
0.0042865786
0.0039005975
0.0035454237
0.0032190618
0.0029195915
0.0026451713
0.0023940405
0.0021645204
0.0019550126
0.0017639952
0.0015900155
0.052498624
0.050866128
0.049181201
0.04745146
0.045684978
0.043890169
0.042075653
0.040250124
0.038422214
0.03660035
0.034792631
0.033006673
0.031249804
0.029528329
0.027848118
0.026214288
0.024631214
0.023102535
0.021631168
0.020219339
0.018868621
0.017579985
0.01635385
0.015190142
0.01408835
0.013047582
0.012066623
0.011143984
0.010277951
0.00946663
0.008707987
0.0079998837
0.0073401098
0.0067264101
0.0061565095
0.0056281334
0.0051390253
0.004686962
0.004269766
0.0038853155
0.0035315524
0.0032064887
0.0029082114
0.0026348863
0.0023847595
0.0021561589
0.0019474926
0.0017572399
0.05231439
0.050684444
0.049002532
0.047276276
0.045513739
0.04372331
0.041913578
0.040093195
0.038270744
0.036454606
0.034652832
0.03287305
0.03112229
0.029407047
0.027733081
0.026105457
0.024528506
0.023005833
0.021540324
0.020134178
0.01878895
0.017505594
0.016284517
0.015125637
0.014028438
0.012992028
0.012015192
0.011096442
0.01023407
0.0094261874
0.0086707669
0.007965678
0.0073087181
0.0066976409
0.00613018
0.0056040697
0.0051170625
0.0046669441
0.0042515457
0.0038687542
0.0035165201
0.0031928635
0.0028958796
0.0026237419
0.0023747045
0.0021471036
0.0019393588
0.0017499717
0.05368359
0.052115054
0.050487815
0.048809145
0.047086655
0.04532839
0.043542708
0.041738159
0.03992335
0.038106815
0.036296879
0.034501544
0.032728396
0.030984303
0.02927581
0.027608605
0.025987697
0.024417375
0.022901203
0.021442034
0.020042041
0.018702755
0.017425113
0.01620951
0.015055856
0.01396363
0.012931936
0.011959561
0.011045021
0.010186611
0.009382449
0.0086305156
0.0079286882
0.007274773
0.006666533
0.0061017112
0.0055780518
0.0050933169
0.0046453018
0.0042318475
0.0038508501
0.0035002693
0.0031781342
0.0028825488
0.0026116952
0.0023638365
0.0021373187
0.0019305748
0.0017421144
0.053466027
0.051899749
0.050275408
0.048600233
0.046881814
0.045128169
0.043347623
0.041548682
0.039739904
0.037929767
0.036126537
0.034338151
0.032572103
0.030835286
0.029134098
0.0274742
0.02586055
0.024297389
0.02278824
0.02133592
0.019942572
0.018609705
0.017338236
0.016128546
0.014980537
0.01389368
0.01286708
0.011899523
0.010989528
0.010135397
0.0093352526
0.0085870843
0.007888778
0.0072381498
0.0066329724
0.0060709993
0.0055499851
0.0050677024
0.0046219571
0.0042106004
0.0038315387
0.0034827415
0.0031622478
0.002868171
0.0025987028
0.0023521156
0.002126766
0.0019210986
0.0017336265
0.053231385
0.051667581
0.050046369
0.048374967
0.046660946
0.044912296
0.0431373
0.04134442
0.039542157
0.037738929
0.035942937
0.034162048
0.032403679
0.030674693
0.028981388
0.027329372
0.02572355
0.024168111
0.022666534
0.021221598
0.019835415
0.018509466
0.017244651
0.016041336
0.01489941
0.013818341
0.012797231
0.011834866
0.01092977
0.010080249
0.0092844343
0.0085403227
0.00784581
0.0071987227
0.0065968443
0.0060379395
0.0055197742
0.0050401323
0.0045968311
0.0041877329
0.003810755
0.0034638779
0.0031451509
0.0028526978
0.0025847203
0.0023395012
0.0021154069
0.0019108925
0.0017244749
0.052978755
0.051417648
0.049799821
0.048132497
0.046423229
0.044679973
0.042910972
0.041124632
0.039329398
0.037533619
0.035745428
0.033972616
0.032222526
0.030501964
0.028817149
0.027173622
0.025576226
0.024029098
0.02253567
0.02109868
0.019720206
0.018401703
0.017144046
0.015947588
0.014812206
0.013737364
0.012722159
0.011765379
0.010865552
0.010020989
0.0092298294
0.0084900798
0.0077996461
0.0071563655
0.0065580336
0.0060024269
0.0054873235
0.0050105196
0.0045698447
0.0041631731
0.0037884341
0.0034436194
0.0031267901
0.0028360806
0.0025697037
0.0023259525
0.002103204
0.0018999223
0.0017146297
0.052707234
0.05114904
0.049534872
0.047871956
0.046167823
0.044430392
0.042667856
0.040888568
0.039100905
0.037313149
0.035533353
0.03376923
0.032028045
0.030316534
0.028640848
0.027006446
0.025418106
0.023879909
0.022395235
0.020966779
0.019596585
0.018286076
0.017036107
0.015847011
0.014718657
0.013650499
0.012641634
0.01169085
0.010796678
0.0099574363
0.0091712736
0.0084362052
0.0077501484
0.0071109525
0.0065164254
0.0059643568
0.0054525377
0.0049787777
0.0045409192
0.0041368497
0.0037645109
0.0034219074
0.0031071119
0.0028182711
0.0025536089
0.0023114295
0.0020901205
0.001888155
0.0017040627
0.052415897
0.050860824
0.049250612
0.047592462
0.045893876
0.044162729
0.042407164
0.04063547
0.038855956
0.037076826
0.035306053
0.033551264
0.031819638
0.030117833
0.028451952
0.026827344
0.02524872
0.0237201
0.022244813
0.020825509
0.01946419
0.018162251
0.016920522
0.015739318
0.014618494
0.0135575
0.012555427
0.011611067
0.010722954
0.009889414
0.0091086037
0.0083785494
0.0076971803
0.0070623587
0.0064719059
0.0059236254
0.0054153224
0.0049448206
0.0045099767
0.0041086918
0.0037389215
0.0033986835
0.0030860637
0.0027992213
0.0025363923
0.0022958926
0.0020761205
0.001875559
0.001692746
0.052103765
0.05055204
0.048946109
0.04729312
0.045600527
0.043876159
0.042128101
0.040364578
0.038593822
0.036823958
0.035062869
0.033318093
0.031596713
0.029905281
0.028249932
0.026635821
0.025067601
0.023549235
0.022083995
0.020674485
0.019322665
0.018029896
0.016796982
0.01562422
0.014511453
0.01345812
0.012463313
0.011525824
0.01064419
0.0098167466
0.009041659
0.0083169653
0.0076406074
0.0070104614
0.006424363
0.0058801307
0.0053755848
0.0049085641
0.0044769404
0.0040786299
0.0037116026
0.0033738906
0.0030635937
0.0027788842
0.0025180113
0.0022793031
0.0020611695
0.0018621034
0.0016806527
0.051769756
0.05022169
0.048620421
0.046973024
0.045286908
0.043569849
0.041829872
0.04007513
0.03831378
0.036553855
0.034803149
0.033069104
0.031358697
0.029678281
0.028034283
0.026431391
0.024874289
0.023366881
0.021912378
0.020513331
0.019171658
0.017888683
0.016665185
0.015501438
0.014397273
0.013352122
0.012365072
0.011434916
0.010560199
0.0097392626
0.0089702825
0.0082513092
0.0075802983
0.0069551407
0.0063736875
0.0058337732
0.0053332343
0.0048699259
0.0044417359
0.0040465963
0.003682493
0.0033474732
0.0030396513
0.0027572143
0.0024984247
0.0022616238
0.0020452337
0.0018477583
0.0016677562
0.051412744
0.049868762
0.04827259
0.046631264
0.044952148
0.043242966
0.04151168
0.039766369
0.038015106
0.036265831
0.034526245
0.032803693
0.031105091
0.029436927
0.027804571
0.026213585
0.024668335
0.023172615
0.021729565
0.020341678
0.019010825
0.017738295
0.016524834
0.015370699
0.014275703
0.013239271
0.012260487
0.011338147
0.0104708
0.0096567954
0.0088943216
0.0081814416
0.0075161257
0.0068962804
0.0063197736
0.0057844567
0.0052881835
0.0048288265
0.0044042909
0.0040125257
0.0036515334
0.0033193774
0.0030141881
0.0027341674
0.0024775926
0.0022428188
0.0020282809
0.001832495
0.0016540312
0.051031648
0.049492246
0.047901661
0.046266925
0.044595371
0.042894674
0.041172729
0.039437537
0.037697081
0.035959207
0.03423151
0.032521234
0.030835188
0.029179669
0.027560156
0.025981907
0.02444929
0.022966022
0.021535169
0.020159166
0.018839833
0.01757842
0.016375643
0.015231735
0.014146496
0.013119341
0.012149352
0.011235325
0.010375816
0.0095691845
0.0088136294
0.0081072283
0.007447967
0.0068337689
0.0062625196
0.0057320887
0.0052403484
0.0047851897
0.0043645363
0.0039763553
0.003618667
0.0032895521
0.0029871576
0.0027097018
0.0024554772
0.0022228539
0.0020102805
0.001816286
0.0016394532
0.050625479
0.049091154
0.047506675
0.045879087
0.044215699
0.042524134
0.04081222
0.039087876
0.037358989
0.035633302
0.033918302
0.032221118
0.030548437
0.028906413
0.027300549
0.025735882
0.024216716
0.022746695
0.021328814
0.019965444
0.018658357
0.017408758
0.016217333
0.015084291
0.014009416
0.012992115
0.012031465
0.011126266
0.01027508
0.0094762756
0.008728065
0.0080285406
0.007375705
0.0067674995
0.0062018285
0.005676581
0.0051896489
0.0047389429
0.0043224064
0.0039380257
0.00358384
0.0032579484
0.0029585158
0.0026837775
0.0024320427
0.0022016968
0.0019912036
0.0017991056
0.0016239993
0.05019326
0.048664491
0.047086658
0.045466812
0.043812233
0.042130492
0.040429344
0.03871662
0.037000106
0.035287435
0.033585977
0.031902742
0.030244288
0.028616648
0.027025267
0.025475043
0.023970179
0.022514233
0.021110127
0.01976017
0.018466078
0.017229015
0.016049633
0.014928117
0.013864233
0.01285738
0.011906633
0.011010793
0.010168429
0.0093779204
0.008637493
0.0079452552
0.0072992274
0.00669737
0.0061376075
0.0056178495
0.0051360089
0.0046900173
0.0042778388
0.0038974805
0.0035470014
0.0032245204
0.0029282212
0.0026563572
0.0024072552
0.0021793173
0.001971023
0.0017809295
0.0016076478
0.049733941
0.048211211
0.046640591
0.045029118
0.043384038
0.04171286
0.040023262
0.038322977
0.036619686
0.034920906
0.033233881
0.031565493
0.02992217
0.028309821
0.026733798
0.025198922
0.023709246
0.022268235
0.020878739
0.019542999
0.01826268
0.0170389
0.015872275
0.014762966
0.013710722
0.012714931
0.011774667
0.010888733
0.010055705
0.0092739746
0.0085417822
0.0078572529
0.007218426
0.0066232824
0.0060697678
0.0055558138
0.0050793555
0.0046383469
0.0042307741
0.003854666
0.003508103
0.0031892245
0.0028962344
0.0026274056
0.0023810832
0.0021556869
0.0019497132
0.0017617348
0.0015903784
0.049246341
0.047730164
0.046167365
0.044564948
0.04293011
0.041270289
0.039593077
0.037906106
0.036216942
0.034532976
0.032861324
0.031208731
0.029581488
0.027985363
0.026425578
0.02490703
0.023433472
0.02200829
0.020634268
0.019313582
0.01804784
0.016838114
0.015684985
0.014588587
0.013548651
0.012564557
0.011635374
0.01075991
0.009936749
0.0091642941
0.0084408017
0.0077644148
0.0071331932
0.0065451393
0.0059982215
0.0054903946
0.0050196173
0.0045838674
0.0041811543
0.0038095301
0.0034670977
0.0031520186
0.0028625178
0.0025968887
0.002353496
0.0021307784
0.0019272498
0.0017414999
0.0015721718
0.04872907
0.047220021
0.045665718
0.044073105
0.042449317
0.040801713
0.039137789
0.037465067
0.035790993
0.034122826
0.032467544
0.030831752
0.029221598
0.027642691
0.026099916
0.024598872
0.023142387
0.021733954
0.020376301
0.019071536
0.017821207
0.016626337
0.01548747
0.014404711
0.013377776
0.012406034
0.011488552
0.01062414
0.0098113934
0.0090487269
0.0083344138
0.0076666168
0.007043417
0.0064628397
0.0059228775
0.00542151
0.0049567208
0.0045265127
0.0041289202
0.0037620197
0.0034239381
0.00311286
0.0028270332
0.0025647724
0.0023244634
0.0021045645
0.0019036086
0.0017202031
0.0015530086
0.04818042
0.046679185
0.045134144
0.04355217
0.041940322
0.040305873
0.038656215
0.036998754
0.035340806
0.033689491
0.032051646
0.030433731
0.028841772
0.027281317
0.025757535
0.024274067
0.022835464
0.021444709
0.020104356
0.018816418
0.017582373
0.016403195
0.015279388
0.014211029
0.013197815
0.012239105
0.011333966
0.010481212
0.0096794469
0.0089271001
0.0082224629
0.0075637185
0.0069489709
0.0063762701
0.0058436341
0.0053490687
0.0048905841
0.0044662097
0.0040740064
0.0037120764
0.003378572
0.0030717024
0.0027897391
0.00253102
0.0022939525
0.0020770162
0.0018787637
0.0016978214
0.0015328684
0.047598242
0.046105658
0.044570768
0.043000374
0.041401457
0.039781198
0.03814688
0.036505782
0.034865084
0.033231762
0.0316125
0.030013611
0.028440974
0.026899989
0.025395538
0.023931471
0.022511916
0.02113988
0.019817821
0.018547667
0.017330827
0.016168221
0.015060312
0.014007149
0.013008412
0.01206345
0.011171327
0.010330862
0.0095406714
0.008799199
0.0081047553
0.0074555459
0.0068496989
0.0062852905
0.0057603658
0.0052729586
0.0048211071
0.0044028691
0.0040163333
0.0036596293
0.0033309364
0.0030284897
0.0027505859
0.0024955871
0.0022619241
0.0020480985
0.0018526842
0.0016743274
0.001511727
0.04697982
0.045496876
0.043973161
0.042415415
0.040830545
0.039225633
0.037607845
0.03598433
0.03436212
0.032748038
0.03114861
0.029569986
0.028017882
0.026497518
0.025013558
0.023570011
0.022170735
0.020818558
0.019515872
0.01826453
0.017065879
0.015920783
0.014829666
0.013792549
0.012809092
0.011878634
0.01100024
0.010172735
0.0093947456
0.0086647338
0.0079810303
0.0073418644
0.0067453905
0.0061897122
0.0056729039
0.0051930288
0.0047481553
0.0043363709
0.003955794
0.0036045835
0.0032809468
0.002983147
0.0027095071
0.0024584151
0.0022283262
0.0020177655
0.0018253293
0.001649685
0.0014895523
0.046321621
0.044849436
0.043338066
0.041794189
0.040224635
0.038636382
0.037036469
0.035431905
0.033829569
0.032236118
0.030657912
0.02910093
0.027570711
0.026072295
0.024610153
0.023188033
0.021810556
0.020479495
0.019197356
0.017965949
0.016786556
0.015659991
0.014586636
0.013566484
0.012599174
0.011684041
0.010820146
0.010006323
0.0092412105
0.00852329
0.0078509143
0.007222338
0.0066357435
0.0060892644
0.0055810057
0.0051090624
0.0046715347
0.0042665423
0.0038922348
0.0035468021
0.0032284819
0.0029355665
0.0026664073
0.0024194193
0.0021930839
0.001985951
0.0017966404
0.001623842
0.0014662981
0.045618832
0.044158679
0.042661005
0.041132414
0.039579645
0.038009561
0.036429069
0.034845023
0.03326414
0.031692905
0.030137499
0.028603722
0.027096936
0.025622005
0.024183252
0.022784469
0.021429618
0.020120936
0.018860629
0.017650397
0.016491452
0.015384551
0.014330036
0.013327867
0.01237767
0.011478767
0.010630223
0.0098308789
0.0090793898
0.0083742559
0.0077138548
0.0070964686
0.0065203099
0.0059835443
0.00548431
0.0050207359
0.0045909563
0.0041931249
0.0038254252
0.00348608
0.0031733592
0.0028855863
0.0026211428
0.0023784726
0.0021560847
0.0019525553
0.0017665292
0.00159672
0.0014418941
0.044864752
0.043418129
0.041935749
0.040424114
0.03888986
0.037339723
0.03578046
0.034218765
0.032661177
0.031114
0.029583228
0.028074476
0.026592929
0.025143303
0.02372985
0.022356489
0.02102526
0.019740323
0.018503293
0.017315653
0.016178514
0.015092573
0.014058126
0.013075106
0.012143117
0.011261478
0.010429254
0.0096452968
0.0089082777
0.0082167195
0.0075690263
0.0069635105
0.0063984173
0.0058719467
0.0053822729
0.0049275611
0.0045059826
0.0041157276
0.0037550158
0.0034221055
0.003115301
0.0028329593
0.0025734942
0.0023353804
0.0021171563
0.0019174259
0.0017348604
0.0015681986
0.0014162314
0.044050067
0.042618797
0.041153641
0.039660975
0.038147313
0.036619248
0.035083376
0.033546215
0.032014116
0.030493188
0.028989226
0.027507652
0.02605346
0.024631183
0.023244857
0.021897951
0.020592665
0.019333756
0.018121855
0.016958497
0.015844768
0.014781307
0.013768374
0.012805868
0.011893378
0.011030214
0.010215448
0.0094479424
0.0087263867
0.0080493288
0.0074152025
0.0068223532
0.0062690619
0.005753566
0.0052740787
0.0048288047
0.0044159553
0.0040337602
0.0036804784
0.0033544065
0.0030538862
0.0027773104
0.0025231277
0.0022898462
0.0020760356
0.0018803299
0.0017014281
0.0015380944
0.0013891435
0.043162021
0.041748364
0.040302804
0.038831568
0.037341029
0.035837621
0.034327766
0.032817786
0.031313832
0.029821803
0.028347285
0.02689549
0.025471213
0.024078792
0.022722084
0.021404437
0.02012872
0.018896202
0.017711477
0.016574356
0.015485972
0.014446823
0.01345715
0.012516809
0.011625371
0.010782147
0.0099862139
0.0092364464
0.0085315543
0.0078701136
0.0072505916
0.0066713706
0.0061307707
0.0056270704
0.0051585253
0.0047233835
0.0043198999
0.0039463475
0.0036010281
0.0032822802
0.0029884861
0.0027180783
0.0024695431
0.0022414247
0.0020323273
0.0018409171
0.0016659222
0.0015061328
0.042183535
0.040790314
0.039367288
0.037920515
0.036456213
0.034980641
0.033500025
0.032020478
0.03054793
0.029088054
0.02764621
0.026227387
0.024836168
0.02347669
0.022152628
0.020867194
0.019623163
0.018422045
0.017265493
0.016156734
0.015096241
0.014083642
0.013119387
0.012203259
0.011334786
0.010513304
0.0097379006
0.0090074654
0.0083207232
0.0076762812
0.007072647
0.0065082449
0.0059814384
0.0054905516
0.0050338864
0.0046097387
0.004216411
0.0038522244
0.0035155278
0.003204706
0.0029181864
0.0026544446
0.002412009
0.0021894637
0.0019854509
0.0017986721
0.0016278848
0.041092462
0.039723177
0.038326324
0.036907773
0.035473565
0.034029762
0.032582373
0.031137278
0.029700166
0.028276464
0.026871284
0.025489379
0.024135097
0.022812361
0.021524645
0.020274969
0.019065894
0.017899497
0.016776795
0.015699119
0.014667936
0.013684375
0.012748196
0.011858939
0.011015799
0.010218292
0.0094655379
0.0087564415
0.0080897211
0.0074640101
0.0068778731
0.0063297846
0.0058181576
0.0053413663
0.0048977641
0.0044856992
0.0041035274
0.003749622
0.0034223837
0.0031202499
0.0028416985
0.0025852537
0.0023494901
0.0021330368
0.0019345791
0.00175286
0.039861234
0.038520216
0.037154045
0.035768368
0.034369024
0.032961848
0.031552607
0.030146922
0.028750213
0.027367636
0.026004038
0.024663905
0.023351339
0.022070022
0.020823211
0.019613722
0.018443931
0.017315778
0.016230712
0.015189627
0.014193139
0.01324194
0.012336175
0.011475944
0.010660918
0.0098901275
0.0091626362
0.0084774001
0.0078331197
0.0072283112
0.0066616902
0.0061317943
0.0056370917
0.005176013
0.0047469697
0.0043483687
0.0039786258
0.0036361713
0.0033194563
0.0030269813
0.002757283
0.0025089401
0.00228058
0.0020708813
0.0018785766
0.0017024473
0.038457302
0.037149906
0.035819971
0.034472889
0.03311426
0.031749664
0.030384588
0.029024365
0.027674118
0.026338705
0.025022674
0.023730227
0.022465189
0.021230987
0.020030636
0.018866733
0.017741453
0.016656559
0.015613403
0.014612992
0.013655879
0.012742392
0.011872575
0.0110462
0.010262938
0.0095220921
0.0088227598
0.0081638757
0.0075443662
0.0069630612
0.0064184524
0.0059090844
0.0054334767
0.004990123
0.0045775017
0.0041940889
0.0038383749
0.0035088755
0.0032040286
0.0029224397
0.0026627149
0.0024234955
0.0022034679
0.0020013678
0.0018159821
0.001646141
0.036844921
0.035577715
0.034290794
0.032989257
0.031678427
0.03036359
0.029049919
0.027742424
0.026445896
0.025164861
0.023903543
0.02266583
0.021455247
0.020274942
0.019127669
0.018015791
0.016941274
0.015905702
0.014910285
0.013955889
0.01304305
0.01217204
0.011342828
0.010555147
0.0098085348
0.0091023083
0.0084356083
0.0078074359
0.007216682
0.0066621549
0.0061425403
0.0056564664
0.0052025232
0.0047792753
0.0043852741
0.0040190682
0.0036792087
0.0033642566
0.0030728929
0.002803701
0.0025553386
0.0023265123
0.002115975
0.0019225266
0.0017450159
0.0015823327
0.034988593
0.033769507
0.032533724
0.031286016
0.030031385
0.02877478
0.027521022
0.026274757
0.025040411
0.023822147
0.022623833
0.021449014
0.020300892
0.01918231
0.018095747
0.017043315
0.01602676
0.015047476
0.014106518
0.013204624
0.012342235
0.011519527
0.010736425
0.009992632
0.0092876564
0.0086208257
0.0079913098
0.0073981421
0.0068402545
0.0063164874
0.0058256037
0.005366312
0.0049372842
0.0045371685
0.0041646022
0.0038182214
0.0034966693
0.0031986076
0.0029227297
0.0026677458
0.0024324024
0.0022154859
0.0020158252
0.0018322934
0.0016638094
0.0015093313
0.032857938
0.031696331
0.030521197
0.029336942
0.028148201
0.026959542
0.025775394
0.024600001
0.023437388
0.022291323
0.02116529
0.020062465
0.018985704
0.017937528
0.016920121
0.015935331
0.014984674
0.014069344
0.013190233
0.012347942
0.011542806
0.010774919
0.010044149
0.0093501658
0.008692461
0.0080703671
0.0074830791
0.006929675
0.0064091368
0.0059203661
0.0054622017
0.0050334353
0.0046328264
0.0042591147
0.0039110313
0.0035873077
0.0032866843
0.0030079187
0.0027497915
0.0025111099
0.0022907138
0.0020874791
0.0019003211
0.0017281954
0.0015701001
0.0014250718
0.030433299
0.0293399
0.028236208
0.02712623
0.026014188
0.024904226
0.02380034
0.022706339
0.021625816
0.020562114
0.019518309
0.018497188
0.017501243
0.016532658
0.01559331
0.014684775
0.013808329
0.012964962
0.012155394
0.01138009
0.010639275
0.0099329625
0.0092609665
0.0086229261
0.0080183233
0.0074465028
0.0069066901
0.0063980105
0.0059195055
0.0054701489
0.0050488616
0.0046545257
0.0042859965
0.0039421138
0.0036217116
0.0033236263
0.0030467043
0.0027898085
0.0025518238
0.0023316612
0.0021282622
0.0019406012
0.0017676886
0.0016085718
0.0014623372
0.0013281076
0.027711055
0.026697711
0.025677254
0.024653258
0.023629493
0.022609639
0.021597226
0.020595597
0.019607885
0.01863699
0.01768556
0.016755983
0.015850372
0.014970569
0.01411814
0.013294382
0.012500334
0.011736781
0.011004273
0.010303138
0.0096335004
0.0089952957
0.0083882911
0.0078121024
0.0072662114
0.0067499835
0.0062626835
0.0058034918
0.0053715194
0.0049658211
0.004585409
0.0042292639
0.003896346
0.0035856044
0.0032959853
0.0030264393
0.0027759279
0.0025434287
0.0023279404
0.0021284862
0.001944117
0.0017739143
0.0016169915
0.0014724957
0.0013396096
0.0012175506
0.024707799
0.023787022
0.022862106
0.021936167
0.021012488
0.020094252
0.019184496
0.018286076
0.017401649
0.016533659
0.015684322
0.014855618
0.014049288
0.013266828
0.012509502
0.011778336
0.011074137
0.010397494
0.0097487994
0.0091282543
0.008535889
0.007971576
0.0074350462
0.0069259041
0.0064436436
0.0059876622
0.0055572752
0.0051517294
0.0047702154
0.0044118796
0.0040758345
0.0037611693
0.0034669579
0.0031922676
0.0029361653
0.0026977242
0.0024760286
0.0022701788
0.0020792943
0.0019025176
0.0017390161
0.0015879843
0.0014486454
0.0013202525
0.0012020903
0.021462794
0.020647043
0.01982975
0.019013558
0.018201231
0.017395441
0.016598714
0.015813411
0.015041713
0.01428561
0.013546891
0.012827139
0.012127732
0.011449841
0.010794439
0.010162302
0.0095540224
0.0089700135
0.0084105241
0.007875649
0.007365342
0.006879429
0.006417621
0.0059795277
0.0055646696
0.0051724908
0.0048023704
0.0044536337
0.0041255626
0.0038174052
0.0035283846
0.0032577068
0.003004568
0.002768161
0.0025476809
0.0023423298
0.002151321
0.0019738828
0.0018092612
0.0016567225
0.0015155553
0.0013850718
0.0012646092
0.001153531
0.0010512287
0.018037816
0.017338529
0.016639755
0.015943653
0.015252466
0.014568343
0.013893301
0.013229216
0.012577804
0.01194062
0.011319048
0.010714299
0.010127416
0.009559273
0.0090105811
0.0084818947
0.0079736187
0.0074860173
0.007019223
0.0065732474
0.0061479911
0.0057432548
0.0053587502
0.0049941101
0.0046488992
0.0043226234
0.0040147394
0.0037246635
0.0034517799
0.0031954482
0.0029550101
0.0027297964
0.0025191317
0.0023223404
0.00213875
0.0019676959
0.001808524
0.0016605937
0.0015232801
0.0013959757
0.0012780922
0.0011690615
0.0010683363
0.00097539171
0.00088972701
0.014514227
0.013940657
0.013368982
0.012800882
0.012238088
0.011682243
0.011134882
0.010597415
0.010071126
0.009557164
0.009056542
0.0085701386
0.0080987006
0.0076428441
0.0072030586
0.0067797131
0.0063730621
0.005983253
0.0056103334
0.0052542599
0.0049149065
0.0045920728
0.0042854922
0.0039948403
0.0037197424
0.003459781
0.0032145032
0.0029834271
0.0027660482
0.002561845
0.0023702842
0.0021908258
0.0020229269
0.0018660457
0.0017196446
0.0015831932
0.0014561704
0.0013380669
0.0012283864
0.0011266472
0.001032383
0.00094514414
0.00086449785
0.00079002918
0.00072134324
0.010986741
0.010544831
0.010105449
0.0096698249
0.0092392053
0.0088147659
0.0083975947
0.0079886842
0.0075889284
0.0071991215
0.0068199568
0.0064520283
0.0060958332
0.0057517734
0.0054201604
0.0051012187
0.0047950907
0.0045018424
0.0042214699
0.0039539047
0.0036990204
0.0034566386
0.0032265348
0.0030084439
0.0028020665
0.0026070737
0.0024231124
0.0022498102
0.0020867794
0.0019336216
0.0017899311
0.0016552984
0.001529313
0.0014115665
0.0013016543
0.001199178
0.0011037471
0.0010149802
0.00093250612
0.00085596504
0.00078500907
0.00071930283
0.00065852388
0.00060236327
0.00055052743
0.0075537719
0.007245281
0.0069392198
0.0066364064
0.0063376512
0.0060437131
0.0057552895
0.0054730122
0.0051974475
0.0049290937
0.0046683815
0.0044156756
0.0041712727
0.003935408
0.0037082584
0.0034899441
0.0032805332
0.0030800448
0.0028884529
0.0027056904
0.0025316528
0.0023662023
0.002209172
0.0020603691
0.0019195791
0.001786569
0.0016610906
0.0015428839
0.0014316796
0.0013272019
0.0012291711
0.0011373055
0.0010513236
0.00097094565
0.00089589511
0.00082590011
0.00076069444
0.00070001842
0.00064361964
0.00059125357
0.00054268401
0.00049768337
0.00045603305
0.00041752364
0.00038195652
0.0043062196
0.0041282912
0.0039520756
0.003778028
0.0036065859
0.0034381563
0.003273111
0.0031117854
0.0029544756
0.00280144
0.0026528999
0.0025090401
0.0023700102
0.0022359261
0.0021068714
0.0019829001
0.0018640377
0.0017502835
0.001641613
0.0015379791
0.0014393152
0.0013455366
0.0012565432
0.0011722209
0.0010924443
0.0010170781
0.00094597891
0.00087899715
0.00081597851
0.00075676538
0.00070119822
0.00064911672
0.00060036086
0.00055477188
0.00051219306
0.00047247046
0.00043545344
0.00040099522
0.00036895321
0.00033918937
0.00031157041
0.000285968
0.0002622589
0.00024032518
0.00022005532
0.0013176533
0.0012630353
0.0012089923
0.0011556619
0.0011031729
0.0010516441
0.0010011837
0.00095188912
0.00090384479
0.00085712401
0.00081178914
0.00076789216
0.00072547619
0.00068457422
0.00064520962
0.00060739686
0.00057114221
0.00053644426
0.00050329453
0.00047167808
0.00044157409
0.0004129565
0.00038579459
0.00036005362
0.00033569534
0.00031267859
0.00029095985
0.00027049366
0.00025123319
0.00023313057
0.00021613739
0.00020020498
0.00018528476
0.00017132854
0.00015828876
0.00014611866
0.00013477253
0.0001242058
0.00011437518
0.00010523876
9.6756047e-05
8.8888055e-05
8.1597259e-05
7.4847579e-05
)
;

boundaryField
{
    inletLow
    {
        type            fixedValue;
        value           nonuniform List<scalar> 0();
    }
    inletJet
    {
        type            fixedValue;
        value           nonuniform List<scalar> 0();
    }
    inletHigh
    {
        type            fixedValue;
        value           nonuniform List<scalar> 0();
    }
    outlet
    {
        type            inletOutlet;
        inletValue      nonuniform List<scalar> 0();
        value           nonuniform List<scalar> 0();
    }
    upperWall
    {
        type            inletOutlet;
        inletValue      uniform 0;
        value           uniform 0;
    }
    lowerWall
    {
        type            inletOutlet;
        inletValue      nonuniform List<scalar> 0();
        value           nonuniform List<scalar> 0();
    }
    frontAndBack
    {
        type            empty;
    }
    procBoundary0to1
    {
        type            processor;
        value           nonuniform List<scalar> 
80
(
0.000553583
0.00055361183
0.00055358515
0.00055350616
0.00061852226
0.00061852226
0.00061837673
0.00061816588
0.00061788666
0.00068979242
0.00068979242
0.00068938823
0.00076907735
0.00076907735
0.00076842843
0.00085649109
0.00085649109
0.00085548849
0.00095253766
0.00095253766
0.00095105876
0.0010577289
0.0010577289
0.0010556112
0.0010532222
0.0010505624
0.0011661151
0.0011661151
0.0014319484
0.001162548
0.0012885845
0.0014319484
0.0015839685
0.0015839685
0.001577535
0.001570538
0.0015629549
0.001554763
0.0015459398
0.0015364624
0.0015263073
0.0015154509
0.0015038702
0.0014915425
0.0014784464
0.0014645612
0.0014498677
0.0014343478
0.0014179842
0.0014007598
0.0013826565
0.0013636529
0.0013437208
0.0013228196
0.0013008889
0.0012778374
0.0012535288
0.0013604296
0.0013604296
0.0014719071
0.0014719071
0.0015866172
0.0015866172
0.0015413094
0.0014907226
0.0014334157
0.0013678651
0.0012921915
0.0012050468
0.001105567
0.0010934826
0.0010934826
0.00095713166
0.00081087582
0.00065807473
0.00050274679
0.00034915053
0.0002013479
6.8610681e-05
6.8610681e-05
)
;
    }
    procBoundary0to2
    {
        type            processor;
        value           nonuniform List<scalar> 
66
(
0.055644634
0.055643259
0.055637111
0.055626135
0.055610304
0.055590797
0.055568365
0.055541249
0.055509092
0.055471489
0.055427939
0.055377755
0.055320456
0.055255593
0.055182695
0.055101262
0.055010775
0.054910664
0.054800323
0.054679107
0.054546334
0.054401289
0.05424322
0.054071345
0.053884856
0.053884856
0.055177197
0.054959197
0.054724012
0.054470706
0.054198379
0.053906153
0.053593121
0.053257999
0.052898243
0.052513511
0.052103204
0.051666465
0.051202258
0.05070938
0.050186388
0.049631445
0.049042206
0.048415725
0.047748366
0.047035234
0.046269436
0.045441345
0.044537773
0.043541036
0.042428348
0.041171361
0.03973652
0.038086888
0.036185609
0.034000842
0.031511489
0.028712696
0.025620244
0.022273282
0.018734435
0.015087096
0.011429195
0.0078633111
0.0044850472
0.0013725863
)
;
    }
    procBoundary0to4
    {
        type            processor;
        value           nonuniform List<scalar> 6(0.0010709459 0.00096123419 0.0008620453 0.00077248805 0.00069172784 0.00061900014);
    }
    procBoundary0to5
    {
        type            processor;
        value           nonuniform List<scalar> 
52
(
0.054054841
0.052400835
0.050689615
0.048929226
0.047128123
0.045295048
0.043438957
0.041568909
0.039693937
0.037822905
0.035964366
0.03412644
0.032316703
0.030542093
0.028808842
0.027122435
0.025487579
0.023908204
0.022387475
0.020927822
0.019530984
0.018198054
0.016929543
0.015725432
0.014585242
0.013508089
0.012492744
0.011537687
0.010641164
0.009801227
0.0090157813
0.0082826217
0.0075994668
0.0069639877
0.0063738339
0.0058266549
0.0053201183
0.0048519259
0.0044198263
0.0040216256
0.0036551956
0.0033184805
0.003009502
0.0027263634
0.0024672524
0.0022304428
0.0020142958
0.0018172609
0.0016378771
0.001474774
0.001326675
0.001192379
)
;
    }
}


// ************************************************************************* //
