/*--------------------------------*- C++ -*----------------------------------*\
| =========                 |                                                 |
| \\      /  F ield         | OpenFOAM: The Open Source CFD Toolbox           |
|  \\    /   O peration     | Version:  2312                                  |
|   \\  /    A nd           | Website:  www.openfoam.com                      |
|    \\/     M anipulation  |                                                 |
\*---------------------------------------------------------------------------*/
FoamFile
{
    version     2.0;
    format      ascii;
    arch        "LSB;label=32;scalar=64";
    class       volVectorField;
    location    "0.09";
    object      U;
}
// * * * * * * * * * * * * * * * * * * * * * * * * * * * * * * * * * * * * * //

dimensions      [0 1 -1 0 0 0 0];

internalField   nonuniform List<vector> 
3272
(
(1.1452484 -0.59073841 0)
(1.1487388 -0.61033817 0)
(1.1520074 -0.62980053 0)
(1.1550377 -0.64910331 0)
(1.1578097 -0.66822618 0)
(1.1603052 -0.68715039 0)
(1.1625078 -0.70585806 0)
(1.1644025 -0.72433199 0)
(1.1659752 -0.74255564 0)
(1.1672132 -0.76051306 0)
(1.1681048 -0.77818884 0)
(1.1686395 -0.79556809 0)
(1.1688081 -0.81263639 0)
(1.1686024 -0.82937976 0)
(1.1680153 -0.84578464 0)
(1.167041 -0.86183784 0)
(1.1656746 -0.87752658 0)
(1.1639125 -0.89283839 0)
(1.1617518 -0.90776117 0)
(1.1591909 -0.92228312 0)
(1.1562291 -0.93639276 0)
(1.1528671 -0.95007879 0)
(1.1491059 -0.96332988 0)
(1.1449452 -0.97613521 0)
(1.1403859 -0.98848705 0)
(1.1354352 -1.000378 0)
(1.1301011 -1.0117971 0)
(1.1243881 -1.0227342 0)
(1.1183012 -1.0331804 0)
(1.1118473 -1.0431278 0)
(1.1050337 -1.0525683 0)
(1.0978689 -1.0614952 0)
(1.0903632 -1.0699009 0)
(1.0825228 -1.0777779 0)
(1.0743546 -1.085123 0)
(1.065871 -1.0919329 0)
(1.057085 -1.0982034 0)
(1.0480076 -1.1039304 0)
(1.0386504 -1.1091112 0)
(1.0290254 -1.1137435 0)
(1.019145 -1.117826 0)
(1.009022 -1.1213581 0)
(0.99866914 -1.1243399 0)
(0.98809977 -1.1267723 0)
(0.97732722 -1.1286569 0)
(0.966365 -1.1299962 0)
(0.95522673 -1.1307934 0)
(0.94392611 -1.1310525 0)
(0.93247683 -1.1307781 0)
(0.92089267 -1.1299758 0)
(0.90918724 -1.1286518 0)
(0.89737419 -1.1268128 0)
(0.88546784 -1.1244663 0)
(1.1543436 -0.56480421 0)
(1.1579639 -0.58401762 0)
(1.1613478 -0.60305834 0)
(1.1644801 -0.62190822 0)
(1.1673406 -0.64054985 0)
(1.1699116 -0.65896673 0)
(1.1721768 -0.67714314 0)
(1.1741214 -0.6950641 0)
(1.1757317 -0.71271528 0)
(1.1769953 -0.73008292 0)
(1.1779011 -0.74715384 0)
(1.1784389 -0.7639153 0)
(1.1785999 -0.78035505 0)
(1.1783763 -0.79646123 0)
(1.1777617 -0.81222237 0)
(1.1767505 -0.82762733 0)
(1.1753383 -0.8426653 0)
(1.1735219 -0.85732579 0)
(1.171299 -0.87159858 0)
(1.1686684 -0.88547373 0)
(1.1656298 -0.89894157 0)
(1.1621842 -0.9119927 0)
(1.1583335 -0.92461804 0)
(1.1540772 -0.93680893 0)
(1.1494165 -0.94855729 0)
(1.1443595 -0.95985527 0)
(1.1389148 -0.97069467 0)
(1.1330868 -0.98106755 0)
(1.1268807 -0.99096662 0)
(1.1203041 -1.0003848 0)
(1.1133644 -1.0093153 0)
(1.1060703 -1.017752 0)
(1.0984323 -1.0256892 0)
(1.0904569 -1.0331221 0)
(1.0821517 -1.0400466 0)
(1.0735294 -1.0464585 0)
(1.064603 -1.0523545 0)
(1.0553838 -1.0577317 0)
(1.0458836 -1.0625878 0)
(1.0361146 -1.0669213 0)
(1.0260894 -1.0707312 0)
(1.0158209 -1.0740171 0)
(1.0053223 -1.0767793 0)
(0.99460687 -1.0790191 0)
(0.98368827 -1.080738 0)
(0.97258014 -1.0819387 0)
(0.96129626 -1.0826242 0)
(0.94985046 -1.0827985 0)
(0.9382566 -1.0824662 0)
(0.92652852 -1.0816324 0)
(0.91468005 -1.0803033 0)
(0.90272476 -1.0784854 0)
(0.89067727 -1.0761862 0)
(1.1714851 -0.54899307 0)
(1.1752994 -0.56794868 0)
(1.1788535 -0.58670702 0)
(1.1821326 -0.60525167 0)
(1.1851171 -0.62356699 0)
(1.1877895 -0.64163809 0)
(1.1901345 -0.65945088 0)
(1.1921376 -0.67699194 0)
(1.1937859 -0.69424851 0)
(1.1950677 -0.7112084 0)
(1.1959726 -0.72785994 0)
(1.1964913 -0.74419194 0)
(1.1966157 -0.76019364 0)
(1.1963388 -0.77585466 0)
(1.1956549 -0.79116496 0)
(1.1945594 -0.80611482 0)
(1.1930487 -0.82069482 0)
(1.1911202 -0.8348958 0)
(1.1887725 -0.84870884 0)
(1.186005 -0.86212528 0)
(1.1828183 -0.87513668 0)
(1.1792139 -0.88773493 0)
(1.1751943 -0.89991237 0)
(1.1707603 -0.91166173 0)
(1.1659137 -0.92297509 0)
(1.1606632 -0.93384468 0)
(1.1550177 -0.94426381 0)
(1.1489821 -0.95422589 0)
(1.1425625 -0.96372444 0)
(1.1357669 -0.97275321 0)
(1.1286035 -0.98130682 0)
(1.1210812 -0.98937919 0)
(1.1132101 -0.99696527 0)
(1.1049973 -1.0040621 0)
(1.0964521 -1.0106655 0)
(1.0875879 -1.0167714 0)
(1.078417 -1.0223767 0)
(1.0689513 -1.0274792 0)
(1.0592029 -1.0320771 0)
(1.0491844 -1.036169 0)
(1.0389088 -1.0397543 0)
(1.0283891 -1.042833 0)
(1.017639 -1.0454056 0)
(1.0066719 -1.0474733 0)
(0.99550187 -1.0490381 0)
(0.98414267 -1.0501025 0)
(0.97260838 -1.0506696 0)
(0.96091304 -1.0507435 0)
(0.94907072 -1.0503287 0)
(0.93709547 -1.0494304 0)
(0.92500127 -1.0480544 0)
(0.91280189 -1.0462075 0)
(0.9005121 -1.0438968 0)
(1.195942 -0.53500826 0)
(1.1999897 -0.55370129 0)
(1.2037448 -0.57217237 0)
(1.2071929 -0.59040666 0)
(1.2103154 -0.60839019 0)
(1.2130956 -0.62610978 0)
(1.215519 -0.64355298 0)
(1.2175721 -0.66070803 0)
(1.219243 -0.67756379 0)
(1.2205211 -0.69410968 0)
(1.221397 -0.71033561 0)
(1.2218625 -0.72623195 0)
(1.2219106 -0.74178946 0)
(1.2215356 -0.75699924 0)
(1.2207328 -0.77185272 0)
(1.2194986 -0.78634161 0)
(1.2178306 -0.80045785 0)
(1.2157274 -0.81419363 0)
(1.2131885 -0.82754134 0)
(1.2102144 -0.84049355 0)
(1.2068066 -0.853043 0)
(1.2029674 -0.86518266 0)
(1.1986996 -0.87690621 0)
(1.1940061 -0.88820788 0)
(1.1888909 -0.8990805 0)
(1.1833623 -0.9095163 0)
(1.1774289 -0.91950965 0)
(1.1710972 -0.92905531 0)
(1.1643741 -0.93814755 0)
(1.1572677 -0.94678097 0)
(1.1497876 -0.95495095 0)
(1.1419444 -0.96265256 0)
(1.1337459 -0.96988156 0)
(1.1252002 -0.97663538 0)
(1.1163196 -0.98290999 0)
(1.1071174 -0.98870185 0)
(1.097606 -0.99400851 0)
(1.0877974 -0.99882807 0)
(1.0777044 -1.003159 0)
(1.0673399 -1.0070005 0)
(1.0567173 -1.0103521 0)
(1.0458503 -1.0132139 0)
(1.0347527 -1.0155869 0)
(1.0234384 -1.0174722 0)
(1.0119216 -1.0188721 0)
(1.0002165 -1.019789 0)
(0.98833755 -1.0202264 0)
(0.97629898 -1.020188 0)
(0.96411516 -1.0196785 0)
(0.9518004 -1.0187031 0)
(0.93936892 -1.0172675 0)
(0.92683472 -1.0153782 0)
(0.91421279 -1.0130423 0)
(1.2270575 -0.52283189 0)
(1.2313566 -0.5412459 0)
(1.2353231 -0.55941319 0)
(1.2389435 -0.57732064 0)
(1.2422002 -0.59495602 0)
(1.2450778 -0.61230791 0)
(1.2475627 -0.6293656 0)
(1.2496431 -0.64611905 0)
(1.2513083 -0.66255879 0)
(1.252549 -0.67867591 0)
(1.2533572 -0.69446194 0)
(1.2537262 -0.70990883 0)
(1.2536504 -0.72500887 0)
(1.2531255 -0.73975467 0)
(1.2521483 -0.75413912 0)
(1.2507165 -0.76815533 0)
(1.2488291 -0.78179662 0)
(1.2464859 -0.7950565 0)
(1.2436879 -0.80792866 0)
(1.240437 -0.82040688 0)
(1.2367359 -0.83248497 0)
(1.2325874 -0.84415686 0)
(1.2279947 -0.85541787 0)
(1.2229627 -0.86626314 0)
(1.2174992 -0.87668587 0)
(1.2116124 -0.88667951 0)
(1.2053098 -0.89623926 0)
(1.198599 -0.90536074 0)
(1.1914888 -0.91403911 0)
(1.1839879 -0.92226984 0)
(1.1761062 -0.93004823 0)
(1.1678548 -0.9373708 0)
(1.1592423 -0.94423516 0)
(1.1502785 -0.95063791 0)
(1.1409768 -0.95657517 0)
(1.1313504 -0.96204435 0)
(1.121412 -0.96704346 0)
(1.1111744 -0.97157094 0)
(1.1006506 -0.97562566 0)
(1.0898544 -0.97920697 0)
(1.0787996 -0.98231474 0)
(1.0675001 -0.9849494 0)
(1.0559703 -0.98711192 0)
(1.0442245 -0.98880385 0)
(1.0322773 -0.9900273 0)
(1.0201433 -0.990785 0)
(1.0078371 -0.99108029 0)
(0.99537345 -0.99091709 0)
(0.98276694 -0.99029993 0)
(0.9700322 -0.98923395 0)
(0.95718372 -0.9877249 0)
(0.94423578 -0.9857791 0)
(0.93120361 -0.98340347 0)
(1.2642319 -0.5125511 0)
(1.2687801 -0.53066153 0)
(1.2729493 -0.54850084 0)
(1.276727 -0.56605778 0)
(1.280097 -0.58332199 0)
(1.2830455 -0.60028389 0)
(1.2855606 -0.61693459 0)
(1.2876319 -0.63326581 0)
(1.2892505 -0.64926985 0)
(1.2904089 -0.66493946 0)
(1.2911008 -0.68026783 0)
(1.2913211 -0.69524849 0)
(1.2910661 -0.70987528 0)
(1.290333 -0.72414229 0)
(1.2891202 -0.73804383 0)
(1.2874274 -0.75157441 0)
(1.2852548 -0.76472867 0)
(1.2826041 -0.77750141 0)
(1.2794776 -0.78988753 0)
(1.275879 -0.80188202 0)
(1.2718124 -0.81347997 0)
(1.2672808 -0.82467668 0)
(1.2622881 -0.83546796 0)
(1.2568434 -0.84584927 0)
(1.2509561 -0.85581469 0)
(1.2446338 -0.86535946 0)
(1.2378844 -0.8744796 0)
(1.230717 -0.88317116 0)
(1.2231415 -0.89143055 0)
(1.2151683 -0.89925349 0)
(1.2068078 -0.90663567 0)
(1.1980696 -0.91357491 0)
(1.1889642 -0.92006945 0)
(1.1795045 -0.92611563 0)
(1.1697042 -0.93171034 0)
(1.1595763 -0.93685152 0)
(1.1491338 -0.94153758 0)
(1.1383903 -0.94576726 0)
(1.1273596 -0.94953974 0)
(1.1160559 -0.95285464 0)
(1.1044934 -0.95571208 0)
(1.0926867 -0.95811268 0)
(1.0806505 -0.96005756 0)
(1.0683997 -0.96154842 0)
(1.0559491 -0.96258747 0)
(1.0433137 -0.96317751 0)
(1.0305087 -0.96332191 0)
(1.017549 -0.96302459 0)
(1.0044495 -0.96229008 0)
(0.99122532 -0.96112344 0)
(0.97789114 -0.95953034 0)
(0.96446154 -0.95751697 0)
(0.95095201 -0.95509011 0)
(1.3069163 -0.50407178 0)
(1.3116924 -0.52184575 0)
(1.3160374 -0.53932497 0)
(1.3199403 -0.55650024 0)
(1.3233869 -0.57336319 0)
(1.3263651 -0.58990616 0)
(1.3288651 -0.60612216 0)
(1.3308785 -0.62200476 0)
(1.3323984 -0.63754802 0)
(1.3334193 -0.65274643 0)
(1.333937 -0.66759481 0)
(1.3339483 -0.6820883 0)
(1.3334515 -0.69622226 0)
(1.3324459 -0.70999223 0)
(1.3309317 -0.72339393 0)
(1.3289104 -0.73642318 0)
(1.3263842 -0.74907594 0)
(1.3233562 -0.7613482 0)
(1.3198307 -0.77323601 0)
(1.3158127 -0.7847355 0)
(1.3113075 -0.79584311 0)
(1.3063203 -0.80655586 0)
(1.3008568 -0.81686937 0)
(1.2949277 -0.82677861 0)
(1.2885435 -0.83627979 0)
(1.2817126 -0.84536942 0)
(1.2744437 -0.85404404 0)
(1.2667467 -0.86230034 0)
(1.2586333 -0.87013542 0)
(1.2501161 -0.87754574 0)
(1.2412041 -0.88452819 0)
(1.2319072 -0.89108123 0)
(1.222239 -0.89720209 0)
(1.2122138 -0.90288781 0)
(1.201845 -0.90813625 0)
(1.191146 -0.91294576 0)
(1.1801308 -0.91731504 0)
(1.1688134 -0.92124312 0)
(1.1572084 -0.92472944 0)
(1.1453304 -0.92777384 0)
(1.1331942 -0.93037665 0)
(1.1208149 -0.93253865 0)
(1.1082077 -0.93426111 0)
(1.0953878 -0.93554582 0)
(1.0823706 -0.93639507 0)
(1.0691715 -0.93681171 0)
(1.0558059 -0.93679911 0)
(1.0422891 -0.93636121 0)
(1.0286365 -0.93550246 0)
(1.0148634 -0.9342279 0)
(1.0009849 -0.93254305 0)
(0.98701574 -0.93045397 0)
(0.97297167 -0.92796743 0)
(1.3546035 -0.49726402 0)
(1.3595683 -0.51466173 0)
(1.3640454 -0.53174233 0)
(1.3680258 -0.54849877 0)
(1.3714974 -0.56492478 0)
(1.3744507 -0.58101474 0)
(1.3768779 -0.59676362 0)
(1.3787732 -0.61216688 0)
(1.380132 -0.62722037 0)
(1.380951 -0.64192032 0)
(1.3812284 -0.65626321 0)
(1.3809633 -0.67024574 0)
(1.3801563 -0.68386476 0)
(1.3788088 -0.69711723 0)
(1.3769231 -0.71000021 0)
(1.3745027 -0.72251082 0)
(1.3715518 -0.73464622 0)
(1.3680754 -0.74640355 0)
(1.3640797 -0.75777995 0)
(1.359571 -0.76877272 0)
(1.3545557 -0.77937978 0)
(1.3490411 -0.78959868 0)
(1.3430373 -0.79942515 0)
(1.3365552 -0.80885481 0)
(1.3296049 -0.81788521 0)
(1.3221961 -0.82651382 0)
(1.3143394 -0.8347379 0)
(1.3060456 -0.8425548 0)
(1.2973276 -0.84996129 0)
(1.2881985 -0.85695533 0)
(1.2786683 -0.86353568 0)
(1.2687487 -0.86969957 0)
(1.2584548 -0.87544407 0)
(1.247801 -0.88076722 0)
(1.2368012 -0.88566743 0)
(1.2254696 -0.89014336 0)
(1.2138209 -0.89419396 0)
(1.2018697 -0.89781853 0)
(1.1896312 -0.90101671 0)
(1.1771207 -0.90378857 0)
(1.1643533 -0.90613458 0)
(1.1513448 -0.90805564 0)
(1.1381108 -0.90955314 0)
(1.1246669 -0.91062893 0)
(1.1110289 -0.91128537 0)
(1.0972126 -0.9115253 0)
(1.0832338 -0.9113521 0)
(1.0691082 -0.91076965 0)
(1.0548514 -0.90978238 0)
(1.0404791 -0.90839523 0)
(1.0260068 -0.90661352 0)
(1.0114494 -0.90444346 0)
(0.99682288 -0.90189154 0)
(1.4068202 -0.49198531 0)
(1.4119178 -0.50896171 0)
(1.4164677 -0.52560036 0)
(1.4204632 -0.5418965 0)
(1.423895 -0.55784606 0)
(1.4267561 -0.57344552 0)
(1.4290417 -0.58869185 0)
(1.4307485 -0.60358241 0)
(1.4318745 -0.61811488 0)
(1.4324193 -0.6322872 0)
(1.4323834 -0.64609748 0)
(1.4317687 -0.65954395 0)
(1.4305779 -0.6726249 0)
(1.4288149 -0.68533864 0)
(1.4264845 -0.69768348 0)
(1.423592 -0.70965776 0)
(1.4201439 -0.72125976 0)
(1.4161474 -0.73248768 0)
(1.41161 -0.74333985 0)
(1.4065393 -0.75381517 0)
(1.4009436 -0.76391215 0)
(1.3948345 -0.77362758 0)
(1.3882234 -0.78295818 0)
(1.3811212 -0.79190158 0)
(1.3735387 -0.80045569 0)
(1.3654872 -0.8086186 0)
(1.3569784 -0.81638845 0)
(1.3480255 -0.82376259 0)
(1.3386418 -0.83073848 0)
(1.3288393 -0.83731529 0)
(1.3186308 -0.84349169 0)
(1.3080309 -0.84926465 0)
(1.2970542 -0.854632 0)
(1.2857155 -0.85959222 0)
(1.2740295 -0.86414402 0)
(1.2620111 -0.86828632 0)
(1.2496756 -0.87201829 0)
(1.2370384 -0.87533943 0)
(1.2241153 -0.87824958 0)
(1.2109218 -0.88074894 0)
(1.197474 -0.8828381 0)
(1.1837878 -0.88451807 0)
(1.1698793 -0.88579029 0)
(1.1557647 -0.88665666 0)
(1.1414601 -0.88711955 0)
(1.1269816 -0.88718179 0)
(1.1123454 -0.88684673 0)
(1.0975676 -0.88611818 0)
(1.0826641 -0.88500051 0)
(1.067651 -0.88349847 0)
(1.0525437 -0.8816176 0)
(1.0373573 -0.87936405 0)
(1.0221099 -0.87674199 0)
(1.4631201 -0.4880783 0)
(1.4682792 -0.50458455 0)
(1.4728281 -0.52073468 0)
(1.4767631 -0.53652628 0)
(1.480078 -0.55195755 0)
(1.4827689 -0.56702709 0)
(1.484834 -0.58173389 0)
(1.4862731 -0.59607721 0)
(1.4870872 -0.61005652 0)
(1.4872785 -0.62367146 0)
(1.4868506 -0.63692171 0)
(1.4858079 -0.649807 0)
(1.484156 -0.66232694 0)
(1.4819012 -0.67448108 0)
(1.4790505 -0.6862689 0)
(1.4756117 -0.69768981 0)
(1.4715935 -0.70874315 0)
(1.4670048 -0.71942829 0)
(1.4618542 -0.72974522 0)
(1.4561515 -0.73969341 0)
(1.4499094 -0.74927051 0)
(1.4431408 -0.75847408 0)
(1.4358574 -0.76730272 0)
(1.4280713 -0.77575488 0)
(1.4197947 -0.7838286 0)
(1.4110396 -0.79152285 0)
(1.4018202 -0.79883587 0)
(1.3921506 -0.80576552 0)
(1.3820435 -0.81231105 0)
(1.3715128 -0.81847108 0)
(1.3605738 -0.82424336 0)
(1.3492416 -0.82962592 0)
(1.3375312 -0.83461721 0)
(1.3254579 -0.83921596 0)
(1.3130372 -0.84342104 0)
(1.3002848 -0.84723157 0)
(1.2872165 -0.85064691 0)
(1.2738484 -0.85366672 0)
(1.2601967 -0.85629094 0)
(1.2462776 -0.85851989 0)
(1.2321074 -0.86035424 0)
(1.2177027 -0.86179504 0)
(1.2030799 -0.86284377 0)
(1.1882556 -0.86350234 0)
(1.1732462 -0.86377309 0)
(1.1580684 -0.86365883 0)
(1.1427384 -0.86316284 0)
(1.1272728 -0.86228889 0)
(1.1116879 -0.86104121 0)
(1.0959995 -0.85942455 0)
(1.0802233 -0.8574443 0)
(1.5230789 -0.48537425 0)
(1.5282138 -0.50135926 0)
(1.532675 -0.5169725 0)
(1.5364621 -0.53221401 0)
(1.5395723 -0.54708423 0)
(1.5420054 -0.56158391 0)
(1.5437628 -0.57571401 0)
(1.5448476 -0.58947566 0)
(1.5452641 -0.60287007 0)
(1.5450174 -0.61589848 0)
(1.5441142 -0.62856214 0)
(1.5425619 -0.64086216 0)
(1.5403688 -0.65279941 0)
(1.5375438 -0.66437445 0)
(1.5340965 -0.67558776 0)
(1.5300369 -0.68643978 0)
(1.5253756 -0.69693101 0)
(1.5201226 -0.70706251 0)
(1.514289 -0.71683478 0)
(1.507889 -0.72624632 0)
(1.5009367 -0.73529544 0)
(1.4934452 -0.74398156 0)
(1.4854277 -0.75230402 0)
(1.4768983 -0.76026191 0)
(1.4678697 -0.76785371 0)
(1.4583556 -0.77507767 0)
(1.4483716 -0.78193336 0)
(1.4379314 -0.7884202 0)
(1.4270498 -0.79453684 0)
(1.415743 -0.80028109 0)
(1.4040265 -0.80565137 0)
(1.3919161 -0.81064631 0)
(1.3794273 -0.81526468 0)
(1.3665763 -0.81950534 0)
(1.3533792 -0.82336734 0)
(1.3398523 -0.82684994 0)
(1.326012 -0.82995262 0)
(1.3118749 -0.83267512 0)
(1.2974577 -0.83501748 0)
(1.2827771 -0.83698006 0)
(1.2678499 -0.83856357 0)
(1.252693 -0.83976908 0)
(1.2373232 -0.84059806 0)
(1.2217574 -0.84105239 0)
(1.2060124 -0.84113437 0)
(1.1901051 -0.84084676 0)
(1.1740522 -0.84019276 0)
(1.1578703 -0.83917602 0)
(1.141576 -0.83780069 0)
(1.1251855 -0.83607144 0)
(1.1087157 -0.83399318 0)
(1.5862898 -0.48369696 0)
(1.591302 -0.49910881 0)
(1.5955773 -0.51413646 0)
(1.5991187 -0.52878238 0)
(1.6019275 -0.54304926 0)
(1.6040071 -0.55693992 0)
(1.6053628 -0.57045722 0)
(1.606001 -0.58360405 0)
(1.6059293 -0.59638328 0)
(1.6051563 -0.6087977 0)
(1.6036915 -0.62085002 0)
(1.6015454 -0.63254272 0)
(1.5987297 -0.64387773 0)
(1.5952558 -0.65485634 0)
(1.5911356 -0.66547983 0)
(1.5863811 -0.67574982 0)
(1.5810039 -0.6856686 0)
(1.5750167 -0.69523771 0)
(1.5684351 -0.70445645 0)
(1.561275 -0.71332406 0)
(1.5535505 -0.72184063 0)
(1.5452762 -0.73000612 0)
(1.5364667 -0.73782042 0)
(1.5271379 -0.74528273 0)
(1.5173054 -0.7523921 0)
(1.506982 -0.75914771 0)
(1.4961825 -0.76554935 0)
(1.4849244 -0.7715962 0)
(1.4732244 -0.77728627 0)
(1.4610986 -0.7826182 0)
(1.4485632 -0.78759079 0)
(1.4356345 -0.7922029 0)
(1.422329 -0.79645342 0)
(1.4086635 -0.80034135 0)
(1.3946545 -0.80386584 0)
(1.3803191 -0.80702624 0)
(1.3656741 -0.80982209 0)
(1.3507366 -0.81225318 0)
(1.3355237 -0.81431958 0)
(1.3200526 -0.81602166 0)
(1.3043403 -0.81736011 0)
(1.2884041 -0.81833599 0)
(1.2722613 -0.81895073 0)
(1.2559288 -0.81920614 0)
(1.239424 -0.81910447 0)
(1.2227639 -0.81864838 0)
(1.2059654 -0.81784095 0)
(1.1890454 -0.81668574 0)
(1.1720207 -0.81518673 0)
(1.1549079 -0.81334833 0)
(1.1377243 -0.81117536 0)
(1.6523601 -0.48286617 0)
(1.6571403 -0.49765353 0)
(1.6611215 -0.51204793 0)
(1.664311 -0.52605419 0)
(1.6667142 -0.53967714 0)
(1.6683385 -0.55292156 0)
(1.6691932 -0.56579213 0)
(1.6692882 -0.57829338 0)
(1.6686346 -0.59042966 0)
(1.6672442 -0.60220519 0)
(1.6651297 -0.61362408 0)
(1.662305 -0.62469018 0)
(1.658785 -0.63540625 0)
(1.6545842 -0.64577391 0)
(1.6497159 -0.65579523 0)
(1.644193 -0.66547362 0)
(1.6380297 -0.6748121 0)
(1.6312435 -0.68381098 0)
(1.6238518 -0.69247006 0)
(1.6158705 -0.7007903 0)
(1.6073155 -0.70877243 0)
(1.5982026 -0.71641689 0)
(1.5885487 -0.72372329 0)
(1.578371 -0.73069102 0)
(1.5676844 -0.73732077 0)
(1.5565038 -0.74361255 0)
(1.5448464 -0.74956452 0)
(1.5327304 -0.7551753 0)
(1.5201728 -0.76044394 0)
(1.5071905 -0.76536943 0)
(1.4938004 -0.76995071 0)
(1.4800195 -0.7741867 0)
(1.465865 -0.77807637 0)
(1.4513541 -0.78161881 0)
(1.4365041 -0.78481321 0)
(1.4213324 -0.78765893 0)
(1.4058563 -0.79015555 0)
(1.3900932 -0.79230284 0)
(1.3740606 -0.79410087 0)
(1.357776 -0.79554996 0)
(1.3412569 -0.79665078 0)
(1.3245207 -0.79740431 0)
(1.307585 -0.7978119 0)
(1.2904671 -0.79787529 0)
(1.2731843 -0.79759662 0)
(1.2557541 -0.79697844 0)
(1.2381936 -0.79602369 0)
(1.2205198 -0.79473579 0)
(1.2027497 -0.79311856 0)
(1.1849 -0.79117622 0)
(1.1669886 -0.78891343 0)
(1.7209086 -0.48270076 0)
(1.7253382 -0.49681434 0)
(1.7289095 -0.51053014 0)
(1.7316341 -0.52385523 0)
(1.7335219 -0.5367965 0)
(1.7345847 -0.54936054 0)
(1.7348356 -0.56155367 0)
(1.7342883 -0.57338189 0)
(1.7329575 -0.58485087 0)
(1.730858 -0.59596602 0)
(1.7280054 -0.60673273 0)
(1.7244173 -0.61715618 0)
(1.7201127 -0.62723977 0)
(1.7151085 -0.63698535 0)
(1.7094183 -0.64639615 0)
(1.7030565 -0.65547628 0)
(1.6960423 -0.66422785 0)
(1.6883955 -0.67265176 0)
(1.6801337 -0.68074955 0)
(1.6712742 -0.68852188 0)
(1.6618345 -0.69597055 0)
(1.6518325 -0.70309584 0)
(1.6412866 -0.7098972 0)
(1.6302131 -0.71637582 0)
(1.6186285 -0.72253205 0)
(1.606551 -0.72836469 0)
(1.5939984 -0.73387224 0)
(1.5809888 -0.73905382 0)
(1.5675399 -0.7439086 0)
(1.5536692 -0.74843565 0)
(1.5393945 -0.75263392 0)
(1.5247333 -0.75650238 0)
(1.5097034 -0.76004004 0)
(1.4943224 -0.76324598 0)
(1.4786081 -0.76611939 0)
(1.4625781 -0.76865963 0)
(1.4462503 -0.77086621 0)
(1.4296423 -0.77273889 0)
(1.412772 -0.77427765 0)
(1.395657 -0.77548277 0)
(1.3783151 -0.77635481 0)
(1.360764 -0.77689468 0)
(1.3430214 -0.77710361 0)
(1.3251048 -0.77698324 0)
(1.3070319 -0.77653556 0)
(1.28882 -0.77576299 0)
(1.2704865 -0.77466835 0)
(1.2520486 -0.77325485 0)
(1.2335235 -0.77152617 0)
(1.2149281 -0.76948636 0)
(1.1962801 -0.76713988 0)
(1.7915642 -0.48302181 0)
(1.7955175 -0.49641546 0)
(1.7985571 -0.50941079 0)
(1.8006992 -0.52201695 0)
(1.8019583 -0.53424265 0)
(1.8023505 -0.54609615 0)
(1.8018931 -0.55758522 0)
(1.8006035 -0.56871714 0)
(1.7985 -0.57949876 0)
(1.7956003 -0.58993636 0)
(1.7919226 -0.60003609 0)
(1.7874882 -0.60980421 0)
(1.7823206 -0.61924487 0)
(1.7764384 -0.62836109 0)
(1.7698561 -0.63715627 0)
(1.762591 -0.64563367 0)
(1.7546645 -0.65379533 0)
(1.7460976 -0.66164401 0)
(1.7369104 -0.66918204 0)
(1.7271207 -0.67640984 0)
(1.7167472 -0.68332833 0)
(1.7058107 -0.68993914 0)
(1.6943283 -0.69624269 0)
(1.682318 -0.70223951 0)
(1.6697994 -0.7079287 0)
(1.6567907 -0.71330947 0)
(1.6433103 -0.71838098 0)
(1.6293768 -0.72314238 0)
(1.6150083 -0.72759278 0)
(1.6002232 -0.7317312 0)
(1.5850397 -0.73555657 0)
(1.5694759 -0.73906784 0)
(1.5535498 -0.74226397 0)
(1.5372796 -0.74514401 0)
(1.5206832 -0.7477071 0)
(1.5037788 -0.74995251 0)
(1.4865843 -0.75187969 0)
(1.4691178 -0.75348831 0)
(1.4513971 -0.75477825 0)
(1.4334402 -0.75574969 0)
(1.4152651 -0.75640307 0)
(1.3968895 -0.75673918 0)
(1.3783313 -0.75675912 0)
(1.3596082 -0.75646439 0)
(1.3407379 -0.75585683 0)
(1.3217379 -0.75493869 0)
(1.3026257 -0.75371264 0)
(1.2834186 -0.75218172 0)
(1.2641338 -0.75034941 0)
(1.2447884 -0.74821959 0)
(1.2254002 -0.74579654 0)
(1.8639648 -0.48365517 0)
(1.8673111 -0.49628717 0)
(1.8696934 -0.50852469 0)
(1.8711326 -0.52037875 0)
(1.8716478 -0.53185969 0)
(1.8712597 -0.54297719 0)
(1.8699893 -0.55374027 0)
(1.8678581 -0.56415732 0)
(1.8648876 -0.57423628 0)
(1.8610989 -0.58398393 0)
(1.8565125 -0.59340648 0)
(1.8511525 -0.60251046 0)
(1.8450462 -0.61130183 0)
(1.838215 -0.61978446 0)
(1.8306754 -0.62796115 0)
(1.8224462 -0.63583543 0)
(1.8135499 -0.64340928 0)
(1.8040084 -0.65068639 0)
(1.7938442 -0.6576688 0)
(1.7830782 -0.6643575 0)
(1.7717282 -0.67075372 0)
(1.7598144 -0.67685862 0)
(1.7473579 -0.68267298 0)
(1.7343778 -0.68819594 0)
(1.7208937 -0.69342722 0)
(1.7069244 -0.69836632 0)
(1.6924892 -0.70301243 0)
(1.6776069 -0.70736465 0)
(1.6622964 -0.71142198 0)
(1.6465764 -0.71518333 0)
(1.6304654 -0.71864757 0)
(1.613982 -0.72181355 0)
(1.5971445 -0.72468016 0)
(1.5799713 -0.72724633 0)
(1.5624807 -0.7295111 0)
(1.5446909 -0.73147363 0)
(1.5266201 -0.73313328 0)
(1.5082864 -0.73448956 0)
(1.489708 -0.73554226 0)
(1.4709028 -0.73629139 0)
(1.4518889 -0.73673727 0)
(1.4326843 -0.73688054 0)
(1.4133067 -0.73672214 0)
(1.3937741 -0.7362634 0)
(1.374104 -0.735506 0)
(1.3543142 -0.73445201 0)
(1.3344221 -0.73310391 0)
(1.3144451 -0.73146457 0)
(1.2944004 -0.72953726 0)
(1.2743053 -0.7273257 0)
(1.2541777 -0.72483395 0)
(1.9377568 -0.48443406 0)
(1.9403628 -0.49626799 0)
(1.9419606 -0.50771575 0)
(1.9425757 -0.51878992 0)
(1.9422322 -0.52950223 0)
(1.9409547 -0.53986352 0)
(1.9387684 -0.5498837 0)
(1.9356982 -0.55957194 0)
(1.9317693 -0.56893726 0)
(1.9270062 -0.57798689 0)
(1.9214319 -0.58672748 0)
(1.9150716 -0.59516456 0)
(1.9079558 -0.60330446 0)
(1.9001101 -0.6111528 0)
(1.8915516 -0.6187126 0)
(1.8823013 -0.62598732 0)
(1.8723823 -0.63297954 0)
(1.8618178 -0.63969134 0)
(1.8506325 -0.64612574 0)
(1.838847 -0.65228435 0)
(1.8264811 -0.65816853 0)
(1.813557 -0.66377773 0)
(1.8000955 -0.6691125 0)
(1.7861168 -0.67417266 0)
(1.7716408 -0.67895792 0)
(1.7566873 -0.68346764 0)
(1.7412758 -0.68770094 0)
(1.7254255 -0.69165679 0)
(1.7091559 -0.69533405 0)
(1.6924857 -0.69873149 0)
(1.675434 -0.70184786 0)
(1.6580193 -0.70468187 0)
(1.6402604 -0.70723225 0)
(1.6221757 -0.7094978 0)
(1.6037836 -0.71147743 0)
(1.5851024 -0.71317014 0)
(1.5661506 -0.71457514 0)
(1.5469461 -0.71569181 0)
(1.5275073 -0.71651975 0)
(1.5078521 -0.71705883 0)
(1.4879986 -0.71730922 0)
(1.4679649 -0.71727135 0)
(1.4477686 -0.71694603 0)
(1.4274277 -0.71633438 0)
(1.4069599 -0.7154379 0)
(1.3863827 -0.71425848 0)
(1.3657138 -0.71279838 0)
(1.3449703 -0.71106026 0)
(1.3241697 -0.70904719 0)
(1.3033291 -0.70676267 0)
(1.2824666 -0.70421056 0)
(2.0125959 -0.48520112 0)
(2.0143277 -0.49620674 0)
(2.0150141 -0.50683886 0)
(2.0146854 -0.51711137 0)
(2.0133701 -0.52703701 0)
(2.0110972 -0.53662755 0)
(2.0078957 -0.54589347 0)
(2.0037932 -0.55484425 0)
(1.9988183 -0.56348977 0)
(1.9929987 -0.57183824 0)
(1.9863607 -0.57989621 0)
(1.9789322 -0.5876679 0)
(1.9707432 -0.59515942 0)
(1.9618216 -0.60237785 0)
(1.9521885 -0.6093272 0)
(1.941865 -0.61600925 0)
(1.9308769 -0.62242803 0)
(1.919247 -0.62858535 0)
(1.9069999 -0.63448308 0)
(1.8941593 -0.64012334 0)
(1.8807464 -0.64550598 0)
(1.8667832 -0.6506313 0)
(1.8522909 -0.65549954 0)
(1.8372903 -0.66011048 0)
(1.8218019 -0.6644636 0)
(1.8058459 -0.66855807 0)
(1.7894421 -0.67239287 0)
(1.7726102 -0.67596678 0)
(1.7553695 -0.6792785 0)
(1.7377393 -0.6823266 0)
(1.7197386 -0.68510965 0)
(1.7013861 -0.68762617 0)
(1.6827006 -0.68987474 0)
(1.6637006 -0.69185396 0)
(1.6444046 -0.69356257 0)
(1.6248309 -0.6949994 0)
(1.6049977 -0.69616348 0)
(1.5849233 -0.697054 0)
(1.5646258 -0.69767041 0)
(1.5441232 -0.6980124 0)
(1.5234335 -0.69807992 0)
(1.5025746 -0.69787325 0)
(1.4815644 -0.69739299 0)
(1.4604206 -0.69664008 0)
(1.4391608 -0.69561582 0)
(1.4178026 -0.69432189 0)
(1.3963635 -0.69276035 0)
(1.3748609 -0.69093364 0)
(1.3533118 -0.68884456 0)
(1.3317335 -0.68649644 0)
(1.3101441 -0.68389321 0)
(2.0881471 -0.48581031 0)
(2.0888725 -0.49596414 0)
(2.0885233 -0.5057614 0)
(2.0871342 -0.51521688 0)
(2.084738 -0.52434397 0)
(2.0813678 -0.53315513 0)
(2.0770562 -0.54166136 0)
(2.0718335 -0.54987261 0)
(2.0657302 -0.5577986 0)
(2.0587781 -0.56544674 0)
(2.0510075 -0.57282444 0)
(2.042447 -0.57993564 0)
(2.0331261 -0.58678692 0)
(2.0230746 -0.59338439 0)
(2.0123173 -0.59973236 0)
(2.0008764 -0.60583409 0)
(1.9887763 -0.61169166 0)
(1.9760434 -0.61730753 0)
(1.9627031 -0.62268189 0)
(1.9487787 -0.62781652 0)
(1.9342926 -0.63271184 0)
(1.919267 -0.63736803 0)
(1.9037236 -0.64178495 0)
(1.8876835 -0.64596211 0)
(1.8711677 -0.64989872 0)
(1.8541964 -0.65359372 0)
(1.8367898 -0.65704584 0)
(1.8189676 -0.66025366 0)
(1.8007493 -0.66321563 0)
(1.7821541 -0.66593012 0)
(1.763201 -0.66839547 0)
(1.7439088 -0.67061 0)
(1.7242963 -0.67257206 0)
(1.7043818 -0.67428006 0)
(1.6841838 -0.67573252 0)
(1.6637205 -0.6769281 0)
(1.6430101 -0.67786561 0)
(1.6220707 -0.67854406 0)
(1.6009202 -0.67896269 0)
(1.5795767 -0.67912099 0)
(1.5580579 -0.67901874 0)
(1.5363818 -0.678656 0)
(1.5145659 -0.67803318 0)
(1.4926279 -0.67715102 0)
(1.4705854 -0.67601062 0)
(1.4484559 -0.67461346 0)
(1.4262568 -0.67296139 0)
(1.4040052 -0.67105666 0)
(1.3817183 -0.66890198 0)
(1.3594129 -0.6665004 0)
(2.1640863 -0.48612833 0)
(2.1636769 -0.49541418 0)
(2.162172 -0.50436429 0)
(2.159611 -0.51299414 0)
(2.1560302 -0.52131741 0)
(2.1514663 -0.52934663 0)
(2.1459552 -0.53709403 0)
(2.1395297 -0.5445686 0)
(2.1322243 -0.55177961 0)
(2.1240719 -0.55873342 0)
(2.1151051 -0.5654381 0)
(2.1053544 -0.57189928 0)
(2.0948492 -0.5781211 0)
(2.0836213 -0.58411064 0)
(2.0716957 -0.58987176 0)
(2.059097 -0.59540767 0)
(2.0458522 -0.60071927 0)
(2.031987 -0.60580762 0)
(2.0175268 -0.610674 0)
(2.0024953 -0.61531943 0)
(1.9869157 -0.6197442 0)
(1.9708103 -0.62394815 0)
(1.9542012 -0.62793079 0)
(1.9371097 -0.6316913 0)
(1.9195567 -0.63522856 0)
(1.9015627 -0.63854124 0)
(1.8831478 -0.64162779 0)
(1.8643318 -0.64448652 0)
(1.8451339 -0.64711561 0)
(1.8255735 -0.64951319 0)
(1.8056693 -0.65167733 0)
(1.7854401 -0.65360611 0)
(1.7649043 -0.65529766 0)
(1.7440804 -0.65675016 0)
(1.7229864 -0.65796192 0)
(1.7016405 -0.65893136 0)
(1.6800607 -0.65965708 0)
(1.6582649 -0.6601379 0)
(1.6362709 -0.66037284 0)
(1.6140964 -0.66036119 0)
(1.5917591 -0.66010251 0)
(1.5692768 -0.65959669 0)
(1.5466668 -0.6588439 0)
(1.5239467 -0.65784468 0)
(1.5011338 -0.65659993 0)
(1.4782456 -0.65511092 0)
(1.4552991 -0.6533793 0)
(1.4323116 -0.65140715 0)
(1.4092999 -0.64919698 0)
(1.3862815 -0.64675153 0)
(2.2401014 -0.4860358 0)
(2.2384343 -0.4944449 0)
(2.23566 -0.50254289 0)
(2.2318216 -0.51034516 0)
(2.2269595 -0.51786651 0)
(2.2211122 -0.52511782 0)
(2.2143197 -0.53211168 0)
(2.2066178 -0.53885654 0)
(2.1980425 -0.54536097 0)
(2.1886287 -0.55163276 0)
(2.1784091 -0.55767716 0)
(2.1674176 -0.56350249 0)
(2.1556831 -0.5691116 0)
(2.1432366 -0.5745097 0)
(2.1301071 -0.57970118 0)
(2.1163205 -0.58468705 0)
(2.1019034 -0.58946903 0)
(2.0868819 -0.5940479 0)
(2.0712812 -0.59842452 0)
(2.0551255 -0.6025993 0)
(2.038438 -0.60657214 0)
(2.0212414 -0.61034248 0)
(2.0035576 -0.61390945 0)
(1.985408 -0.61727186 0)
(1.9668135 -0.62042825 0)
(1.9477944 -0.62337693 0)
(1.9283707 -0.62611606 0)
(1.9085619 -0.62864363 0)
(1.8883873 -0.63095753 0)
(1.8678658 -0.6330556 0)
(1.847016 -0.63493566 0)
(1.8258565 -0.63659551 0)
(1.8044053 -0.63803304 0)
(1.7826807 -0.63924619 0)
(1.7607005 -0.64023302 0)
(1.7384826 -0.64099174 0)
(1.7160448 -0.64152073 0)
(1.6934045 -0.64181857 0)
(1.6705795 -0.64188409 0)
(1.6475872 -0.64171635 0)
(1.6244451 -0.64131472 0)
(1.6011706 -0.64067885 0)
(1.5777809 -0.63980873 0)
(1.5542934 -0.63870468 0)
(1.5307252 -0.63736739 0)
(1.5070934 -0.63579789 0)
(1.4834151 -0.63399762 0)
(1.4597072 -0.6319684 0)
(1.4359866 -0.62971243 0)
(1.4122712 -0.62723223 0)
(2.3158936 -0.48542814 0)
(2.312853 -0.49295913 0)
(2.3087032 -0.50020784 0)
(2.3034895 -0.50718772 0)
(2.2972567 -0.51391382 0)
(2.2900464 -0.52039663 0)
(2.2818995 -0.52664713 0)
(2.2728548 -0.53267525 0)
(2.2629491 -0.53848735 0)
(2.2522199 -0.54409306 0)
(2.2406996 -0.54949647 0)
(2.2284222 -0.55470368 0)
(2.2154202 -0.55971908 0)
(2.2017238 -0.56454473 0)
(2.1873625 -0.56918467 0)
(2.1723632 -0.57364022 0)
(2.1567528 -0.57791255 0)
(2.1405573 -0.58200214 0)
(2.1238019 -0.5859092 0)
(2.1065106 -0.58963358 0)
(2.0887069 -0.59317467 0)
(2.0704131 -0.59653149 0)
(2.051651 -0.59970272 0)
(2.032442 -0.60268676 0)
(2.0128065 -0.60548177 0)
(1.9927647 -0.60808571 0)
(1.9723363 -0.61049636 0)
(1.9515404 -0.61271139 0)
(1.9303961 -0.61472839 0)
(1.9089218 -0.61654489 0)
(1.8871359 -0.61815842 0)
(1.8650564 -0.61956653 0)
(1.8427014 -0.62076683 0)
(1.8200884 -0.621757 0)
(1.7972352 -0.62253488 0)
(1.7741591 -0.62309843 0)
(1.7508775 -0.62344581 0)
(1.7274079 -0.62357538 0)
(1.7037674 -0.62348575 0)
(1.6799732 -0.62317578 0)
(1.6560425 -0.62264461 0)
(1.6319924 -0.62189169 0)
(1.60784 -0.6209168 0)
(1.5836022 -0.61972004 0)
(1.5592959 -0.6183019 0)
(1.5349382 -0.61666318 0)
(1.5105457 -0.61480509 0)
(1.4861353 -0.61272919 0)
(1.4617237 -0.61043747 0)
(1.4373286 -0.60793246 0)
(2.3911787 -0.48421664 0)
(2.3866571 -0.4908761 0)
(2.3810342 -0.4972837 0)
(2.3743584 -0.50345239 0)
(2.3666756 -0.50939524 0)
(2.3580302 -0.51512427 0)
(2.3484641 -0.52064795 0)
(2.3380188 -0.52597763 0)
(2.3267311 -0.5311187 0)
(2.3146385 -0.53607838 0)
(2.3017771 -0.54086193 0)
(2.2881803 -0.54547232 0)
(2.2738808 -0.54991379 0)
(2.2589092 -0.55418853 0)
(2.2432946 -0.55829908 0)
(2.2270649 -0.56224654 0)
(2.2102469 -0.56603145 0)
(2.1928662 -0.5696538 0)
(2.1749479 -0.5731132 0)
(2.1565157 -0.57640891 0)
(2.1375928 -0.57953978 0)
(2.1182013 -0.58250433 0)
(2.0983626 -0.58530078 0)
(2.0780976 -0.5879271 0)
(2.0574265 -0.59038102 0)
(2.0363689 -0.5926601 0)
(2.0149441 -0.59476179 0)
(1.9931709 -0.59668339 0)
(1.9710677 -0.59842216 0)
(1.9486527 -0.59997533 0)
(1.9259437 -0.60134014 0)
(1.9029584 -0.60251385 0)
(1.8797142 -0.60349381 0)
(1.8562284 -0.60427745 0)
(1.8325182 -0.60486235 0)
(1.8086006 -0.60524626 0)
(1.7844926 -0.60542709 0)
(1.7602112 -0.60540301 0)
(1.7357732 -0.60517238 0)
(1.7111955 -0.60473387 0)
(1.6864948 -0.60408641 0)
(1.661688 -0.60322924 0)
(1.6367918 -0.60216193 0)
(1.6118229 -0.60088439 0)
(1.5867979 -0.59939688 0)
(1.5617336 -0.59770002 0)
(1.5366464 -0.59579483 0)
(1.5115529 -0.59368274 0)
(1.4864694 -0.59136556 0)
(2.4656875 -0.48232698 0)
(2.4595898 -0.48812822 0)
(2.4524071 -0.49370864 0)
(2.4441909 -0.49908291 0)
(2.4349879 -0.50426138 0)
(2.4248451 -0.50925741 0)
(2.4138042 -0.51407803 0)
(2.4019073 -0.51873203 0)
(2.3891946 -0.52322566 0)
(2.3757032 -0.52756299 0)
(2.3614691 -0.53174886 0)
(2.3465261 -0.53578626 0)
(2.3309067 -0.53967806 0)
(2.3146413 -0.54342602 0)
(2.2977593 -0.54703151 0)
(2.2802882 -0.55049501 0)
(2.2622545 -0.55381643 0)
(2.2436838 -0.55699515 0)
(2.2246003 -0.56003018 0)
(2.2050275 -0.56292015 0)
(2.1849879 -0.56566336 0)
(2.1645033 -0.5682578 0)
(2.1435944 -0.5707012 0)
(2.1222816 -0.57299107 0)
(2.1005845 -0.57512472 0)
(2.0785222 -0.5770993 0)
(2.0561135 -0.57891187 0)
(2.0333764 -0.5805594 0)
(2.010329 -0.58203881 0)
(1.9869888 -0.58334702 0)
(1.963373 -0.58448096 0)
(1.9394989 -0.58543762 0)
(1.9153832 -0.58621408 0)
(1.8910428 -0.58680753 0)
(1.8664944 -0.58721532 0)
(1.8417546 -0.58743493 0)
(1.8168398 -0.58746409 0)
(1.7917665 -0.58730073 0)
(1.7665512 -0.58694301 0)
(1.7412104 -0.58638939 0)
(1.7157604 -0.58563859 0)
(1.6902176 -0.58468968 0)
(1.6645985 -0.583542 0)
(1.6389194 -0.58219527 0)
(1.6131966 -0.58064954 0)
(1.5874466 -0.57890525 0)
(1.5616854 -0.57696323 0)
(1.5359295 -0.57482476 0)
(1.5101955 -0.57249138 0)
(2.5391708 -0.47969851 0)
(2.5314122 -0.48466081 0)
(2.5225938 -0.48943562 0)
(2.5127694 -0.49403908 0)
(2.501986 -0.49847981 0)
(2.490291 -0.50276835 0)
(2.4777296 -0.50691229 0)
(2.4643433 -0.5109169 0)
(2.4501721 -0.51478797 0)
(2.4352536 -0.51852931 0)
(2.4196233 -0.52214434 0)
(2.403315 -0.52563536 0)
(2.3863607 -0.5290041 0)
(2.3687907 -0.53225149 0)
(2.3506336 -0.53537795 0)
(2.3319166 -0.53838319 0)
(2.3126658 -0.5412664 0)
(2.292906 -0.54402633 0)
(2.2726607 -0.54666131 0)
(2.2519529 -0.54916938 0)
(2.2308042 -0.55154824 0)
(2.2092358 -0.55379535 0)
(2.1872677 -0.55590794 0)
(2.1649195 -0.55788305 0)
(2.1422103 -0.55971754 0)
(2.1191583 -0.56140818 0)
(2.0957816 -0.56295163 0)
(2.0720977 -0.56434451 0)
(2.0481238 -0.56558342 0)
(2.0238769 -0.56666496 0)
(1.9993736 -0.56758577 0)
(1.9746304 -0.56834258 0)
(1.9496636 -0.5689322 0)
(1.9244894 -0.56935158 0)
(1.899124 -0.56959783 0)
(1.8735833 -0.56966822 0)
(1.8478833 -0.56956025 0)
(1.8220401 -0.56927164 0)
(1.7960697 -0.56880038 0)
(1.7699879 -0.56814471 0)
(1.7438108 -0.56730316 0)
(1.7175544 -0.56627461 0)
(1.6912347 -0.56505821 0)
(1.6648678 -0.56365348 0)
(1.6384695 -0.56206027 0)
(1.612056 -0.5602788 0)
(1.5856432 -0.55830967 0)
(1.559247 -0.55615386 0)
(1.5328844 -0.55381274 0)
(2.6113974 -0.47628601 0)
(2.6019044 -0.48043605 0)
(2.5913849 -0.48443528 0)
(2.5798934 -0.48829659 0)
(2.5674806 -0.49202913 0)
(2.5541929 -0.49563938 0)
(2.5400753 -0.49913442 0)
(2.5251697 -0.50251897 0)
(2.5095155 -0.50579713 0)
(2.49315 -0.50897185 0)
(2.4761082 -0.51204526 0)
(2.4584235 -0.51501867 0)
(2.4401269 -0.51789273 0)
(2.4212481 -0.52066744 0)
(2.401815 -0.52334228 0)
(2.3818541 -0.52591614 0)
(2.3613905 -0.52838746 0)
(2.3404482 -0.53075429 0)
(2.3190499 -0.5330143 0)
(2.2972176 -0.53516489 0)
(2.2749722 -0.53720319 0)
(2.2523337 -0.53912612 0)
(2.2293216 -0.5409304 0)
(2.2059545 -0.54261259 0)
(2.1822505 -0.54416913 0)
(2.1582273 -0.54559639 0)
(2.1339019 -0.54689066 0)
(2.1092912 -0.54804821 0)
(2.0844116 -0.54906531 0)
(2.0592793 -0.54993826 0)
(2.0339103 -0.55066344 0)
(2.0083203 -0.5512373 0)
(1.9825249 -0.55165641 0)
(1.9565398 -0.55191747 0)
(1.9303804 -0.55201738 0)
(1.9040621 -0.5519532 0)
(1.8776005 -0.55172223 0)
(1.851011 -0.551322 0)
(1.8243089 -0.55075029 0)
(1.7975099 -0.55000517 0)
(1.7706294 -0.549085 0)
(1.743683 -0.54798844 0)
(1.7166863 -0.5467145 0)
(1.689655 -0.5452625 0)
(1.6626047 -0.5436321 0)
(1.6355511 -0.54182332 0)
(1.6085099 -0.53983651 0)
(1.5814965 -0.53767244 0)
(1.5545279 -0.53533251 0)
(2.6821543 -0.47206306 0)
(2.6708628 -0.47543279 0)
(2.6585895 -0.47868952 0)
(2.6453875 -0.4818412 0)
(2.6313071 -0.48489657 0)
(2.616395 -0.48786119 0)
(2.6006954 -0.49074014 0)
(2.5842498 -0.49353701 0)
(2.5670969 -0.49625445 0)
(2.5492732 -0.49889414 0)
(2.5308127 -0.50145701 0)
(2.5117478 -0.50394325 0)
(2.4921087 -0.50635243 0)
(2.4719238 -0.50868358 0)
(2.4512202 -0.51093523 0)
(2.4300231 -0.51310545 0)
(2.4083566 -0.51519189 0)
(2.3862437 -0.51719187 0)
(2.3637061 -0.5191024 0)
(2.3407645 -0.52092027 0)
(2.317439 -0.52264201 0)
(2.2937484 -0.52426401 0)
(2.2697112 -0.5257825 0)
(2.2453451 -0.52719357 0)
(2.2206673 -0.52849327 0)
(2.1956943 -0.52967754 0)
(2.1704426 -0.53074233 0)
(2.1449279 -0.53168358 0)
(2.1191658 -0.53249725 0)
(2.0931718 -0.53317936 0)
(2.066961 -0.533726 0)
(2.0405484 -0.53413339 0)
(2.013949 -0.53439787 0)
(1.9871777 -0.53451592 0)
(1.9602491 -0.53448422 0)
(1.9331782 -0.53429964 0)
(1.9059799 -0.5339593 0)
(1.8786688 -0.53346054 0)
(1.8512601 -0.53280097 0)
(1.8237687 -0.53197848 0)
(1.7962095 -0.53099126 0)
(1.7685978 -0.52983783 0)
(1.7409487 -0.52851701 0)
(1.7132775 -0.52702795 0)
(1.6855994 -0.52537017 0)
(1.6579298 -0.52354351 0)
(1.6302839 -0.5215482 0)
(1.602677 -0.5193849 0)
(2.7512465 -0.46701428 0)
(2.7381095 -0.46963994 0)
(2.7240414 -0.47218874 0)
(2.7090951 -0.47466727 0)
(2.6933198 -0.4770818 0)
(2.6767618 -0.47943659 0)
(2.6594642 -0.4817349 0)
(2.6414672 -0.48397884 0)
(2.6228086 -0.48616961 0)
(2.6035235 -0.48830757 0)
(2.5836447 -0.4903924 0)
(2.5632033 -0.49242312 0)
(2.542228 -0.49439825 0)
(2.5207461 -0.49631581 0)
(2.4987832 -0.49817339 0)
(2.4763633 -0.49996821 0)
(2.4535091 -0.50169714 0)
(2.4302424 -0.50335678 0)
(2.4065836 -0.5049435 0)
(2.3825523 -0.50645343 0)
(2.3581672 -0.50788259 0)
(2.3334461 -0.50922682 0)
(2.3084062 -0.51048186 0)
(2.2830643 -0.51164339 0)
(2.2574364 -0.51270703 0)
(2.2315381 -0.51366838 0)
(2.2053847 -0.51452302 0)
(2.1789911 -0.51526659 0)
(2.1523721 -0.51589475 0)
(2.1255421 -0.51640327 0)
(2.0985155 -0.51678798 0)
(2.0713064 -0.51704487 0)
(2.0439291 -0.51717007 0)
(2.0163976 -0.51715985 0)
(1.9887261 -0.51701072 0)
(1.9609288 -0.51671935 0)
(1.9330197 -0.5162827 0)
(1.9050133 -0.51569793 0)
(1.8769238 -0.51496249 0)
(1.8487658 -0.51407414 0)
(1.8205536 -0.5130309 0)
(1.792302 -0.51183113 0)
(1.7640257 -0.51047351 0)
(1.7357396 -0.50895704 0)
(1.7074585 -0.50728108 0)
(1.6791973 -0.50544533 0)
(1.6509711 -0.50344991 0)
(1.622795 -0.50129521 0)
(2.8185036 -0.46113286 0)
(2.8034851 -0.46305524 0)
(2.7875932 -0.4649364 0)
(2.77088 -0.46678141 0)
(2.7533932 -0.46859425 0)
(2.7351778 -0.47037745 0)
(2.7162753 -0.47213253 0)
(2.6967245 -0.47386001 0)
(2.6765615 -0.47555961 0)
(2.6558197 -0.47723035 0)
(2.6345303 -0.47887064 0)
(2.6127227 -0.48047834 0)
(2.5904241 -0.48205088 0)
(2.5676601 -0.48358528 0)
(2.5444547 -0.48507821 0)
(2.5208304 -0.48652607 0)
(2.4968086 -0.48792495 0)
(2.4724093 -0.48927075 0)
(2.4476517 -0.49055919 0)
(2.4225539 -0.49178583 0)
(2.3971333 -0.49294612 0)
(2.3714065 -0.49403541 0)
(2.3453894 -0.495049 0)
(2.3190976 -0.49598215 0)
(2.292546 -0.49683009 0)
(2.265749 -0.49758808 0)
(2.238721 -0.49825139 0)
(2.2114758 -0.49881536 0)
(2.1840272 -0.49927539 0)
(2.1563886 -0.49962699 0)
(2.1285736 -0.49986578 0)
(2.1005956 -0.49998755 0)
(2.0724678 -0.4999882 0)
(2.0442037 -0.49986386 0)
(2.0158165 -0.49961084 0)
(1.9873199 -0.49922567 0)
(1.9587272 -0.49870513 0)
(1.9300522 -0.49804625 0)
(1.9013087 -0.49724634 0)
(1.8725104 -0.49630301 0)
(1.8436715 -0.49521414 0)
(1.814806 -0.49397796 0)
(1.7859283 -0.49259301 0)
(1.7570528 -0.49105816 0)
(1.7281939 -0.48937261 0)
(1.6993663 -0.48753591 0)
(1.6705844 -0.48554793 0)
(1.6418637 -0.48340881 0)
(2.8837743 -0.45442581 0)
(2.8668504 -0.45568891 0)
(2.8491175 -0.45694578 0)
(2.8306258 -0.45819944 0)
(2.8114212 -0.45945177 0)
(2.7915466 -0.46070341 0)
(2.7710416 -0.46195411 0)
(2.7499429 -0.46320281 0)
(2.7282846 -0.46444774 0)
(2.706098 -0.46568654 0)
(2.6834126 -0.46691636 0)
(2.6602556 -0.46813392 0)
(2.6366523 -0.46933558 0)
(2.6126265 -0.47051739 0)
(2.5882005 -0.47167513 0)
(2.563395 -0.47280436 0)
(2.5382296 -0.47390047 0)
(2.512723 -0.47495866 0)
(2.4868925 -0.47597404 0)
(2.4607549 -0.47694161 0)
(2.4343262 -0.47785631 0)
(2.4076214 -0.47871303 0)
(2.3806553 -0.47950663 0)
(2.353442 -0.480232 0)
(2.3259953 -0.48088402 0)
(2.2983284 -0.48145761 0)
(2.2704546 -0.48194778 0)
(2.2423866 -0.48234958 0)
(2.2141373 -0.4826582 0)
(2.185719 -0.4828689 0)
(2.1571445 -0.48297713 0)
(2.1284261 -0.48297846 0)
(2.0995763 -0.48286865 0)
(2.0706079 -0.48264364 0)
(2.0415332 -0.48229961 0)
(2.0123652 -0.48183295 0)
(1.9831167 -0.4812403 0)
(1.9538006 -0.48051856 0)
(1.9244302 -0.47966491 0)
(1.8950187 -0.47867683 0)
(1.8655796 -0.47755211 0)
(1.8361267 -0.47628882 0)
(1.8066736 -0.4748854 0)
(1.7772345 -0.47334058 0)
(1.7478233 -0.47165343 0)
(1.7184543 -0.46982335 0)
(1.6891418 -0.46785001 0)
(1.659901 -0.46573342 0)
(2.9469275 -0.44691019 0)
(2.9280867 -0.44756069 0)
(2.9085069 -0.44823869 0)
(2.8882358 -0.44894504 0)
(2.8673168 -0.44967949 0)
(2.8457904 -0.45044079 0)
(2.8236937 -0.45122694 0)
(2.8010609 -0.45203526 0)
(2.7779237 -0.4528625 0)
(2.7543112 -0.45370498 0)
(2.7302505 -0.45455859 0)
(2.7057665 -0.45541894 0)
(2.6808826 -0.45628135 0)
(2.6556203 -0.45714095 0)
(2.6300001 -0.45799266 0)
(2.6040407 -0.45883127 0)
(2.57776 -0.45965145 0)
(2.5511747 -0.46044778 0)
(2.5243006 -0.46121478 0)
(2.4971529 -0.46194695 0)
(2.4697459 -0.46263872 0)
(2.4420934 -0.46328458 0)
(2.4142086 -0.46387901 0)
(2.3861042 -0.46441651 0)
(2.3577929 -0.46489168 0)
(2.3292866 -0.46529914 0)
(2.3005974 -0.46563364 0)
(2.271737 -0.46589 0)
(2.242717 -0.46606319 0)
(2.2135491 -0.4661483 0)
(2.1842447 -0.46614058 0)
(2.1548155 -0.46603545 0)
(2.1252731 -0.46582852 0)
(2.0956293 -0.46551561 0)
(2.0658959 -0.46509274 0)
(2.036085 -0.46455621 0)
(2.0062088 -0.46390252 0)
(1.9762795 -0.46312848 0)
(1.9463097 -0.46223115 0)
(1.9163122 -0.46120792 0)
(1.8862999 -0.46005644 0)
(1.856286 -0.45877472 0)
(1.8262838 -0.45736106 0)
(1.7963069 -0.45581408 0)
(1.7663689 -0.45413274 0)
(1.7364838 -0.4523163 0)
(1.7066655 -0.45036431 0)
(1.6769289 -0.44827665 0)
(3.0078528 -0.43861181 0)
(2.987095 -0.43869829 0)
(2.9656732 -0.43884435 0)
(2.9436317 -0.43904861 0)
(2.9210111 -0.43930873 0)
(2.8978489 -0.4396216 0)
(2.8741792 -0.43998345 0)
(2.8500335 -0.44039003 0)
(2.8254406 -0.44083668 0)
(2.8004271 -0.44131837 0)
(2.7750175 -0.44182985 0)
(2.7492344 -0.44236562 0)
(2.7230986 -0.44292005 0)
(2.6966297 -0.44348735 0)
(2.6698456 -0.44406167 0)
(2.6427634 -0.44463705 0)
(2.6153987 -0.44520751 0)
(2.5877666 -0.44576706 0)
(2.5598811 -0.44630967 0)
(2.5317554 -0.44682935 0)
(2.5034025 -0.44732013 0)
(2.4748345 -0.44777609 0)
(2.4460632 -0.44819135 0)
(2.4171 -0.44856014 0)
(2.387956 -0.44887673 0)
(2.3586422 -0.44913554 0)
(2.3291692 -0.44933105 0)
(2.2995477 -0.4494579 0)
(2.2697882 -0.44951088 0)
(2.2399013 -0.44948491 0)
(2.2098976 -0.44937509 0)
(2.1797878 -0.44917672 0)
(2.1495826 -0.44888527 0)
(2.119293 -0.44849646 0)
(2.0889301 -0.44800621 0)
(2.0585051 -0.4474107 0)
(2.0280295 -0.44670635 0)
(1.997515 -0.44588988 0)
(1.9669736 -0.44495826 0)
(1.9364174 -0.44390878 0)
(1.9058588 -0.44273902 0)
(1.8753105 -0.44144688 0)
(1.8447853 -0.44003058 0)
(1.8142964 -0.43848866 0)
(1.7838571 -0.43681995 0)
(1.7534809 -0.43502361 0)
(1.7231815 -0.43309908 0)
(1.6929733 -0.43104616 0)
(3.0664593 -0.42956408 0)
(3.0437957 -0.4291363 0)
(3.0205468 -0.42879819 0)
(2.9967534 -0.42854619 0)
(2.9724525 -0.42837593 0)
(2.9476783 -0.4282824 0)
(2.9224616 -0.42826019 0)
(2.8968307 -0.42830352 0)
(2.8708115 -0.42840634 0)
(2.8444276 -0.42856239 0)
(2.8177008 -0.42876529 0)
(2.7906509 -0.42900855 0)
(2.7632964 -0.42928559 0)
(2.7356544 -0.42958981 0)
(2.7077406 -0.42991461 0)
(2.6795697 -0.43025338 0)
(2.6511555 -0.43059954 0)
(2.622511 -0.43094653 0)
(2.5936484 -0.43128788 0)
(2.5645792 -0.43161715 0)
(2.5353146 -0.43192798 0)
(2.5058651 -0.43221412 0)
(2.4762411 -0.43246939 0)
(2.4464526 -0.43268772 0)
(2.4165092 -0.43286318 0)
(2.3864206 -0.43298993 0)
(2.3561964 -0.43306229 0)
(2.3258459 -0.43307474 0)
(2.2953788 -0.43302189 0)
(2.2648043 -0.43289854 0)
(2.2341323 -0.43269968 0)
(2.2033725 -0.4324205 0)
(2.1725347 -0.43205637 0)
(2.141629 -0.43160291 0)
(2.1106658 -0.43105598 0)
(2.0796556 -0.43041166 0)
(2.0486092 -0.42966632 0)
(2.0175376 -0.42881659 0)
(1.9864522 -0.42785937 0)
(1.9553645 -0.42679189 0)
(1.9242864 -0.42561166 0)
(1.8932301 -0.4243165 0)
(1.862208 -0.42290455 0)
(1.8312327 -0.42137428 0)
(1.8003173 -0.41972444 0)
(1.7694748 -0.41795409 0)
(1.7387187 -0.41606258 0)
(1.708063 -0.4140496 0)
(3.1226755 -0.41980673 0)
(3.0981274 -0.41891499 0)
(3.0730757 -0.41814078 0)
(3.0475574 -0.41747841 0)
(3.0216055 -0.41692154 0)
(2.9952503 -0.41646338 0)
(2.9685192 -0.4160969 0)
(2.941437 -0.4158149 0)
(2.9140263 -0.41561001 0)
(2.8863076 -0.41547484 0)
(2.8582996 -0.41540194 0)
(2.8300196 -0.41538388 0)
(2.8014832 -0.41541325 0)
(2.7727051 -0.41548269 0)
(2.7436985 -0.41558493 0)
(2.7144759 -0.41571275 0)
(2.6850491 -0.41585903 0)
(2.6554288 -0.41601675 0)
(2.6256255 -0.416179 0)
(2.5956489 -0.41633895 0)
(2.5655083 -0.41648994 0)
(2.5352128 -0.41662539 0)
(2.504771 -0.41673887 0)
(2.4741917 -0.4168241 0)
(2.443483 -0.41687492 0)
(2.4126534 -0.41688533 0)
(2.3817111 -0.4168495 0)
(2.3506644 -0.41676176 0)
(2.3195218 -0.41661662 0)
(2.2882916 -0.41640877 0)
(2.2569825 -0.41613311 0)
(2.2256034 -0.41578474 0)
(2.1941633 -0.41535897 0)
(2.1626714 -0.41485136 0)
(2.1311372 -0.4142577 0)
(2.0995707 -0.41357403 0)
(2.0679819 -0.41279665 0)
(2.0363811 -0.41192214 0)
(2.0047792 -0.41094736 0)
(1.973187 -0.40986948 0)
(1.941616 -0.40868594 0)
(1.9100779 -0.40739452 0)
(1.8785845 -0.40599331 0)
(1.8471481 -0.40448069 0)
(1.8157814 -0.40285538 0)
(1.7844971 -0.40111635 0)
(1.7533083 -0.39926285 0)
(1.7222286 -0.39729449 0)
(3.1764481 -0.40938466 0)
(3.1500461 -0.40807922 0)
(3.1232248 -0.40691669 0)
(3.0960163 -0.40588941 0)
(3.0684497 -0.40498912 0)
(3.0405512 -0.40420737 0)
(3.0123441 -0.40353562 0)
(2.9838497 -0.40296531 0)
(2.9550871 -0.4024879 0)
(2.9260735 -0.40209491 0)
(2.8968245 -0.40177794 0)
(2.8673544 -0.40152871 0)
(2.8376761 -0.40133906 0)
(2.8078016 -0.40120094 0)
(2.7777418 -0.40110647 0)
(2.7475068 -0.40104792 0)
(2.7171062 -0.40101768 0)
(2.6865486 -0.40100832 0)
(2.6558426 -0.40101255 0)
(2.6249959 -0.40102325 0)
(2.5940163 -0.40103344 0)
(2.5629112 -0.40103632 0)
(2.5316876 -0.40102525 0)
(2.5003527 -0.40099373 0)
(2.4689135 -0.40093547 0)
(2.437377 -0.40084433 0)
(2.4057502 -0.40071435 0)
(2.3740404 -0.40053977 0)
(2.3422547 -0.400315 0)
(2.3104006 -0.40003468 0)
(2.2784858 -0.39969362 0)
(2.2465182 -0.39928689 0)
(2.214506 -0.39880976 0)
(2.1824575 -0.39825773 0)
(2.1503817 -0.39762656 0)
(2.1182875 -0.39691226 0)
(2.0861843 -0.39611109 0)
(2.0540821 -0.39521961 0)
(2.0219908 -0.39423464 0)
(1.9899209 -0.39315329 0)
(1.9578832 -0.391973 0)
(1.925889 -0.39069148 0)
(1.8939496 -0.38930679 0)
(1.862077 -0.38781727 0)
(1.8302834 -0.38622157 0)
(1.7985813 -0.38451862 0)
(1.7669834 -0.38270759 0)
(1.7355029 -0.38078801 0)
(3.227741 -0.39834685 0)
(3.1995244 -0.3966773 0)
(3.1709741 -0.39517353 0)
(3.1421174 -0.39382591 0)
(3.1129788 -0.39262442 0)
(3.0835801 -0.39155904 0)
(3.0539407 -0.39061986 0)
(3.0240779 -0.38979711 0)
(2.9940071 -0.38908114 0)
(2.9637422 -0.38846252 0)
(2.9332956 -0.38793199 0)
(2.9026785 -0.3874805 0)
(2.871901 -0.38709922 0)
(2.8409724 -0.38677953 0)
(2.809901 -0.38651301 0)
(2.7786947 -0.38629145 0)
(2.7473606 -0.38610686 0)
(2.7159056 -0.38595146 0)
(2.6843359 -0.38581765 0)
(2.6526578 -0.38569803 0)
(2.620877 -0.38558541 0)
(2.5889993 -0.38547278 0)
(2.5570303 -0.38535334 0)
(2.5249757 -0.38522045 0)
(2.492841 -0.38506768 0)
(2.460632 -0.38488882 0)
(2.4283545 -0.38467781 0)
(2.3960146 -0.38442882 0)
(2.3636183 -0.38413623 0)
(2.3311722 -0.38379461 0)
(2.2986829 -0.38339876 0)
(2.2661574 -0.38294371 0)
(2.2336031 -0.3824247 0)
(2.2010275 -0.38183723 0)
(2.1684388 -0.38117705 0)
(2.1358453 -0.38044013 0)
(2.1032557 -0.37962275 0)
(2.0706792 -0.37872143 0)
(2.0381253 -0.37773299 0)
(2.0056039 -0.37665451 0)
(1.9731253 -0.3754834 0)
(1.9407002 -0.37421736 0)
(1.9083398 -0.3728544 0)
(1.8760553 -0.37139284 0)
(1.8438587 -0.36983132 0)
(1.8117623 -0.36816869 0)
(1.7797782 -0.36640409 0)
(1.7479197 -0.36453693 0)
(3.2765344 -0.3867453 0)
(3.24655 -0.38476012 0)
(3.2163182 -0.382961 0)
(3.1858613 -0.38133635 0)
(3.1551989 -0.37987451 0)
(3.1243483 -0.3785641 0)
(3.0933247 -0.37739395 0)
(3.0621412 -0.37635319 0)
(3.0308096 -0.37543121 0)
(2.9993403 -0.37461773 0)
(2.9677422 -0.37390273 0)
(2.9360236 -0.37327652 0)
(2.9041917 -0.37272966 0)
(2.8722529 -0.37225304 0)
(2.8402132 -0.37183779 0)
(2.808078 -0.37147533 0)
(2.7758522 -0.37115733 0)
(2.7435405 -0.37087571 0)
(2.7111472 -0.37062263 0)
(2.6786768 -0.37039049 0)
(2.6461331 -0.37017192 0)
(2.6135204 -0.36995976 0)
(2.5808428 -0.36974708 0)
(2.5481044 -0.36952716 0)
(2.5153095 -0.36929349 0)
(2.4824625 -0.36903978 0)
(2.449568 -0.36875994 0)
(2.4166309 -0.3684481 0)
(2.3836564 -0.36809861 0)
(2.3506498 -0.36770604 0)
(2.3176169 -0.36726518 0)
(2.2845639 -0.36677105 0)
(2.2514971 -0.36621891 0)
(2.2184236 -0.36560426 0)
(2.1853504 -0.36492283 0)
(2.1522854 -0.36417065 0)
(2.1192366 -0.36334396 0)
(2.0862126 -0.3624393 0)
(2.0532224 -0.36145348 0)
(2.0202752 -0.3603836 0)
(1.9873809 -0.35922703 0)
(1.9545498 -0.35798147 0)
(1.9217924 -0.35664491 0)
(1.8891199 -0.35521565 0)
(1.8565437 -0.35369232 0)
(1.8240757 -0.35207377 0)
(1.791728 -0.35035904 0)
(1.7595134 -0.34854749 0)
(3.4167464 -0.382754 0)
(3.385659 -0.37980689 0)
(3.3543423 -0.37710492 0)
(3.3228236 -0.37463406 0)
(3.2911248 -0.37238029 0)
(3.259265 -0.37033011 0)
(3.2272612 -0.36847007 0)
(3.195128 -0.36678713 0)
(3.162878 -0.36526862 0)
(3.1305219 -0.36390232 0)
(3.0980689 -0.36267638 0)
(3.0655267 -0.36157936 0)
(3.0329022 -0.36060023 0)
(3.0002011 -0.35972834 0)
(2.9674284 -0.35895342 0)
(2.9345885 -0.35826558 0)
(2.9016851 -0.35765526 0)
(2.8687215 -0.35711324 0)
(2.8357008 -0.35663064 0)
(2.8026258 -0.35619885 0)
(2.7694989 -0.35580958 0)
(2.7363226 -0.35545481 0)
(2.7030993 -0.35512677 0)
(2.6698315 -0.35481798 0)
(2.6365215 -0.35452118 0)
(2.6031721 -0.35422936 0)
(2.5697859 -0.35393574 0)
(2.5363658 -0.35363377 0)
(2.502915 -0.35331714 0)
(2.469437 -0.35297975 0)
(2.4359356 -0.35261573 0)
(2.4024147 -0.35221943 0)
(2.3688789 -0.35178543 0)
(2.335333 -0.35130855 0)
(2.3017822 -0.35078383 0)
(2.2682322 -0.35020656 0)
(2.2346891 -0.34957225 0)
(2.2011595 -0.34887669 0)
(2.1676503 -0.34811591 0)
(2.1341691 -0.34728618 0)
(2.1007238 -0.34638406 0)
(2.0673228 -0.34540638 0)
(2.033975 -0.34435024 0)
(2.0006896 -0.34321303 0)
(1.9674765 -0.34199242 0)
(1.9343459 -0.3406864 0)
(1.9013084 -0.33929326 0)
(1.8683753 -0.33781165 0)
(1.835558 -0.33624041 0)
(1.8028685 -0.33457855 0)
(1.7703193 -0.33282536 0)
(3.4660828 -0.37096405 0)
(3.4330451 -0.36773905 0)
(3.3998833 -0.3647792 0)
(3.3666175 -0.3620684 0)
(3.3332634 -0.35959126 0)
(3.2998343 -0.35733231 0)
(3.2663415 -0.35527663 0)
(3.2327946 -0.35340992 0)
(3.1992011 -0.35171844 0)
(3.1655673 -0.350189 0)
(3.1318983 -0.34880895 0)
(3.0981981 -0.34756612 0)
(3.0644697 -0.34644888 0)
(3.0307157 -0.34544605 0)
(2.9969378 -0.3445469 0)
(2.9631376 -0.34374114 0)
(2.929316 -0.34301888 0)
(2.8954738 -0.34237064 0)
(2.8616118 -0.34178729 0)
(2.8277304 -0.34126003 0)
(2.7938302 -0.34078041 0)
(2.7599116 -0.34034028 0)
(2.7259752 -0.3399318 0)
(2.6920218 -0.33954738 0)
(2.6580523 -0.33917973 0)
(2.6240677 -0.3388218 0)
(2.5900694 -0.3384668 0)
(2.5560589 -0.33810819 0)
(2.5220384 -0.33773964 0)
(2.48801 -0.33735508 0)
(2.4539764 -0.33694868 0)
(2.4199407 -0.33651482 0)
(2.3859064 -0.33604812 0)
(2.3518774 -0.33554345 0)
(2.3178582 -0.33499589 0)
(2.2838535 -0.33440077 0)
(2.2498688 -0.33375367 0)
(2.21591 -0.33305041 0)
(2.1819833 -0.33228706 0)
(2.1480958 -0.33145995 0)
(2.1142547 -0.33056567 0)
(2.0804679 -0.32960107 0)
(2.0467438 -0.32856327 0)
(2.0130913 -0.32744969 0)
(1.9795197 -0.326258 0)
(1.9460388 -0.32498617 0)
(1.9126588 -0.32363249 0)
(1.8793907 -0.32219564 0)
(1.8462457 -0.3206745 0)
(1.8132356 -0.31906808 0)
(1.7803724 -0.31737557 0)
(3.5127469 -0.35862709 0)
(3.4778258 -0.35517679 0)
(3.4428851 -0.35200835 0)
(3.4079374 -0.34910387 0)
(3.3729922 -0.34644632 0)
(3.3380567 -0.34401879 0)
(3.3031365 -0.34180513 0)
(3.2682359 -0.33978995 0)
(3.2333576 -0.33795862 0)
(3.1985035 -0.33629713 0)
(3.1636744 -0.33479215 0)
(3.1288703 -0.33343096 0)
(3.0940909 -0.33220141 0)
(3.0593353 -0.33109189 0)
(3.0246021 -0.33009134 0)
(2.9898899 -0.32918917 0)
(2.9551972 -0.32837525 0)
(2.9205222 -0.32763988 0)
(2.8858633 -0.32697378 0)
(2.8512187 -0.32636804 0)
(2.816587 -0.3258141 0)
(2.7819668 -0.32530375 0)
(2.7473569 -0.32482908 0)
(2.7127564 -0.32438252 0)
(2.6781646 -0.32395674 0)
(2.6435812 -0.32354471 0)
(2.6090061 -0.32313966 0)
(2.5744397 -0.32273509 0)
(2.5398828 -0.32232471 0)
(2.5053365 -0.32190251 0)
(2.4708025 -0.32146269 0)
(2.4362828 -0.32099973 0)
(2.4017801 -0.32050829 0)
(2.3672974 -0.31998331 0)
(2.3328383 -0.31941994 0)
(2.2984068 -0.31881359 0)
(2.2640078 -0.31815989 0)
(2.2296463 -0.31745474 0)
(2.1953282 -0.31669426 0)
(2.1610596 -0.31587484 0)
(2.1268475 -0.31499312 0)
(2.0926992 -0.314046 0)
(2.0586226 -0.31303064 0)
(2.0246261 -0.31194447 0)
(1.9907187 -0.31078519 0)
(1.9569097 -0.30955075 0)
(1.9232091 -0.30823943 0)
(1.8896272 -0.30684993 0)
(1.8561754 -0.30538121 0)
(1.822865 -0.3038324 0)
(1.7897079 -0.3022025 0)
(3.5567553 -0.34580578 0)
(3.5200239 -0.34218027 0)
(3.4833757 -0.33885 0)
(3.4468161 -0.33579547 0)
(3.4103479 -0.33299812 0)
(3.3739722 -0.33043991 0)
(3.3376892 -0.32810368 0)
(3.3014976 -0.32597318 0)
(3.2653955 -0.32403301 0)
(3.22938 -0.32226854 0)
(3.193448 -0.3206659 0)
(3.1575956 -0.3192119 0)
(3.1218189 -0.31789403 0)
(3.0861137 -0.31670039 0)
(3.0504756 -0.31561963 0)
(3.0149005 -0.31464098 0)
(2.979384 -0.31375415 0)
(2.9439219 -0.31294931 0)
(2.9085105 -0.3122171 0)
(2.8731458 -0.31154853 0)
(2.8378243 -0.31093504 0)
(2.8025429 -0.31036838 0)
(2.7672987 -0.30984066 0)
(2.7320891 -0.30934432 0)
(2.6969119 -0.30887207 0)
(2.6617655 -0.30841695 0)
(2.6266484 -0.30797223 0)
(2.5915598 -0.30753146 0)
(2.5564993 -0.30708847 0)
(2.5214671 -0.30663729 0)
(2.4864637 -0.30617223 0)
(2.4514902 -0.30568784 0)
(2.4165484 -0.30517888 0)
(2.3816406 -0.30464037 0)
(2.3467694 -0.30406756 0)
(2.3119384 -0.30345593 0)
(2.2771514 -0.30280122 0)
(2.2424131 -0.30209938 0)
(2.2077286 -0.30134663 0)
(2.1731037 -0.30053943 0)
(2.1385446 -0.29967447 0)
(2.1040582 -0.29874873 0)
(2.069652 -0.29775941 0)
(2.035334 -0.29670397 0)
(2.0011127 -0.29558014 0)
(1.9669972 -0.29438588 0)
(1.9329969 -0.29311942 0)
(1.8991219 -0.29177941 0)
(1.8653832 -0.29036525 0)
(1.8317922 -0.28887583 0)
(1.7983605 -0.28730992 0)
(3.5981379 -0.33256248 0)
(3.559674 -0.32880905 0)
(3.521394 -0.32536094 0)
(3.483296 -0.32219724 0)
(3.4453761 -0.31929815 0)
(3.4076294 -0.31664473 0)
(3.3700502 -0.31421901 0)
(3.3326322 -0.31200408 0)
(3.2953686 -0.30998393 0)
(3.2582521 -0.30814347 0)
(3.2212753 -0.30646842 0)
(3.1844309 -0.30494529 0)
(3.1477112 -0.30356129 0)
(3.1111089 -0.30230433 0)
(3.0746166 -0.30116291 0)
(3.0382273 -0.30012614 0)
(3.0019343 -0.29918365 0)
(2.9657309 -0.29832558 0)
(2.9296111 -0.29754252 0)
(2.8935689 -0.29682551 0)
(2.857599 -0.29616598 0)
(2.8216963 -0.29555575 0)
(2.7858564 -0.29498698 0)
(2.7500751 -0.29445217 0)
(2.7143489 -0.29394411 0)
(2.6786745 -0.29345591 0)
(2.6430495 -0.29298096 0)
(2.6074717 -0.2925129 0)
(2.5719398 -0.29204565 0)
(2.5364527 -0.29157336 0)
(2.5010101 -0.29109046 0)
(2.4656122 -0.29059158 0)
(2.4302599 -0.29007161 0)
(2.3949547 -0.28952568 0)
(2.3596985 -0.28894914 0)
(2.3244942 -0.28833759 0)
(2.289345 -0.28768684 0)
(2.2542549 -0.28699297 0)
(2.2192284 -0.28625227 0)
(2.1842708 -0.28546128 0)
(2.1493879 -0.2846168 0)
(2.1145862 -0.28371585 0)
(2.0798725 -0.2827557 0)
(2.0452546 -0.28173389 0)
(2.0107406 -0.28064816 0)
(1.9763392 -0.27949649 0)
(1.9420595 -0.27827709 0)
(1.9079111 -0.27698871 0)
(1.8739049 -0.27563135 0)
(1.8400523 -0.27420253 0)
(1.8063646 -0.27270137 0)
(3.6369359 -0.31895856 0)
(3.5968213 -0.31512148 0)
(3.5569887 -0.31159656 0)
(3.5174285 -0.30836176 0)
(3.4781305 -0.30539635 0)
(3.4390836 -0.30268064 0)
(3.4002767 -0.3001961 0)
(3.3616981 -0.29792529 0)
(3.3233363 -0.29585182 0)
(3.2851797 -0.29396025 0)
(3.247217 -0.29223606 0)
(3.209437 -0.29066556 0)
(3.1718287 -0.28923582 0)
(3.1343817 -0.28793465 0)
(3.0970857 -0.28675048 0)
(3.0599311 -0.2856724 0)
(3.0229084 -0.28469004 0)
(2.9860089 -0.28379355 0)
(2.9492243 -0.28297359 0)
(2.9125468 -0.28222123 0)
(2.8759691 -0.28152801 0)
(2.8394844 -0.28088581 0)
(2.8030868 -0.2802869 0)
(2.7667705 -0.27972388 0)
(2.7305306 -0.27918967 0)
(2.6943627 -0.2786775 0)
(2.6582629 -0.27818086 0)
(2.6222282 -0.27769355 0)
(2.5862559 -0.2772096 0)
(2.5503442 -0.27672331 0)
(2.5144918 -0.27622921 0)
(2.478698 -0.27572209 0)
(2.4429629 -0.27519697 0)
(2.4072872 -0.27464909 0)
(2.3716722 -0.27407394 0)
(2.3361201 -0.27346722 0)
(2.3006334 -0.27282488 0)
(2.2652156 -0.27214308 0)
(2.2298706 -0.27141825 0)
(2.1946034 -0.270647 0)
(2.159419 -0.26982623 0)
(2.1243236 -0.26895304 0)
(2.0893238 -0.26802479 0)
(2.0544268 -0.26703907 0)
(2.0196404 -0.2659937 0)
(1.984973 -0.26488672 0)
(1.9504334 -0.26371648 0)
(1.9160304 -0.26248204 0)
(3.6732006 -0.30505381 0)
(3.6315203 -0.30117417 0)
(3.5902164 -0.29761043 0)
(3.5492725 -0.29433975 0)
(3.5086716 -0.29134068 0)
(3.4683968 -0.28859303 0)
(3.4284312 -0.28607785 0)
(3.3887585 -0.2837774 0)
(3.3493623 -0.28167504 0)
(3.3102269 -0.27975516 0)
(3.271337 -0.27800312 0)
(3.2326779 -0.27640514 0)
(3.1942353 -0.27494826 0)
(3.1559957 -0.27362028 0)
(3.117946 -0.27240968 0)
(3.0800741 -0.27130558 0)
(3.0423681 -0.2702977 0)
(3.0048171 -0.26937627 0)
(2.9674106 -0.26853204 0)
(2.9301391 -0.26775624 0)
(2.8929934 -0.26704048 0)
(2.8559652 -0.26637681 0)
(2.8190469 -0.26575763 0)
(2.7822314 -0.26517569 0)
(2.7455124 -0.26462406 0)
(2.7088843 -0.26409611 0)
(2.6723422 -0.2635855 0)
(2.6358818 -0.26308616 0)
(2.5994995 -0.26259231 0)
(2.5631925 -0.26209838 0)
(2.5269587 -0.26159906 0)
(2.4907966 -0.26108929 0)
(2.4547054 -0.26056424 0)
(2.4186852 -0.26001928 0)
(2.3827367 -0.25945005 0)
(2.3468612 -0.25885239 0)
(2.3110609 -0.25822237 0)
(2.2753386 -0.25755628 0)
(2.2396979 -0.25685064 0)
(2.2041429 -0.25610221 0)
(2.1686786 -0.25530795 0)
(2.1333106 -0.25446508 0)
(2.0980451 -0.25357104 0)
(2.0628889 -0.2526235 0)
(2.0278496 -0.25162036 0)
(1.9929352 -0.2505598 0)
(1.958154 -0.24944043 0)
(3.7069923 -0.2909059 0)
(3.6638331 -0.28702153 0)
(3.6211412 -0.28345392 0)
(3.5788931 -0.28017965 0)
(3.5370654 -0.27717683 0)
(3.4956354 -0.27442495 0)
(3.454581 -0.27190488 0)
(3.4138807 -0.26959871 0)
(3.3735139 -0.26748972 0)
(3.3334607 -0.26556227 0)
(3.293702 -0.26380169 0)
(3.2542198 -0.26219427 0)
(3.2149965 -0.26072711 0)
(3.1760157 -0.2593881 0)
(3.1372618 -0.25816583 0)
(3.09872 -0.25704955 0)
(3.0603762 -0.2560291 0)
(3.0222173 -0.25509489 0)
(2.984231 -0.25423782 0)
(2.9464059 -0.25344927 0)
(2.9087311 -0.25272104 0)
(2.8711969 -0.25204535 0)
(2.8337939 -0.25141478 0)
(2.796514 -0.25082226 0)
(2.7593496 -0.25026103 0)
(2.7222938 -0.24972465 0)
(2.6853405 -0.24920697 0)
(2.6484847 -0.24870209 0)
(2.6117217 -0.2482044 0)
(2.5750477 -0.24770852 0)
(2.5384599 -0.2472093 0)
(2.5019561 -0.24670185 0)
(2.4655346 -0.24618149 0)
(2.429195 -0.24564378 0)
(2.3929371 -0.24508448 0)
(2.356762 -0.24449959 0)
(2.320671 -0.24388532 0)
(2.2846666 -0.24323809 0)
(2.2487518 -0.24255456 0)
(2.2129303 -0.24183158 0)
(2.1772067 -0.24106625 0)
(2.1415862 -0.24025587 0)
(2.1060745 -0.23939798 0)
(2.0706783 -0.23849034 0)
(2.0354048 -0.23753094 0)
(2.0002615 -0.23651805 0)
(1.9652566 -0.23545036 0)
(3.7383788 -0.27657006 0)
(3.6938289 -0.2727155 0)
(3.6498331 -0.26917584 0)
(3.6063609 -0.26592737 0)
(3.5633829 -0.26294797 0)
(3.5208705 -0.26021703 0)
(3.4787967 -0.25771538 0)
(3.4371351 -0.25542513 0)
(3.395861 -0.25332962 0)
(3.3549504 -0.2514133 0)
(3.3143808 -0.24966163 0)
(3.2741306 -0.24806103 0)
(3.2341795 -0.24659877 0)
(3.1945082 -0.24526291 0)
(3.1550984 -0.24404223 0)
(3.115933 -0.24292618 0)
(3.0769959 -0.24190481 0)
(3.0382718 -0.24096872 0)
(2.9997467 -0.24010902 0)
(2.9614073 -0.23931732 0)
(2.9232413 -0.23858563 0)
(2.8852373 -0.23790637 0)
(2.8473848 -0.23727235 0)
(2.8096742 -0.23667669 0)
(2.7720968 -0.23611285 0)
(2.7346445 -0.23557461 0)
(2.6973105 -0.235056 0)
(2.6600884 -0.23455134 0)
(2.6229729 -0.23405521 0)
(2.5859593 -0.23356241 0)
(2.549044 -0.233068 0)
(2.5122239 -0.23256725 0)
(2.475497 -0.23205568 0)
(2.4388619 -0.231529 0)
(2.4023181 -0.23098315 0)
(2.3658659 -0.23041428 0)
(2.3295063 -0.22981874 0)
(2.2932412 -0.22919311 0)
(2.2570731 -0.22853418 0)
(2.2210054 -0.22783892 0)
(2.1850422 -0.22710455 0)
(2.1491884 -0.22632848 0)
(2.1134494 -0.22550835 0)
(2.0778315 -0.224642 0)
(2.0423415 -0.2237275 0)
(2.0069869 -0.22276317 0)
(1.9717756 -0.22174761 0)
(3.7674342 -0.26209867 0)
(3.7215822 -0.25830521 0)
(3.6763667 -0.25482227 0)
(3.6317506 -0.25162611 0)
(3.5876983 -0.24869461 0)
(3.544176 -0.24600724 0)
(3.5011516 -0.24354496 0)
(3.4585945 -0.24129006 0)
(3.4164755 -0.23922606 0)
(3.3747671 -0.23733762 0)
(3.3334433 -0.23561046 0)
(3.2924794 -0.23403122 0)
(3.2518522 -0.23258742 0)
(3.2115397 -0.23126738 0)
(3.1715214 -0.23006014 0)
(3.1317777 -0.2289554 0)
(3.0922905 -0.22794346 0)
(3.0530428 -0.22701521 0)
(3.0140186 -0.226162 0)
(2.9752031 -0.22537569 0)
(2.9365825 -0.22464854 0)
(2.898144 -0.22397322 0)
(2.8598758 -0.22334278 0)
(2.821767 -0.22275059 0)
(2.7838079 -0.22219035 0)
(2.7459895 -0.22165605 0)
(2.7083038 -0.22114195 0)
(2.6707436 -0.2206426 0)
(2.6333026 -0.22015278 0)
(2.5959757 -0.21966751 0)
(2.5587582 -0.21918204 0)
(2.5216465 -0.21869186 0)
(2.4846379 -0.21819264 0)
(2.4477304 -0.21768031 0)
(2.410923 -0.21715095 0)
(2.3742155 -0.21660091 0)
(2.3376083 -0.21602668 0)
(2.3011029 -0.215425 0)
(2.2647014 -0.21479278 0)
(2.2284069 -0.21412715 0)
(2.192223 -0.21342544 0)
(2.1561542 -0.21268518 0)
(2.1202058 -0.21190409 0)
(2.0843837 -0.21108014 0)
(2.0486945 -0.21021144 0)
(2.0131452 -0.20929636 0)
(1.9777438 -0.20833341 0)
(3.7942376 -0.2475411 0)
(3.7471722 -0.24383678 0)
(3.7008208 -0.24043635 0)
(3.6551401 -0.23731621 0)
(3.6100889 -0.23445447 0)
(3.5656283 -0.23183086 0)
(3.5217213 -0.22942662 0)
(3.4783331 -0.22722435 0)
(3.4354306 -0.22520789 0)
(3.3929828 -0.22336223 0)
(3.3509603 -0.22167342 0)
(3.3093357 -0.22012844 0)
(3.2680828 -0.21871512 0)
(3.2271774 -0.21742212 0)
(3.1865964 -0.2162388 0)
(3.1463183 -0.21515517 0)
(3.1063231 -0.21416185 0)
(3.0665919 -0.21325002 0)
(3.0271072 -0.21241135 0)
(2.9878525 -0.21163796 0)
(2.9488126 -0.21092242 0)
(2.9099735 -0.21025768 0)
(2.8713222 -0.20963704 0)
(2.8328467 -0.20905415 0)
(2.7945361 -0.20850295 0)
(2.7563805 -0.2079777 0)
(2.7183711 -0.20747289 0)
(2.6804997 -0.20698331 0)
(2.6427594 -0.20650397 0)
(2.6051442 -0.20603011 0)
(2.5676488 -0.20555721 0)
(2.530269 -0.20508093 0)
(2.4930015 -0.20459718 0)
(2.4558437 -0.20410205 0)
(2.418794 -0.20359183 0)
(2.3818518 -0.20306301 0)
(2.3450172 -0.20251229 0)
(2.308291 -0.20193653 0)
(2.2716752 -0.20133281 0)
(2.2351723 -0.20069839 0)
(2.1987857 -0.20003073 0)
(2.1625196 -0.19932747 0)
(2.1263788 -0.19858647 0)
(2.0903692 -0.19780574 0)
(2.0544969 -0.19698351 0)
(2.0187689 -0.19611816 0)
(1.983193 -0.19520823 0)
(3.8188723 -0.23294347 0)
(3.7706811 -0.22935323 0)
(3.7232767 -0.22605818 0)
(3.6766099 -0.22303509 0)
(3.6306341 -0.22026245 0)
(3.5853053 -0.21772043 0)
(3.5405823 -0.2153907 0)
(3.4964261 -0.2132563 0)
(3.4528001 -0.2113015 0)
(3.4096697 -0.20951174 0)
(3.3670028 -0.20787347 0)
(3.3247688 -0.20637408 0)
(3.2829394 -0.20500182 0)
(3.2414876 -0.20374572 0)
(3.2003885 -0.20259552 0)
(3.1596186 -0.2015416 0)
(3.119156 -0.20057495 0)
(3.0789801 -0.19968708 0)
(3.0390719 -0.19886999 0)
(2.9994135 -0.19811614 0)
(2.9599885 -0.19741841 0)
(2.9207814 -0.19677004 0)
(2.8817783 -0.19616464 0)
(2.8429662 -0.19559613 0)
(2.804333 -0.19505875 0)
(2.7658682 -0.194547 0)
(2.7275617 -0.19405565 0)
(2.6894051 -0.19357973 0)
(2.6513904 -0.1931145 0)
(2.6135109 -0.19265542 0)
(2.5757609 -0.1921982 0)
(2.5381354 -0.19173872 0)
(2.5006306 -0.1912731 0)
(2.4632435 -0.19079763 0)
(2.425972 -0.19030878 0)
(2.3888149 -0.18980324 0)
(2.351772 -0.18927786 0)
(2.3148437 -0.18872968 0)
(2.2780317 -0.18815592 0)
(2.241338 -0.187554 0)
(2.2047658 -0.1869215 0)
(2.168319 -0.18625619 0)
(2.1320022 -0.18555603 0)
(2.0958208 -0.18481913 0)
(2.059781 -0.18404381 0)
(2.0238895 -0.18322849 0)
(1.9881539 -0.18237177 0)
(3.8414247 -0.21834862 0)
(3.7921941 -0.2148944 0)
(3.7438182 -0.21172483 0)
(3.6962421 -0.20881719 0)
(3.6494142 -0.20615058 0)
(3.603286 -0.20370574 0)
(3.5578119 -0.20146491 0)
(3.5129492 -0.19941168 0)
(3.4686579 -0.19753088 0)
(3.4249004 -0.19580844 0)
(3.3816414 -0.19423132 0)
(3.338848 -0.1927874 0)
(3.2964893 -0.19146538 0)
(3.2545364 -0.19025476 0)
(3.2129622 -0.18914569 0)
(3.1717414 -0.18812897 0)
(3.1308504 -0.18719598 0)
(3.0902672 -0.18633862 0)
(3.0499712 -0.18554924 0)
(3.0099433 -0.18482067 0)
(2.9701657 -0.18414612 0)
(2.9306221 -0.18351916 0)
(2.8912972 -0.18293371 0)
(2.8521772 -0.182384 0)
(2.8132492 -0.18186456 0)
(2.7745016 -0.18137018 0)
(2.7359239 -0.18089589 0)
(2.6975066 -0.18043698 0)
(2.6592412 -0.17998897 0)
(2.6211204 -0.17954757 0)
(2.5831379 -0.17910871 0)
(2.5452881 -0.17866851 0)
(2.5075668 -0.17822329 0)
(2.4699704 -0.17776955 0)
(2.4324964 -0.17730397 0)
(2.3951433 -0.1768234 0)
(2.3579103 -0.17632489 0)
(2.3207977 -0.17580564 0)
(2.2838066 -0.17526304 0)
(2.2469389 -0.17469463 0)
(2.2101974 -0.17409815 0)
(2.1735858 -0.17347149 0)
(2.1371084 -0.17281271 0)
(2.1007704 -0.17212004 0)
(2.0645778 -0.17139186 0)
(2.028537 -0.17062669 0)
(1.9926557 -0.16982317 0)
(4.1291035 -0.22530108 0)
(4.0732665 -0.22023132 0)
(4.0187173 -0.21557914 0)
(3.9653717 -0.21130977 0)
(3.9131514 -0.20739161 0)
(3.8619832 -0.20379606 0)
(3.8117977 -0.20049693 0)
(3.7625299 -0.19747024 0)
(3.7141196 -0.19469401 0)
(3.6665104 -0.19214807 0)
(3.6196495 -0.18981388 0)
(3.5734874 -0.18767437 0)
(3.5279779 -0.1857138 0)
(3.4830777 -0.1839176 0)
(3.4387464 -0.18227233 0)
(3.3949461 -0.18076551 0)
(3.3516414 -0.17938556 0)
(3.3087992 -0.17812171 0)
(3.2663886 -0.17696395 0)
(3.2243806 -0.1759029 0)
(3.1827483 -0.17492982 0)
(3.1414665 -0.17403651 0)
(3.1005118 -0.17321528 0)
(3.0598622 -0.17245889 0)
(3.0194974 -0.17176054 0)
(2.9793986 -0.17111378 0)
(2.9395483 -0.17051256 0)
(2.8999304 -0.16995112 0)
(2.8605301 -0.169424 0)
(2.8213336 -0.16892604 0)
(2.7823287 -0.16845232 0)
(2.7435041 -0.16799817 0)
(2.7048496 -0.16755914 0)
(2.6663562 -0.16713101 0)
(2.628016 -0.16670975 0)
(2.589822 -0.16629152 0)
(2.5517683 -0.16587268 0)
(2.5138501 -0.16544977 0)
(2.4760635 -0.16501949 0)
(2.4384055 -0.16457873 0)
(2.4008741 -0.16412454 0)
(2.3634684 -0.16365414 0)
(2.3261882 -0.1631649 0)
(2.2890344 -0.16265438 0)
(2.2520086 -0.16212026 0)
(2.2151133 -0.16156043 0)
(2.1783518 -0.16097289 0)
(2.1417285 -0.16035584 0)
(2.1052482 -0.1597076 0)
(2.0689168 -0.15902664 0)
(2.0327405 -0.15831156 0)
(1.9967267 -0.15756108 0)
(4.1532076 -0.20973032 0)
(4.0961111 -0.20491567 0)
(4.0403954 -0.20049959 0)
(3.9859676 -0.19644847 0)
(3.9327417 -0.19273178 0)
(3.8806375 -0.18932203 0)
(3.8295795 -0.18619428 0)
(3.7794973 -0.18332533 0)
(3.7303256 -0.18069411 0)
(3.6820037 -0.17828133 0)
(3.6344748 -0.17606928 0)
(3.5876857 -0.17404168 0)
(3.541587 -0.17218352 0)
(3.4961324 -0.17048097 0)
(3.4512789 -0.16892124 0)
(3.406986 -0.16749249 0)
(3.3632162 -0.16618374 0)
(3.3199344 -0.16498479 0)
(3.2771078 -0.16388616 0)
(3.2347057 -0.16287899 0)
(3.1926996 -0.16195501 0)
(3.151063 -0.1611065 0)
(3.1097709 -0.16032619 0)
(3.0688004 -0.15960727 0)
(3.02813 -0.15894332 0)
(2.9877398 -0.1583283 0)
(2.9476114 -0.15775649 0)
(2.9077279 -0.15722248 0)
(2.8680734 -0.15672117 0)
(2.8286337 -0.15624769 0)
(2.7893956 -0.15579743 0)
(2.7503473 -0.15536602 0)
(2.711478 -0.15494929 0)
(2.6727781 -0.15454328 0)
(2.6342392 -0.15414421 0)
(2.5958537 -0.15374851 0)
(2.5576155 -0.15335276 0)
(2.5195191 -0.15295373 0)
(2.4815602 -0.15254834 0)
(2.4437356 -0.15213367 0)
(2.406043 -0.15170698 0)
(2.368481 -0.15126567 0)
(2.3310493 -0.15080728 0)
(2.2937482 -0.15032953 0)
(2.2565793 -0.14983027 0)
(2.2195448 -0.14930751 0)
(2.1826479 -0.14875939 0)
(2.1458925 -0.14818422 0)
(2.1092835 -0.14758044 0)
(2.0728264 -0.14694661 0)
(2.0365274 -0.14628141 0)
(2.0003938 -0.14558366 0)
(4.1750077 -0.19417728 0)
(4.1167636 -0.18964051 0)
(4.0599858 -0.18548099 0)
(4.0045733 -0.18166657 0)
(3.9504329 -0.1781681 0)
(3.897478 -0.17495939 0)
(3.8456274 -0.17201672 0)
(3.7948057 -0.16931801 0)
(3.7449432 -0.16684324 0)
(3.6959748 -0.1645741 0)
(3.6478401 -0.16249382 0)
(3.6004828 -0.16058699 0)
(3.5538503 -0.15883943 0)
(3.5078937 -0.15723809 0)
(3.4625673 -0.15577091 0)
(3.4178287 -0.15442673 0)
(3.3736382 -0.15319523 0)
(3.3299589 -0.15206681 0)
(3.2867561 -0.15103255 0)
(3.2439978 -0.15008416 0)
(3.201654 -0.14921387 0)
(3.1596967 -0.14841444 0)
(3.1181001 -0.14767906 0)
(3.0768398 -0.14700136 0)
(3.0358936 -0.14637533 0)
(2.9952404 -0.14579533 0)
(2.9548611 -0.145256 0)
(2.9147378 -0.14475231 0)
(2.8748542 -0.14427949 0)
(2.8351951 -0.14383299 0)
(2.7957468 -0.14340853 0)
(2.7564969 -0.14300203 0)
(2.717434 -0.1426096 0)
(2.678548 -0.14222756 0)
(2.63983 -0.14185239 0)
(2.6012721 -0.14148078 0)
(2.5628675 -0.14110953 0)
(2.5246106 -0.14073566 0)
(2.4864966 -0.14035629 0)
(2.4485221 -0.13996872 0)
(2.4106842 -0.1395704 0)
(2.3729815 -0.13915892 0)
(2.3354132 -0.13873199 0)
(2.2979796 -0.1382875 0)
(2.2606818 -0.13782346 0)
(2.223522 -0.13733801 0)
(2.1865031 -0.13682943 0)
(2.1496288 -0.13629615 0)
(2.1129039 -0.13573671 0)
(2.0763337 -0.13514977 0)
(2.0399243 -0.13453411 0)
(2.0036827 -0.13388863 0)
(4.1946085 -0.17868742 0)
(4.1353258 -0.17444751 0)
(4.0775873 -0.17056158 0)
(4.0212847 -0.1669992 0)
(3.9663181 -0.16373282 0)
(3.9125948 -0.16073771 0)
(3.8600288 -0.15799146 0)
(3.8085399 -0.1554733 0)
(3.7580543 -0.15316439 0)
(3.7085032 -0.1510475 0)
(3.6598227 -0.1491069 0)
(3.6119535 -0.14732811 0)
(3.5648403 -0.14569787 0)
(3.5184318 -0.14420395 0)
(3.47268 -0.14283506 0)
(3.4275404 -0.14158079 0)
(3.3829716 -0.1404315 0)
(3.3389347 -0.13937822 0)
(3.2953939 -0.13841266 0)
(3.2523155 -0.13752707 0)
(3.2096683 -0.13671423 0)
(3.1674231 -0.1359674 0)
(3.1255529 -0.13528025 0)
(3.0840326 -0.13464685 0)
(3.0428387 -0.13406163 0)
(3.0019496 -0.13351935 0)
(2.9613452 -0.13301504 0)
(2.9210069 -0.13254404 0)
(2.8809177 -0.13210191 0)
(2.8410619 -0.13168446 0)
(2.8014252 -0.13128771 0)
(2.7619945 -0.13090788 0)
(2.7227581 -0.13054139 0)
(2.6837053 -0.13018482 0)
(2.6448269 -0.12983493 0)
(2.6061144 -0.12948865 0)
(2.5675608 -0.12914304 0)
(2.5291601 -0.12879532 0)
(2.4909072 -0.12844286 0)
(2.4527983 -0.12808315 0)
(2.4148304 -0.12771386 0)
(2.3770016 -0.12733273 0)
(2.3393111 -0.12693769 0)
(2.3017587 -0.12652677 0)
(2.2643456 -0.12609813 0)
(2.2270735 -0.12565007 0)
(2.1899453 -0.125181 0)
(2.1529646 -0.12468946 0)
(2.1161359 -0.1241741 0)
(2.0794643 -0.1236337 0)
(2.042956 -0.12306712 0)
(2.0066179 -0.12247335 0)
(4.2121163 -0.16330195 0)
(4.1519004 -0.15937437 0)
(4.0932992 -0.15577587 0)
(4.0361976 -0.15247796 0)
(3.9804897 -0.14945486 0)
(3.9260776 -0.14668343 0)
(3.8728703 -0.14414273 0)
(3.8207837 -0.14181341 0)
(3.76974 -0.1396779 0)
(3.7196672 -0.13772018 0)
(3.6704982 -0.13592558 0)
(3.6221711 -0.13428066 0)
(3.574628 -0.13277309 0)
(3.5278154 -0.13139154 0)
(3.4816833 -0.13012555 0)
(3.4361855 -0.12896545 0)
(3.3912786 -0.12790233 0)
(3.3469225 -0.1269279 0)
(3.3030798 -0.12603448 0)
(3.2597156 -0.12521492 0)
(3.2167976 -0.12446255 0)
(3.1742955 -0.12377114 0)
(3.1321814 -0.12313486 0)
(3.0904291 -0.12254825 0)
(3.0490143 -0.12200617 0)
(3.0079148 -0.12150379 0)
(2.9671097 -0.12103654 0)
(2.9265798 -0.12060012 0)
(2.8863074 -0.12019046 0)
(2.8462764 -0.1198037 0)
(2.8064718 -0.11943619 0)
(2.7668801 -0.11908445 0)
(2.7274891 -0.1187452 0)
(2.6882878 -0.11841529 0)
(2.6492665 -0.11809176 0)
(2.6104164 -0.11777178 0)
(2.5717302 -0.11745267 0)
(2.5332015 -0.11713187 0)
(2.4948249 -0.11680697 0)
(2.4565964 -0.11647568 0)
(2.4185127 -0.11613585 0)
(2.3805718 -0.11578543 0)
(2.3427724 -0.11542251 0)
(2.3051144 -0.1150453 0)
(2.2675986 -0.1146521 0)
(2.2302266 -0.11424136 0)
(2.1930012 -0.11381163 0)
(2.1559257 -0.11336156 0)
(2.1190046 -0.11288993 0)
(2.0822429 -0.1123956 0)
(2.0456466 -0.11187753 0)
(2.0092224 -0.1113348 0)
(4.2276371 -0.14805799 0)
(4.1665897 -0.14445493 0)
(4.10722 -0.14115475 0)
(4.0494072 -0.13813103 0)
(3.9930397 -0.13535993 0)
(3.9380147 -0.13282004 0)
(3.8842372 -0.13049197 0)
(3.8316193 -0.1283579 0)
(3.7800797 -0.12640165 0)
(3.7295434 -0.12460841 0)
(3.6799407 -0.12296469 0)
(3.631207 -0.12145812 0)
(3.5832824 -0.12007737 0)
(3.5361113 -0.11881201 0)
(3.4896419 -0.11765244 0)
(3.4438263 -0.11658981 0)
(3.3986197 -0.11561593 0)
(3.3539806 -0.1147232 0)
(3.3098704 -0.1139046 0)
(3.2662531 -0.11315356 0)
(3.2230952 -0.112464 0)
(3.1803656 -0.11183022 0)
(3.1380353 -0.11124687 0)
(3.0960776 -0.11070898 0)
(3.0544675 -0.11021185 0)
(3.0131817 -0.10975106 0)
(2.972199 -0.10932246 0)
(2.9314996 -0.10892211 0)
(2.8910652 -0.1085463 0)
(2.8508791 -0.10819152 0)
(2.8109259 -0.10785443 0)
(2.7711919 -0.10753188 0)
(2.7316642 -0.10722086 0)
(2.6923317 -0.10691852 0)
(2.653184 -0.10662216 0)
(2.6142123 -0.10632921 0)
(2.5754088 -0.10603723 0)
(2.536767 -0.10574389 0)
(2.4982811 -0.105447 0)
(2.4599469 -0.10514449 0)
(2.421761 -0.1048344 0)
(2.3837209 -0.10451486 0)
(2.3458253 -0.10418415 0)
(2.308074 -0.10384063 0)
(2.2704674 -0.10348278 0)
(2.2330072 -0.10310917 0)
(2.1956959 -0.10271849 0)
(2.1585367 -0.10230952 0)
(2.121534 -0.10188113 0)
(2.0846926 -0.10143231 0)
(2.0480185 -0.1009621 0)
(2.0115183 -0.10046968 0)
(4.241277 -0.13298867 0)
(4.1794953 -0.12971933 0)
(4.1194476 -0.12672561 0)
(4.0610073 -0.12398334 0)
(4.0040582 -0.12147071 0)
(3.9484931 -0.11916815 0)
(3.8942132 -0.11705793 0)
(3.8411272 -0.11512384 0)
(3.789151 -0.11335111 0)
(3.7382067 -0.11172625 0)
(3.6882222 -0.11023698 0)
(3.6391308 -0.10887203 0)
(3.5908706 -0.10762111 0)
(3.5433842 -0.10647473 0)
(3.4966183 -0.10542418 0)
(3.4505233 -0.10446142 0)
(3.4050534 -0.10357901 0)
(3.3601657 -0.10277009 0)
(3.3158204 -0.10202826 0)
(3.2719807 -0.10134761 0)
(3.2286122 -0.10072259 0)
(3.1856828 -0.10014805 0)
(3.1431629 -0.099619176 0)
(3.1010249 -0.099131443 0)
(3.0592432 -0.098680608 0)
(3.017794 -0.098262682 0)
(2.9766555 -0.097873906 0)
(2.9358073 -0.09751073 0)
(2.8952308 -0.097169803 0)
(2.8549087 -0.096847951 0)
(2.8148254 -0.096542167 0)
(2.7749665 -0.096249599 0)
(2.735319 -0.095967544 0)
(2.6958713 -0.095693431 0)
(2.656613 -0.095424822 0)
(2.6175347 -0.0951594 0)
(2.5786284 -0.094894967 0)
(2.5398874 -0.094629437 0)
(2.5013058 -0.094360836 0)
(2.462879 -0.094087293 0)
(2.4246034 -0.093807043 0)
(2.3864764 -0.093518422 0)
(2.3484966 -0.093219865 0)
(2.3106635 -0.092909906 0)
(2.2729775 -0.092587175 0)
(2.23544 -0.092250392 0)
(2.1980534 -0.091898374 0)
(2.1608209 -0.091530023 0)
(2.1237466 -0.091144329 0)
(2.0868355 -0.090740367 0)
(2.0500933 -0.090317288 0)
(2.0135265 -0.089874355 0)
(4.2531404 -0.11812332 0)
(4.1907177 -0.11519414 0)
(4.1300781 -0.11251256 0)
(4.0710903 -0.11005673 0)
(4.0136338 -0.10780699 0)
(3.9575977 -0.10574569 0)
(3.9028798 -0.10385686 0)
(3.8493859 -0.1021259 0)
(3.7970293 -0.10053956 0)
(3.7457296 -0.099085684 0)
(3.6954127 -0.097753225 0)
(3.6460099 -0.096532078 0)
(3.5974576 -0.095412984 0)
(3.5496968 -0.094387443 0)
(3.5026729 -0.093447637 0)
(3.456335 -0.092586357 0)
(3.410636 -0.091796946 0)
(3.365532 -0.09107324 0)
(3.3209825 -0.090409528 0)
(3.2769495 -0.089800496 0)
(3.2333978 -0.089241204 0)
(3.1902948 -0.088727037 0)
(3.1476101 -0.088253683 0)
(3.1053155 -0.087817101 0)
(3.0633848 -0.087413501 0)
(3.0217937 -0.087039318 0)
(2.9805199 -0.086691196 0)
(2.9395426 -0.086365964 0)
(2.8988427 -0.086060631 0)
(2.8584025 -0.085772366 0)
(2.8182062 -0.085498486 0)
(2.7782389 -0.085236449 0)
(2.7384875 -0.084983844 0)
(2.6989399 -0.084738381 0)
(2.6595854 -0.084497888 0)
(2.6204146 -0.0842603 0)
(2.5814192 -0.084023661 0)
(2.5425922 -0.083786116 0)
(2.5039275 -0.083545907 0)
(2.4654204 -0.08330137 0)
(2.427067 -0.083050936 0)
(2.3888647 -0.082793126 0)
(2.3508118 -0.08252655 0)
(2.3129078 -0.082249904 0)
(2.2751528 -0.08196197 0)
(2.2375483 -0.081661613 0)
(2.2000965 -0.081347779 0)
(2.1628004 -0.081019491 0)
(2.1256642 -0.080675852 0)
(2.0886926 -0.080316038 0)
(2.0518913 -0.079939293 0)
(2.0152669 -0.079544972 0)
(4.2633305 -0.10348756 0)
(4.2003552 -0.1009025 0)
(4.1392057 -0.098536458 0)
(4.0797464 -0.096370028 0)
(4.021853 -0.094385754 0)
(3.9654114 -0.092567972 0)
(3.9103166 -0.09090252 0)
(3.8564718 -0.089376485 0)
(3.8037879 -0.087978113 0)
(3.7521826 -0.086696657 0)
(3.7015799 -0.085522321 0)
(3.6519094 -0.084446165 0)
(3.6031061 -0.083460006 0)
(3.5551096 -0.082556328 0)
(3.507864 -0.081728224 0)
(3.4613174 -0.080969325 0)
(3.4154217 -0.080273755 0)
(3.3701321 -0.079636073 0)
(3.3254071 -0.079051238 0)
(3.2812082 -0.078514564 0)
(3.2374994 -0.078021693 0)
(3.1942474 -0.077568556 0)
(3.1514213 -0.077151353 0)
(3.1089923 -0.076766523 0)
(3.0669338 -0.076410726 0)
(3.025221 -0.076080821 0)
(2.9838311 -0.075773855 0)
(2.942743 -0.075487035 0)
(2.9019373 -0.07521773 0)
(2.8613959 -0.074963448 0)
(2.8211027 -0.074721829 0)
(2.7810425 -0.074490639 0)
(2.7412019 -0.074267756 0)
(2.7015687 -0.07405117 0)
(2.6621319 -0.073838971 0)
(2.6228818 -0.073629347 0)
(2.5838101 -0.073420582 0)
(2.5449093 -0.073211044 0)
(2.5061735 -0.072999194 0)
(2.4675975 -0.072783571 0)
(2.4291775 -0.072562801 0)
(2.3909107 -0.072335587 0)
(2.3527953 -0.072100711 0)
(2.3148305 -0.07185703 0)
(2.2770165 -0.07160348 0)
(2.2393546 -0.071339063 0)
(2.2018469 -0.071062858 0)
(2.1644964 -0.070774006 0)
(2.1273071 -0.070471721 0)
(2.0902838 -0.070155278 0)
(2.053432 -0.069824023 0)
(2.0167581 -0.069477386 0)
(4.271948 -0.089103493 0)
(4.2085042 -0.086864282 0)
(4.1469223 -0.084815178 0)
(4.0870632 -0.082939286 0)
(4.0287997 -0.081221409 0)
(3.9720146 -0.079647911 0)
(3.9166006 -0.078206478 0)
(3.8624587 -0.076885897 0)
(3.8094977 -0.075675963 0)
(3.7576338 -0.074567325 0)
(3.7067892 -0.073551466 0)
(3.6568923 -0.072620628 0)
(3.6078766 -0.071767704 0)
(3.5596807 -0.070986175 0)
(3.5122476 -0.070270049 0)
(3.4655246 -0.069613804 0)
(3.4194626 -0.069012342 0)
(3.3740161 -0.06846095 0)
(3.329143 -0.067955258 0)
(3.2848038 -0.067491206 0)
(3.2409622 -0.067065019 0)
(3.1975844 -0.066673173 0)
(3.1546388 -0.066312377 0)
(3.1120963 -0.065979548 0)
(3.0699299 -0.065671796 0)
(3.0281143 -0.065386403 0)
(2.9866264 -0.065120812 0)
(2.9454448 -0.064872609 0)
(2.9045497 -0.064639518 0)
(2.863923 -0.064419384 0)
(2.8235479 -0.064210167 0)
(2.7834094 -0.064009937 0)
(2.7434935 -0.063816862 0)
(2.7037881 -0.063629204 0)
(2.6642818 -0.063445316 0)
(2.6249648 -0.063263634 0)
(2.5858286 -0.063082676 0)
(2.5468657 -0.062901038 0)
(2.5080698 -0.062717391 0)
(2.4694358 -0.062530477 0)
(2.4309596 -0.062339113 0)
(2.3926384 -0.062142181 0)
(2.3544703 -0.061938634 0)
(2.3164543 -0.06172749 0)
(2.2785906 -0.061507831 0)
(2.2408803 -0.0612788 0)
(2.2033255 -0.061039603 0)
(2.1659292 -0.060789502 0)
(2.1286952 -0.060527817 0)
(2.0916283 -0.060253926 0)
(2.054734 -0.059967269 0)
(2.0180186 -0.05966735 0)
(4.2796577 -0.073871861 0)
(4.2157937 -0.072005631 0)
(4.1538242 -0.070298172 0)
(4.0936069 -0.068735338 0)
(4.0350116 -0.067304401 0)
(3.9779189 -0.065993952 0)
(3.9222189 -0.064793688 0)
(3.8678109 -0.063694247 0)
(3.8146019 -0.062687108 0)
(3.7625065 -0.061764435 0)
(3.7114455 -0.060919098 0)
(3.6613459 -0.060144616 0)
(3.6121402 -0.059435054 0)
(3.563766 -0.058784965 0)
(3.5161653 -0.058189346 0)
(3.4692845 -0.057643584 0)
(3.4230738 -0.057143428 0)
(3.377487 -0.05668494 0)
(3.3324813 -0.056264475 0)
(3.2880169 -0.055878646 0)
(3.2440566 -0.055524302 0)
(3.2005663 -0.055198504 0)
(3.157514 -0.054898508 0)
(3.1148701 -0.054621742 0)
(3.0726072 -0.054365797 0)
(3.0306998 -0.054128406 0)
(2.9891244 -0.053907438 0)
(2.9478593 -0.053700882 0)
(2.9068844 -0.053506842 0)
(2.8661814 -0.053323521 0)
(2.8257332 -0.053149224 0)
(2.7855247 -0.052982341 0)
(2.7455417 -0.052821349 0)
(2.7057717 -0.052664803 0)
(2.6662034 -0.052511332 0)
(2.6268268 -0.052359638 0)
(2.5876331 -0.052208489 0)
(2.5486147 -0.052056719 0)
(2.5097652 -0.051903226 0)
(2.4710794 -0.051746967 0)
(2.4325532 -0.051586961 0)
(2.3941835 -0.051422282 0)
(2.3559683 -0.051252064 0)
(2.3179066 -0.051075492 0)
(2.2799986 -0.050891809 0)
(2.2422452 -0.050700305 0)
(2.2046485 -0.050500322 0)
(2.1672114 -0.050291248 0)
(2.1299376 -0.050072521 0)
(2.0928319 -0.049843625 0)
(2.0558997 -0.049604098 0)
(2.0191473 -0.049353514 0)
(4.2862185 -0.05758915 0)
(4.221996 -0.056128339 0)
(4.159696 -0.054792081 0)
(4.0991734 -0.053569257 0)
(4.0402954 -0.052449865 0)
(3.9829405 -0.051424938 0)
(3.926997 -0.050486393 0)
(3.8723623 -0.049626892 0)
(3.8189421 -0.048839758 0)
(3.7666494 -0.048118811 0)
(3.7154042 -0.047458434 0)
(3.6651321 -0.046853545 0)
(3.6157647 -0.046299481 0)
(3.5672387 -0.045791966 0)
(3.5194954 -0.045327071 0)
(3.4724803 -0.044901175 0)
(3.4261432 -0.044510939 0)
(3.3804371 -0.044153273 0)
(3.3353187 -0.043825316 0)
(3.2907476 -0.043524407 0)
(3.2466865 -0.043248074 0)
(3.2031006 -0.04299401 0)
(3.1599575 -0.04276006 0)
(3.1172274 -0.042544206 0)
(3.0748825 -0.042344557 0)
(3.0328971 -0.042159334 0)
(2.9912473 -0.041986865 0)
(2.9499112 -0.041825572 0)
(2.9088685 -0.041673967 0)
(2.8681006 -0.041530644 0)
(2.8275905 -0.041394271 0)
(2.7873225 -0.041263589 0)
(2.7472824 -0.041137404 0)
(2.7074577 -0.041014586 0)
(2.6678367 -0.040894061 0)
(2.6284094 -0.040774816 0)
(2.5891668 -0.040655887 0)
(2.5501013 -0.040536365 0)
(2.5112063 -0.04041539 0)
(2.4724766 -0.04029215 0)
(2.4339078 -0.040165879 0)
(2.3954969 -0.04003586 0)
(2.3572418 -0.039901417 0)
(2.3191414 -0.03976192 0)
(2.2811958 -0.039616777 0)
(2.2434058 -0.039465441 0)
(2.2057735 -0.039307399 0)
(2.1683017 -0.039142175 0)
(2.1309942 -0.038969331 0)
(2.0938556 -0.038788472 0)
(2.0568913 -0.038599232 0)
(2.0201075 -0.038401252 0)
(4.2911501 -0.041208954 0)
(4.2266579 -0.040161187 0)
(4.1641091 -0.039202982 0)
(4.1033567 -0.038326348 0)
(4.044266 -0.037524081 0)
(3.9867138 -0.036789736 0)
(3.930587 -0.036117501 0)
(3.8757818 -0.035502112 0)
(3.8222027 -0.034938783 0)
(3.7697618 -0.034423034 0)
(3.718378 -0.03395079 0)
(3.6679762 -0.033518396 0)
(3.6184873 -0.033122495 0)
(3.5698472 -0.03276 0)
(3.5219967 -0.032428079 0)
(3.4748808 -0.032124121 0)
(3.4284486 -0.031845717 0)
(3.3826528 -0.031590638 0)
(3.3374498 -0.03135682 0)
(3.2927987 -0.031142342 0)
(3.2486618 -0.030945419 0)
(3.205004 -0.030764386 0)
(3.1617928 -0.030597687 0)
(3.118998 -0.030443864 0)
(3.0765915 -0.030301551 0)
(3.0345475 -0.030169464 0)
(2.9928419 -0.030046396 0)
(2.9514525 -0.029931207 0)
(2.910359 -0.029822824 0)
(2.8695424 -0.029720231 0)
(2.8289857 -0.029622469 0)
(2.788673 -0.029528629 0)
(2.7485902 -0.029437852 0)
(2.7087243 -0.029349323 0)
(2.6690638 -0.029262273 0)
(2.6295985 -0.029175972 0)
(2.5903193 -0.02908973 0)
(2.5512184 -0.029002894 0)
(2.5122893 -0.02891485 0)
(2.4735266 -0.028825017 0)
(2.434926 -0.028732851 0)
(2.3964842 -0.028637838 0)
(2.3581991 -0.0285395 0)
(2.3200697 -0.028437387 0)
(2.2820958 -0.028331083 0)
(2.2442784 -0.028220195 0)
(2.2066195 -0.028104363 0)
(2.1691217 -0.027983246 0)
(2.1317889 -0.027856535 0)
(2.0946256 -0.027723952 0)
(2.0576372 -0.027585241 0)
(2.0208299 -0.027440094 0)
(4.2944435 -0.024758869 0)
(4.229771 -0.024129629 0)
(4.167056 -0.02355441 0)
(4.10615 -0.023028407 0)
(4.0469172 -0.02254728 0)
(3.9892332 -0.022107152 0)
(3.932984 -0.021704534 0)
(3.8780649 -0.021336259 0)
(3.8243797 -0.020999455 0)
(3.7718399 -0.020691396 0)
(3.7203635 -0.020409566 0)
(3.6698752 -0.020151757 0)
(3.6203052 -0.019915931 0)
(3.571589 -0.019700215 0)
(3.5236669 -0.019502885 0)
(3.4764837 -0.019322355 0)
(3.4299881 -0.019157157 0)
(3.3841325 -0.019005935 0)
(3.338873 -0.018867428 0)
(3.2941685 -0.018740467 0)
(3.2499811 -0.018623962 0)
(3.2062754 -0.018516894 0)
(3.1630188 -0.018418313 0)
(3.1201808 -0.018327327 0)
(3.0777333 -0.018243101 0)
(3.0356502 -0.01816485 0)
(2.9939074 -0.018091835 0)
(2.9524825 -0.018023358 0)
(2.9113551 -0.017958764 0)
(2.8705061 -0.017897432 0)
(2.8299183 -0.017838777 0)
(2.789576 -0.017782244 0)
(2.7494646 -0.017727311 0)
(2.7095714 -0.017673483 0)
(2.6698845 -0.017620291 0)
(2.6303939 -0.017567296 0)
(2.5910903 -0.017514081 0)
(2.5519659 -0.017460252 0)
(2.5130141 -0.017405442 0)
(2.4742295 -0.017349303 0)
(2.4356076 -0.017291511 0)
(2.3971452 -0.017231761 0)
(2.3588402 -0.01716977 0)
(2.3206914 -0.017105275 0)
(2.2826988 -0.017038028 0)
(2.2448632 -0.016967801 0)
(2.2071865 -0.016894379 0)
(2.1696714 -0.016817563 0)
(2.1323218 -0.016737169 0)
(2.0951421 -0.016653042 0)
(2.0581377 -0.01656505 0)
(2.0213148 -0.016472908 0)
(4.2960928 -0.0082667808 0)
(4.23133 -0.0080593732 0)
(4.1685319 -0.0078701161 0)
(4.1075491 -0.007697424 0)
(4.0482452 -0.0075398579 0)
(3.9904953 -0.0073961444 0)
(3.9341849 -0.0072651475 0)
(3.8792088 -0.0071458107 0)
(3.8254705 -0.0070371611 0)
(3.7728812 -0.0069382915 0)
(3.7213586 -0.0068482594 0)
(3.670827 -0.0067662975 0)
(3.6212165 -0.0066917072 0)
(3.5724622 -0.0066238345 0)
(3.5245044 -0.0065620779 0)
(3.4772876 -0.0065058799 0)
(3.4307603 -0.0064547247 0)
(3.3848749 -0.0064081316 0)
(3.3395872 -0.0063656542 0)
(3.2948561 -0.0063268745 0)
(3.2506434 -0.006291403 0)
(3.2069139 -0.006258874 0)
(3.1636346 -0.0062289453 0)
(3.1207751 -0.006201295 0)
(3.0783072 -0.0061756214 0)
(3.0362046 -0.00615164 0)
(2.9944433 -0.0061290835 0)
(2.9530007 -0.0061076999 0)
(2.9118563 -0.0060872523 0)
(2.8709913 -0.006067517 0)
(2.8303881 -0.0060482842 0)
(2.7900309 -0.0060293559 0)
(2.7499054 -0.0060105467 0)
(2.7099985 -0.0059916822 0)
(2.6702986 -0.0059725997 0)
(2.6307953 -0.0059531469 0)
(2.5914796 -0.0059331821 0)
(2.5523435 -0.0059125733 0)
(2.5133805 -0.0058911988 0)
(2.4745849 -0.0058689457 0)
(2.4359525 -0.0058457109 0)
(2.3974799 -0.0058213994 0)
(2.359165 -0.0057959244 0)
(2.3210066 -0.0057692064 0)
(2.2830047 -0.0057411719 0)
(2.24516 -0.0057117531 0)
(2.2074745 -0.0056808858 0)
(2.1699509 -0.0056485097 0)
(2.1325929 -0.0056145694 0)
(2.0954051 -0.0055790283 0)
(2.0583928 -0.0055418731 0)
(2.0215622 -0.005502865 0)
)
;

boundaryField
{
    inletLow
    {
        type            fixedValue;
        value           nonuniform List<vector> 0();
    }
    inletJet
    {
        type            fixedValue;
        value           nonuniform List<vector> 0();
    }
    inletHigh
    {
        type            fixedValue;
        value           nonuniform List<vector> 0();
    }
    outlet
    {
        type            zeroGradient;
    }
    upperWall
    {
        type            pressureInletOutletVelocity;
        value           nonuniform List<vector> 0();
    }
    lowerWall
    {
        type            pressureInletOutletVelocity;
        value           nonuniform List<vector> 
53
(
(1.1452484 -0.59073841 0)
(1.1487388 -0.61033817 0)
(1.1520074 -0.62980053 0)
(1.1550377 -0.64910331 0)
(1.1578097 -0.66822618 0)
(1.1603052 -0.68715039 0)
(1.1625078 -0.70585806 0)
(1.1644025 -0.72433199 0)
(1.1659752 -0.74255564 0)
(1.1672132 -0.76051306 0)
(1.1681048 -0.77818884 0)
(1.1686395 -0.79556809 0)
(1.1688081 -0.81263639 0)
(1.1686024 -0.82937976 0)
(1.1680153 -0.84578464 0)
(1.167041 -0.86183784 0)
(1.1656746 -0.87752658 0)
(1.1639125 -0.89283839 0)
(1.1617518 -0.90776117 0)
(1.1591909 -0.92228312 0)
(1.1562291 -0.93639276 0)
(1.1528671 -0.95007879 0)
(1.1491059 -0.96332988 0)
(1.1449452 -0.97613521 0)
(1.1403859 -0.98848705 0)
(1.1354352 -1.000378 0)
(1.1301011 -1.0117971 0)
(1.1243881 -1.0227342 0)
(1.1183012 -1.0331804 0)
(1.1118473 -1.0431278 0)
(1.1050337 -1.0525683 0)
(1.0978689 -1.0614952 0)
(1.0903632 -1.0699009 0)
(1.0825228 -1.0777779 0)
(1.0743546 -1.085123 0)
(1.065871 -1.0919329 0)
(1.057085 -1.0982034 0)
(1.0480076 -1.1039304 0)
(1.0386504 -1.1091112 0)
(1.0290254 -1.1137435 0)
(1.019145 -1.117826 0)
(1.009022 -1.1213581 0)
(0.99866914 -1.1243399 0)
(0.98809977 -1.1267723 0)
(0.97732722 -1.1286569 0)
(0.966365 -1.1299962 0)
(0.95522673 -1.1307934 0)
(0.94392611 -1.1310525 0)
(0.93247683 -1.1307781 0)
(0.92089267 -1.1299758 0)
(0.90918724 -1.1286518 0)
(0.89737419 -1.1268128 0)
(0.88546784 -1.1244663 0)
)
;
    }
    frontAndBack
    {
        type            empty;
    }
    procBoundary6to2
    {
        type            processor;
        value           nonuniform List<vector> 
44
(
(3.8254737 0.006932707 0)
(3.7728845 0.0068218885 0)
(3.7213621 0.0067196579 0)
(3.6708306 0.0066253452 0)
(3.6212202 0.0065383085 0)
(3.5724661 0.006457977 0)
(3.5245085 0.0063838286 0)
(3.4772918 0.0063153869 0)
(3.4307647 0.0062522157 0)
(3.3848795 0.0061939156 0)
(3.3395919 0.0061401196 0)
(3.2948609 0.0060904901 0)
(3.2506484 0.0060447154 0)
(3.206919 0.0060025074 0)
(3.1636399 0.0059635987 0)
(3.1207806 0.0059277402 0)
(3.0783128 0.0058946995 0)
(3.0362104 0.0058642586 0)
(2.9944492 0.0058362128 0)
(2.9530068 0.0058103685 0)
(2.9118626 0.0057865426 0)
(2.8709977 0.0057645612 0)
(2.8303946 0.005744258 0)
(2.7900376 0.0057254743 0)
(2.7499123 0.0057080577 0)
(2.7100055 0.0056918609 0)
(2.6703058 0.0056767427 0)
(2.6308027 0.005662565 0)
(2.5914871 0.0056491954 0)
(2.5523512 0.0056365041 0)
(2.5133883 0.0056243663 0)
(2.4745929 0.0056126596 0)
(2.4359606 0.0056012662 0)
(2.3974882 0.0055900714 0)
(2.3591734 0.0055789655 0)
(2.3210152 0.0055678424 0)
(2.2830134 0.0055566032 0)
(2.2451688 0.0055451535 0)
(2.2074835 0.005533408 0)
(2.16996 0.0055212869 0)
(2.1326022 0.0055087186 0)
(2.0954145 0.0054956252 0)
(2.0584025 0.0054819176 0)
(2.0215721 0.0054676603 0)
)
;
    }
    procBoundary6to3
    {
        type            processor;
        value           nonuniform List<vector> 8((4.2960947 0.008239261 0) (4.2313322 0.0080237436 0) (4.1685342 0.0078260437 0) (4.1075516 0.0076445246 0) (4.0482479 0.0074777187 0) (3.9904981 0.0073242839 0) (3.9341878 0.0071829908 0) (3.8792119 0.0070527757 0));
    }
    procBoundary6to5
    {
        type            processor;
        value           nonuniform List<vector> 
74
(
(0.87347895 -1.1216195 0)
(0.87854964 -1.0734138 0)
(0.88814447 -1.0411302 0)
(0.90151601 -1.0102674 0)
(0.91810041 -0.98060551 0)
(0.93737606 -0.95225714 0)
(0.95886662 -0.92509043 0)
(0.98214127 -0.89896371 0)
(1.0643778 -0.85510554 0)
(1.0068124 -0.87376123 0)
(1.0484758 -0.85241366 0)
(1.0643778 -0.85510554 0)
(1.0921835 -0.83157042 0)
(1.1204862 -0.80867276 0)
(1.1490313 -0.78633526 0)
(1.1775958 -0.76449164 0)
(1.2059857 -0.74308492 0)
(1.234034 -0.72206637 0)
(1.2615985 -0.70139506 0)
(1.2885594 -0.68103848 0)
(1.3371073 -0.66385495 0)
(1.3371073 -0.66385495 0)
(1.3632745 -0.64407289 0)
(1.3885781 -0.62453023 0)
(1.4129668 -0.60521643 0)
(1.4614139 -0.58884498 0)
(1.4614139 -0.58884498 0)
(1.4845011 -0.56996396 0)
(1.5065725 -0.55128758 0)
(1.5276207 -0.5328179 0)
(1.5751257 -0.51705426 0)
(1.5751257 -0.51705426 0)
(1.5946856 -0.49898115 0)
(1.6132202 -0.48111864 0)
(1.6307472 -0.46347383 0)
(1.6472889 -0.44605362 0)
(1.662871 -0.42886507 0)
(1.6775219 -0.41191531 0)
(1.6912721 -0.39521132 0)
(1.7041536 -0.37875981 0)
(1.7161999 -0.36256706 0)
(1.7274448 -0.34663886 0)
(1.7379229 -0.33098045 0)
(1.7476685 -0.31559646 0)
(1.7567162 -0.30049091 0)
(1.7651 -0.28566731 0)
(1.8817754 -0.26118238 0)
(1.84768 -0.25981515 0)
(1.7728533 -0.27112869 0)
(1.813754 -0.2583799 0)
(1.8817754 -0.26118238 0)
(1.923515 -0.24826105 0)
(1.923515 -0.24826105 0)
(1.9303994 -0.23432613 0)
(1.9367169 -0.22067892 0)
(1.9424995 -0.20732088 0)
(1.9477782 -0.19425218 0)
(1.9525829 -0.18147226 0)
(1.9569422 -0.16898008 0)
(1.9608838 -0.1567741 0)
(1.9644337 -0.14485233 0)
(1.9676171 -0.1332124 0)
(1.9704577 -0.12185154 0)
(1.9729781 -0.11076666 0)
(1.9751997 -0.099954355 0)
(1.9771428 -0.08941095 0)
(1.9788267 -0.079132531 0)
(1.9802697 -0.069114912 0)
(1.9814895 -0.059353819 0)
(1.9825821 -0.049091661 0)
(1.9835116 -0.038194484 0)
(1.9842111 -0.027288575 0)
(1.9846807 -0.016376654 0)
(1.9849205 -0.0054619417 0)
)
;
    }
    procBoundary6to7
    {
        type            processor;
        value           nonuniform List<vector> 
73
(
(1.141551 -0.57101946 0)
(1.1505022 -0.54543613 0)
(1.1674258 -0.52985754 0)
(1.1916165 -0.51610927 0)
(1.2224399 -0.50418552 0)
(1.2593177 -0.4941821 0)
(1.3017209 -0.48601362 0)
(1.349161 -0.47955753 0)
(1.4011825 -0.47467714 0)
(1.4573559 -0.47121939 0)
(1.5172721 -0.46901838 0)
(1.5805385 -0.46789924 0)
(1.6467746 -0.46768158 0)
(1.7156099 -0.46818272 0)
(1.7866816 -0.4692208 0)
(1.8596337 -0.47061756 0)
(1.9341168 -0.47220096 0)
(2.0097878 -0.47380751 0)
(2.0863113 -0.47528424 0)
(2.16336 -0.47649044 0)
(2.2406169 -0.47729898 0)
(2.3177761 -0.47759725 0)
(2.3945448 -0.47728774 0)
(2.4706442 -0.47628937 0)
(2.5458129 -0.47453596 0)
(2.6198082 -0.47197487 0)
(2.6924049 -0.46856966 0)
(2.7633939 -0.46430144 0)
(2.832592 -0.45916187 0)
(2.8998344 -0.45315184 0)
(2.9649772 -0.44628513 0)
(3.0278974 -0.43858537 0)
(3.0884923 -0.43008444 0)
(3.1466794 -0.42082128 0)
(3.2023948 -0.41084063 0)
(3.2555933 -0.40019191 0)
(3.3647352 -0.39393489 0)
(3.3356579 -0.39132072 0)
(3.3062465 -0.38892812 0)
(3.3062465 -0.38892812 0)
(3.4475731 -0.38596001 0)
(3.4989724 -0.37447071 0)
(3.5476319 -0.36237806 0)
(3.5935617 -0.34974724 0)
(3.6367855 -0.33664352 0)
(3.6773401 -0.32313139 0)
(3.7152732 -0.30927393 0)
(3.7506426 -0.29513228 0)
(3.7835142 -0.28076513 0)
(3.8139612 -0.26622837 0)
(3.8420629 -0.25157482 0)
(3.867903 -0.236854 0)
(4.1025924 -0.24084 0)
(4.0481293 -0.2355419 0)
(3.9948535 -0.23067771 0)
(3.9426901 -0.22621187 0)
(3.8915691 -0.22211204 0)
(3.8915691 -0.22211204 0)
(4.186318 -0.23082632 0)
(4.2117844 -0.21498022 0)
(4.2348265 -0.19912654 0)
(4.2555523 -0.18331482 0)
(4.2740714 -0.16759015 0)
(4.2904939 -0.15199323 0)
(4.3049302 -0.13656051 0)
(4.3174894 -0.12132439 0)
(4.3282793 -0.10631325 0)
(4.3374058 -0.091551667 0)
(4.3455721 -0.075912683 0)
(4.3525222 -0.059186969 0)
(4.3577471 -0.042355279 0)
(4.3612365 -0.02544759 0)
(4.3629838 -0.0084942136 0)
)
;
    }
}


// ************************************************************************* //
