/*--------------------------------*- C++ -*----------------------------------*\
| =========                 |                                                 |
| \\      /  F ield         | OpenFOAM: The Open Source CFD Toolbox           |
|  \\    /   O peration     | Version:  2312                                  |
|   \\  /    A nd           | Website:  www.openfoam.com                      |
|    \\/     M anipulation  |                                                 |
\*---------------------------------------------------------------------------*/
FoamFile
{
    version     2.0;
    format      ascii;
    arch        "LSB;label=32;scalar=64";
    class       surfaceScalarField;
    location    "0.04";
    object      phi;
}
// * * * * * * * * * * * * * * * * * * * * * * * * * * * * * * * * * * * * * //

dimensions      [1 0 -1 0 0 0 0];

oriented        oriented;

internalField   nonuniform List<scalar> 
6325
(
4.4923784e-07
-5.557981e-10
4.4720772e-07
-1.295405e-09
4.4475314e-07
-1.648521e-09
4.419974e-07
-1.7430968e-09
4.3900669e-07
-1.7123879e-09
4.3582344e-07
-1.648882e-09
4.3247745e-07
-1.6188326e-09
4.2899107e-07
-1.6708342e-09
4.2538274e-07
-1.8416096e-09
4.2166974e-07
-2.1601946e-09
4.1786995e-07
-2.649792e-09
4.1400199e-07
-3.3279337e-09
4.1008473e-07
-4.2074994e-09
4.0614006e-07
-5.2998634e-09
4.0218519e-07
-6.6032809e-09
3.9823679e-07
-8.1180109e-09
3.9431036e-07
-9.841911e-09
3.9041985e-07
-1.1770337e-08
3.8657757e-07
-1.3896799e-08
3.8279428e-07
-1.6213359e-08
3.7907922e-07
-1.8710881e-08
3.7544014e-07
-2.1379255e-08
3.7188336e-07
-2.42076e-08
3.6841384e-07
-2.7184453e-08
3.650352e-07
-3.0297939e-08
3.6174984e-07
-3.353592e-08
3.58559e-07
-3.6886114e-08
3.5546284e-07
-4.0336216e-08
3.5246051e-07
-4.3874019e-08
3.4955025e-07
-4.7487486e-08
3.4672947e-07
-5.1164823e-08
3.4399485e-07
-5.4894538e-08
3.4134241e-07
-5.866549e-08
3.3876762e-07
-6.2466924e-08
3.3626548e-07
-6.6288503e-08
3.3383056e-07
-7.0120326e-08
3.3145716e-07
-7.3952939e-08
3.291393e-07
-7.7777345e-08
3.2687082e-07
-8.1585002e-08
3.2464549e-07
-8.5367823e-08
3.2245698e-07
-8.9118167e-08
3.20299e-07
-9.2828829e-08
3.181653e-07
-9.6493033e-08
3.1604972e-07
-1.0010441e-07
3.1394624e-07
-1.03657e-07
3.1184902e-07
-1.0714522e-07
3.0975241e-07
-1.1056385e-07
3.0765098e-07
-1.1390804e-07
3.0553954e-07
-1.1717328e-07
3.0341311e-07
-1.2035538e-07
3.0126693e-07
-1.2345051e-07
-1.2645512e-07
4.3767634e-07
9.7560461e-11
4.36084e-07
3.1047674e-10
4.3387763e-07
5.8085551e-10
4.3125678e-07
9.1094122e-10
4.2832915e-07
1.2593043e-09
4.2516118e-07
1.5747281e-09
4.2179966e-07
1.8105803e-09
4.1828178e-07
1.927836e-09
4.1463967e-07
1.8948574e-09
4.1090158e-07
1.6864792e-09
4.070918e-07
1.2834594e-09
4.0322803e-07
6.7486234e-10
3.9931903e-07
-1.4313446e-10
3.9541578e-07
-1.2245149e-09
3.9151362e-07
-2.5116032e-09
3.8762777e-07
-4.0246008e-09
3.8377281e-07
-5.7608129e-09
3.7996185e-07
-7.7141374e-09
3.762067e-07
-9.8768432e-09
3.7251773e-07
-1.2239604e-08
3.6890378e-07
-1.4791831e-08
3.6537223e-07
-1.7521961e-08
3.6192892e-07
-2.0417698e-08
3.585783e-07
-2.3466215e-08
3.5532346e-07
-2.6654341e-08
3.521662e-07
-2.9968716e-08
3.4910713e-07
-3.339593e-08
3.4614577e-07
-3.692264e-08
3.4328064e-07
-4.0535688e-08
3.4050934e-07
-4.4222185e-08
3.3782865e-07
-4.7969577e-08
3.3523468e-07
-5.1765706e-08
3.3272288e-07
-5.5598854e-08
3.302882e-07
-5.9457782e-08
3.2792514e-07
-6.3331745e-08
3.2562788e-07
-6.7210516e-08
3.233903e-07
-7.1084389e-08
3.2120609e-07
-7.4944181e-08
3.1906881e-07
-7.8781229e-08
3.1697197e-07
-8.258738e-08
3.1490907e-07
-8.6354983e-08
3.1287364e-07
-9.0076867e-08
3.1085933e-07
-9.3746333e-08
3.0885992e-07
-9.735713e-08
3.0686933e-07
-1.0090344e-07
3.0488174e-07
-1.0437985e-07
3.0289151e-07
-1.0778135e-07
3.0089327e-07
-1.111033e-07
2.9888187e-07
-1.1434142e-07
2.9685244e-07
-1.1749177e-07
2.9480027e-07
-1.2055073e-07
-1.2351503e-07
4.2604134e-07
5.9032862e-10
4.247569e-07
1.6072947e-09
4.2284617e-07
2.5123966e-09
4.2045394e-07
3.3330973e-09
4.1769002e-07
4.0629068e-09
4.1463537e-07
4.6794512e-09
4.1135132e-07
5.1557275e-09
4.0788636e-07
5.4655251e-09
4.0428051e-07
5.5856964e-09
4.0056781e-07
5.4970389e-09
3.96778e-07
5.1846404e-09
3.9294044e-07
4.637879e-09
3.8908861e-07
3.8487302e-09
3.8521032e-07
2.8092165e-09
3.8134473e-07
1.5253695e-09
3.775077e-07
2.6953681e-13
3.7371575e-07
-1.7640684e-09
3.6998128e-07
-3.7574293e-09
3.6631587e-07
-5.9713265e-09
3.6272941e-07
-8.394777e-09
3.5923012e-07
-1.1015569e-08
3.5582459e-07
-1.3820563e-08
3.525178e-07
-1.6795939e-08
3.4931326e-07
-1.9927421e-08
3.4621303e-07
-2.3200473e-08
3.4321785e-07
-2.6600468e-08
3.4032726e-07
-3.011283e-08
3.3753967e-07
-3.3723168e-08
3.3485251e-07
-3.7417381e-08
3.322623e-07
-4.1181743e-08
3.2976482e-07
-4.5002975e-08
3.2735517e-07
-4.8868297e-08
3.2502787e-07
-5.2765472e-08
3.2277701e-07
-5.6682831e-08
3.2059631e-07
-6.0609296e-08
3.1847919e-07
-6.4534383e-08
3.1641891e-07
-6.8448208e-08
3.1440858e-07
-7.2341479e-08
3.1244127e-07
-7.6205487e-08
3.1051006e-07
-8.003209e-08
3.0860811e-07
-8.3813695e-08
3.0672866e-07
-8.7543238e-08
3.0486516e-07
-9.1214161e-08
3.0301122e-07
-9.4820389e-08
3.0116069e-07
-9.8356307e-08
2.9930768e-07
-1.0181673e-07
2.9744657e-07
-1.051969e-07
2.9557202e-07
-1.0849243e-07
2.9367901e-07
-1.1169932e-07
2.9176275e-07
-1.1481389e-07
2.8981873e-07
-1.1783282e-07
-1.2075311e-07
4.1466254e-07
9.8344965e-10
4.1357244e-07
2.7082233e-09
4.1188411e-07
4.2187508e-09
4.0970026e-07
5.5428024e-09
4.0711248e-07
6.6849481e-09
4.0419855e-07
7.6366289e-09
4.0102366e-07
8.3834301e-09
3.9764272e-07
8.9093964e-09
3.9410257e-07
9.1994482e-09
3.9044375e-07
9.24071e-09
3.8670186e-07
9.023184e-09
3.8290882e-07
8.5399548e-09
3.7909238e-07
7.7871148e-09
3.7527288e-07
6.7641485e-09
3.7147359e-07
5.4740998e-09
3.6771504e-07
3.9227703e-09
3.6401228e-07
2.117674e-09
3.6038049e-07
6.8801653e-11
3.5683141e-07
-2.2119359e-09
3.53375e-07
-4.7118255e-09
3.500191e-07
-7.4165741e-09
3.4676966e-07
-1.0311188e-08
3.4363079e-07
-1.3380104e-08
3.4060496e-07
-1.660742e-08
3.3769308e-07
-1.9977106e-08
3.3489464e-07
-2.3473178e-08
3.3220788e-07
-2.7079839e-08
3.2962989e-07
-3.0781615e-08
3.2715675e-07
-3.4563458e-08
3.247837e-07
-3.8410827e-08
3.2250524e-07
-4.2309756e-08
3.2031525e-07
-4.6246897e-08
3.1820715e-07
-5.020956e-08
3.1617394e-07
-5.4185727e-08
3.1420837e-07
-5.8164066e-08
3.1230299e-07
-6.213393e-08
3.1045027e-07
-6.6085349e-08
3.0864262e-07
-7.0009017e-08
3.0687253e-07
-7.3896274e-08
3.0513257e-07
-7.7739079e-08
3.0341547e-07
-8.152999e-08
3.0171417e-07
-8.5262133e-08
3.0002184e-07
-8.8929173e-08
2.9833193e-07
-9.2525287e-08
2.966382e-07
-9.6045134e-08
2.9493471e-07
-9.9483825e-08
2.9321586e-07
-1.028369e-07
2.9147639e-07
-1.0610028e-07
2.8971139e-07
-1.0927029e-07
2.8791626e-07
-1.1234359e-07
2.8608669e-07
-1.1531716e-07
-1.1818832e-07
4.0354751e-07
1.3218799e-09
4.0258244e-07
3.6823112e-09
4.0105294e-07
5.7630565e-09
3.9903415e-07
7.5827651e-09
3.9660091e-07
9.1462618e-09
3.9382327e-07
1.0449763e-08
3.9076485e-07
1.1485282e-08
3.8748262e-07
1.2243492e-08
3.8402734e-07
1.2715528e-08
3.8044417e-07
1.2894124e-08
3.7677326e-07
1.277429e-08
3.730502e-07
1.2353673e-08
3.6930623e-07
1.1632715e-08
3.6556872e-07
1.0614749e-08
3.6186184e-07
9.3060347e-09
3.5820681e-07
7.7152899e-09
3.5462148e-07
5.8533623e-09
3.5112093e-07
3.7330004e-09
3.4771775e-07
1.368573e-09
3.4442166e-07
-1.2243764e-09
3.4124009e-07
-4.029319e-09
3.3817825e-07
-7.0290743e-09
3.3523927e-07
-1.0206072e-08
3.3242443e-07
-1.3542588e-08
3.2973333e-07
-1.7020951e-08
3.2716404e-07
-2.0623709e-08
3.2471329e-07
-2.4333783e-08
3.2237666e-07
-2.8134585e-08
3.2014874e-07
-3.2010122e-08
3.1802328e-07
-3.5945068e-08
3.1599336e-07
-3.9924815e-08
3.1405151e-07
-4.393552e-08
3.1218988e-07
-4.7964119e-08
3.104003e-07
-5.199834e-08
3.0867445e-07
-5.60267e-08
3.0700393e-07
-6.0038494e-08
3.0538034e-07
-6.4023778e-08
3.0379538e-07
-6.7973341e-08
3.0224089e-07
-7.1878679e-08
3.0070893e-07
-7.5731963e-08
2.9919181e-07
-7.9526002e-08
2.9768214e-07
-8.3254208e-08
2.9617288e-07
-8.6910563e-08
2.9465732e-07
-9.0489579e-08
2.9312914e-07
-9.3986267e-08
2.9158242e-07
-9.7396101e-08
2.9001162e-07
-1.0071499e-07
2.8841161e-07
-1.0393923e-07
2.8677766e-07
-1.070655e-07
2.8510538e-07
-1.1009084e-07
2.8339072e-07
-1.1301258e-07
-1.1582838e-07
3.9271012e-07
1.6284306e-09
3.9182358e-07
4.5758994e-09
3.9040198e-07
7.1959734e-09
3.8850421e-07
9.496652e-09
3.8619336e-07
1.1478536e-08
3.8353251e-07
1.3137795e-08
3.8058237e-07
1.4468835e-08
3.773999e-07
1.5466034e-08
3.7403774e-07
1.6124867e-08
3.7054399e-07
1.6442635e-08
3.6696211e-07
1.6418939e-08
3.6333109e-07
1.6055947e-08
3.596855e-07
1.5358504e-08
3.5605568e-07
1.4334144e-08
3.5246812e-07
1.2993011e-08
3.4894556e-07
1.1347536e-08
3.4550713e-07
9.412149e-09
3.4216856e-07
7.202985e-09
3.3894242e-07
4.7375433e-09
3.3583827e-07
2.034353e-09
3.3286288e-07
-8.8733934e-10
3.3002054e-07
-4.007861e-09
3.2731318e-07
-7.3073871e-09
3.2474071e-07
-1.0766176e-08
3.223012e-07
-1.4364765e-08
3.199911e-07
-1.8084143e-08
3.1780551e-07
-2.1905891e-08
3.1573831e-07
-2.5812298e-08
3.1378245e-07
-2.9786441e-08
3.1193007e-07
-3.3812252e-08
3.1017274e-07
-3.7874557e-08
3.0850154e-07
-4.19591e-08
3.0690728e-07
-4.6052547e-08
3.0538059e-07
-5.0142484e-08
3.0391204e-07
-5.4217395e-08
3.0249225e-07
-5.8266645e-08
3.01112e-07
-6.2280436e-08
2.9976224e-07
-6.6249778e-08
2.9843422e-07
-7.0166448e-08
2.9711952e-07
-7.4022941e-08
2.9581009e-07
-7.7812429e-08
2.9449826e-07
-8.1528717e-08
2.9317682e-07
-8.5166201e-08
2.9183899e-07
-8.8719818e-08
2.9047845e-07
-9.2185013e-08
2.8908934e-07
-9.5557696e-08
2.8766628e-07
-9.8834208e-08
2.8620433e-07
-1.0201128e-07
2.84699e-07
-1.0508602e-07
2.8314622e-07
-1.0805585e-07
2.8154228e-07
-1.1091852e-07
-1.1367205e-07
3.8215181e-07
1.9164495e-09
3.8131311e-07
5.4195895e-09
3.7996136e-07
8.5554258e-09
3.7814709e-07
1.1321835e-08
3.7592653e-07
1.3713669e-08
3.7335823e-07
1.5724745e-08
3.7050065e-07
1.7349552e-08
3.6741045e-07
1.8584263e-08
3.6414132e-07
1.9427294e-08
3.6074332e-07
1.9879629e-08
3.5726233e-07
1.9945004e-08
3.5373988e-07
1.9629976e-08
3.5021299e-07
1.8943891e-08
3.4671417e-07
1.7898773e-08
3.432716e-07
1.6509118e-08
3.399092e-07
1.4791594e-08
3.3664679e-07
1.2764703e-08
3.3350033e-07
1.0448433e-08
3.3048214e-07
7.8638957e-09
3.2760116e-07
5.0329714e-09
3.2486323e-07
1.9779795e-09
3.2227135e-07
-1.2786301e-09
3.1982603e-07
-4.7145491e-09
3.1752553e-07
-8.3078405e-09
3.1536617e-07
-1.2037135e-08
3.1334258e-07
-1.5881794e-08
3.1144802e-07
-1.9822034e-08
3.0967457e-07
-2.3839029e-08
3.0801339e-07
-2.7914978e-08
3.0645495e-07
-3.2033143e-08
3.049892e-07
-3.6177878e-08
3.0360576e-07
-4.0334626e-08
3.0229408e-07
-4.4489911e-08
3.0104358e-07
-4.8631309e-08
2.9984377e-07
-5.2747413e-08
2.9868432e-07
-5.6827791e-08
2.9755522e-07
-6.0862938e-08
2.9644677e-07
-6.484422e-08
2.9534971e-07
-6.8763821e-08
2.9425521e-07
-7.261469e-08
2.9315492e-07
-7.6390479e-08
2.9204103e-07
-8.0085494e-08
2.9090625e-07
-8.3694643e-08
2.897438e-07
-8.7213381e-08
2.8854748e-07
-9.063767e-08
2.8731159e-07
-9.3963927e-08
2.8603097e-07
-9.7188994e-08
2.8470099e-07
-1.0031009e-07
2.8331749e-07
-1.0332479e-07
2.8187678e-07
-1.0623098e-07
2.803756e-07
-1.0902685e-07
-1.1171085e-07
3.7186955e-07
2.1944803e-09
3.7105751e-07
6.2345385e-09
3.6974729e-07
9.869735e-09
3.6798619e-07
1.3088654e-08
3.6582754e-07
1.5880077e-08
3.6332795e-07
1.8234512e-08
3.6054507e-07
2.014539e-08
3.5753582e-07
2.1609619e-08
3.5435498e-07
2.2627735e-08
3.510542e-07
2.3203865e-08
3.4768126e-07
2.3345618e-08
3.4427958e-07
2.3063911e-08
3.4088794e-07
2.2372747e-08
3.3754033e-07
2.1288934e-08
3.3426593e-07
1.9831751e-08
3.3108925e-07
1.8022559e-08
3.2803024e-07
1.588439e-08
3.2510454e-07
1.3441533e-08
3.2232374e-07
1.0719122e-08
3.1969568e-07
7.7427506e-09
3.1722483e-07
4.5381123e-09
3.1491257e-07
1.1306809e-09
3.127576e-07
-2.4545598e-09
3.1075623e-07
-6.1933485e-09
3.0890278e-07
-1.0062333e-08
3.0718985e-07
-1.4039218e-08
3.0560867e-07
-1.8102875e-08
3.0414938e-07
-2.2233418e-08
3.0280127e-07
-2.6412246e-08
3.0155304e-07
-3.0622066e-08
3.0039303e-07
-3.4846885e-08
2.9930938e-07
-3.9071993e-08
2.9829022e-07
-4.3283919e-08
2.9732379e-07
-4.7470389e-08
2.9639859e-07
-5.1620261e-08
2.9550348e-07
-5.5723469e-08
2.9462772e-07
-5.9770949e-08
2.9376109e-07
-6.3754569e-08
2.928939e-07
-6.7667064e-08
2.9201707e-07
-7.1501961e-08
2.9112209e-07
-7.5253515e-08
2.9020109e-07
-7.891664e-08
2.8924683e-07
-8.2486856e-08
2.8825268e-07
-8.5960224e-08
2.8721264e-07
-8.9333297e-08
2.861213e-07
-9.2603074e-08
2.8497383e-07
-9.5766951e-08
2.8376598e-07
-9.8822689e-08
2.82494e-07
-1.0176838e-07
2.8115469e-07
-1.046024e-07
2.7974527e-07
-1.0732343e-07
-1.0993041e-07
3.6185824e-07
2.4685066e-09
3.6105744e-07
7.0362266e-09
3.5976717e-07
1.1160576e-08
3.5803496e-07
1.4821545e-08
3.5591423e-07
1.8001964e-08
3.5346196e-07
2.068877e-08
3.5073659e-07
2.2873914e-08
3.4779621e-07
2.4554623e-08
3.4469714e-07
2.5733237e-08
3.4149268e-07
2.6416871e-08
3.3823229e-07
2.6617013e-08
3.3496089e-07
2.6349105e-08
3.3171846e-07
2.5632087e-08
3.2853983e-07
2.4487932e-08
3.2545459e-07
2.294114e-08
3.224872e-07
2.1018228e-08
3.1965708e-07
1.874721e-08
3.1697896e-07
1.6157096e-08
3.1446312e-07
1.3277422e-08
3.121158e-07
1.0137813e-08
3.0993956e-07
6.7675947e-09
3.0793375e-07
3.1954657e-09
3.0609486e-07
-5.5078123e-10
3.0441693e-07
-4.4444844e-09
3.0289199e-07
-8.4602886e-09
3.0151038e-07
-1.2574271e-08
3.0026116e-07
-1.6764025e-08
2.9913237e-07
-2.1008706e-08
2.9811137e-07
-2.5289049e-08
2.9718508e-07
-2.9587354e-08
2.963402e-07
-3.3887452e-08
2.9556345e-07
-3.8174652e-08
2.9484167e-07
-4.2435673e-08
2.9416207e-07
-4.6658572e-08
2.9351223e-07
-5.0832652e-08
2.9288029e-07
-5.4948382e-08
2.9225497e-07
-5.8997306e-08
2.9162564e-07
-6.297195e-08
2.9098237e-07
-6.6865739e-08
2.9031593e-07
-7.0672913e-08
2.8961783e-07
-7.4388443e-08
2.8888029e-07
-7.8007963e-08
2.8809626e-07
-8.1527694e-08
2.8725939e-07
-8.4944385e-08
2.86364e-07
-8.8255251e-08
2.8540508e-07
-9.1457927e-08
2.8437826e-07
-9.4550416e-08
2.8327972e-07
-9.7531052e-08
2.8210625e-07
-1.0039847e-07
2.8085511e-07
-1.0315156e-07
2.7952403e-07
-1.0578948e-07
-1.0831161e-07
3.5211193e-07
2.7430406e-09
3.5131052e-07
7.8366028e-09
3.5002324e-07
1.2445093e-08
3.4830029e-07
1.6540396e-08
3.4619751e-07
2.009966e-08
3.437742e-07
2.3106349e-08
3.4109105e-07
2.5550967e-08
3.3820841e-07
2.74311e-08
3.3518472e-07
2.8751e-08
3.3207522e-07
2.9520966e-08
3.2893098e-07
2.9756669e-08
3.2579818e-07
2.9478455e-08
3.2271759e-07
2.8710658e-08
3.1972435e-07
2.7480905e-08
3.1684784e-07
2.5819431e-08
3.141118e-07
2.3758404e-08
3.1153451e-07
2.133128e-08
3.0912912e-07
1.8572205e-08
3.0690398e-07
1.5515463e-08
3.0486314e-07
1.2194987e-08
3.0300678e-07
8.6439484e-09
3.013317e-07
4.8944103e-09
2.9983178e-07
9.7704545e-10
2.9849846e-07
-3.079077e-09
2.9732118e-07
-7.246644e-09
2.9628784e-07
-1.1500196e-08
2.9538515e-07
-1.5816177e-08
2.9459898e-07
-2.0172948e-08
2.939147e-07
-2.4550761e-08
2.9331745e-07
-2.8931709e-08
2.9279235e-07
-3.3299656e-08
2.9232475e-07
-3.7640143e-08
2.9190038e-07
-4.1940291e-08
2.9150546e-07
-4.6188689e-08
2.9112687e-07
-5.0375287e-08
2.9075218e-07
-5.4491275e-08
2.9036973e-07
-5.8528974e-08
2.8996867e-07
-6.2481728e-08
2.8953899e-07
-6.6343797e-08
2.8907151e-07
-7.0110259e-08
2.8855791e-07
-7.377692e-08
2.8799067e-07
-7.7340225e-08
2.8736309e-07
-8.0797186e-08
2.8666922e-07
-8.4145307e-08
2.8590387e-07
-8.7382527e-08
2.8506254e-07
-9.050716e-08
2.841414e-07
-9.3517852e-08
2.8313721e-07
-9.6413535e-08
2.8204733e-07
-9.9193396e-08
2.8086959e-07
-1.0185685e-07
2.7960229e-07
-1.0440351e-07
-1.0683319e-07
3.4262426e-07
3.0217084e-09
3.4181269e-07
8.6453481e-09
3.4051461e-07
1.3737303e-08
3.3878482e-07
1.826166e-08
3.3668344e-07
2.2190195e-08
3.342737e-07
2.5503211e-08
3.3161996e-07
2.8190098e-08
3.2878578e-07
3.0249192e-08
3.258324e-07
3.1687112e-08
3.228173e-07
3.2517863e-08
3.1979326e-07
3.2761873e-08
3.1680751e-07
3.2445016e-08
3.1390125e-07
3.1597654e-08
3.1110941e-07
3.0253701e-08
3.0846058e-07
2.8449725e-08
3.0597713e-07
2.6224096e-08
3.0367551e-07
2.36162e-08
3.0156662e-07
2.0665719e-08
2.9965627e-07
1.7412005e-08
2.9794571e-07
1.3893542e-08
2.9643218e-07
1.0147497e-08
2.9510944e-07
6.2093692e-09
2.9396838e-07
2.1127077e-09
2.9299748e-07
-2.1110755e-09
2.9218339e-07
-6.4328283e-09
2.9151134e-07
-1.0825719e-08
2.9096557e-07
-1.5265242e-08
2.9052974e-07
-1.9729185e-08
2.9018724e-07
-2.419756e-08
2.8992145e-07
-2.8652503e-08
2.8971603e-07
-3.3078159e-08
2.895551e-07
-3.7460551e-08
2.8942338e-07
-4.1787438e-08
2.8930634e-07
-4.6048174e-08
2.8919031e-07
-5.023356e-08
2.890625e-07
-5.4335705e-08
2.8891107e-07
-5.8347886e-08
2.8872517e-07
-6.226442e-08
2.8849489e-07
-6.6080543e-08
2.8821132e-07
-6.9792293e-08
2.8786646e-07
-7.3396411e-08
2.8745324e-07
-7.6890244e-08
2.8696545e-07
-8.0271664e-08
2.8639771e-07
-8.3538991e-08
2.8574544e-07
-8.6690928e-08
2.8500478e-07
-8.9726504e-08
2.8417253e-07
-9.2645027e-08
2.8324614e-07
-9.544604e-08
2.8222362e-07
-9.8129286e-08
2.8110345e-07
-1.0069468e-07
2.7988454e-07
-1.031423e-07
-1.0547238e-07
3.3338875e-07
3.3075829e-09
3.3255898e-07
9.4706418e-09
3.3123858e-07
1.5049019e-08
3.2948853e-07
1.9999168e-08
3.2737481e-07
2.4287828e-08
3.2496609e-07
2.7892602e-08
3.2233155e-07
3.0802343e-08
3.1953891e-07
3.3016811e-08
3.166528e-07
3.4545749e-08
3.1373332e-07
3.5407686e-08
3.1083494e-07
3.5628656e-08
3.0800579e-07
3.5240913e-08
3.0528714e-07
3.428167e-08
3.0271319e-07
3.2791903e-08
3.0031111e-07
3.0815216e-08
2.9810124e-07
2.8396788e-08
2.9609751e-07
2.5582437e-08
2.9430788e-07
2.2417784e-08
2.9273495e-07
1.8947539e-08
2.9137656e-07
1.5214921e-08
2.9022646e-07
1.1261179e-08
2.8927494e-07
7.1252387e-09
2.8850948e-07
2.8434439e-09
2.8791534e-07
-1.5506e-09
2.8747611e-07
-6.0261059e-09
2.8717423e-07
-1.0555112e-08
2.8699143e-07
-1.5112437e-08
2.8690914e-07
-1.9675586e-08
2.869088e-07
-2.4224627e-08
2.869722e-07
-2.8742038e-08
2.8708164e-07
-3.3212538e-08
2.8722019e-07
-3.7622911e-08
2.8737179e-07
-4.1961819e-08
2.8752136e-07
-4.6219618e-08
2.876549e-07
-5.0388188e-08
2.877595e-07
-5.446075e-08
2.8782338e-07
-5.8431713e-08
2.8783588e-07
-6.2296521e-08
2.8778745e-07
-6.6051513e-08
2.876696e-07
-6.96938e-08
2.8747488e-07
-7.3221146e-08
2.8719682e-07
-7.6631873e-08
2.8682989e-07
-7.9924769e-08
2.863694e-07
-8.3099009e-08
2.858115e-07
-8.6154091e-08
2.8515307e-07
-8.9089776e-08
2.8439168e-07
-9.190604e-08
2.8352552e-07
-9.4603034e-08
2.8255335e-07
-9.7181052e-08
2.8147434e-07
-9.9640502e-08
2.8028806e-07
-1.0198191e-07
-1.0420591e-07
3.2439887e-07
3.6033828e-09
3.2354394e-07
1.0319638e-08
3.2219132e-07
1.6390438e-08
3.2040968e-07
2.1764681e-08
3.1827233e-07
2.6404442e-08
3.1585467e-07
3.0285223e-08
3.1323178e-07
3.3396134e-08
3.104764e-07
3.57393e-08
3.0765708e-07
3.7328633e-08
3.0483675e-07
3.8188287e-08
3.0207164e-07
3.8351014e-08
2.9941051e-07
3.7856523e-08
2.9689426e-07
3.6749895e-08
2.9455581e-07
3.5080082e-08
2.9242025e-07
3.2898517e-08
2.9050519e-07
3.025785e-08
2.888213e-07
2.7210855e-08
2.8737289e-07
2.3809471e-08
2.8615867e-07
2.0104018e-08
2.8517248e-07
1.6142563e-08
2.8440405e-07
1.1970441e-08
2.8383975e-07
7.6299092e-09
2.8346334e-07
3.159929e-09
2.8325657e-07
-1.4039447e-09
2.8319983e-07
-6.0295833e-09
2.8327271e-07
-1.0688224e-08
2.8345442e-07
-1.5354357e-08
2.8372421e-07
-2.0005562e-08
2.8406174e-07
-2.4622319e-08
2.8444732e-07
-2.9187793e-08
2.8486214e-07
-3.3687606e-08
2.8528843e-07
-3.8109605e-08
2.8570961e-07
-4.2443636e-08
2.8611029e-07
-4.6681314e-08
2.8647643e-07
-5.0815814e-08
2.8679524e-07
-5.4841668e-08
2.8705524e-07
-5.8754583e-08
2.8724622e-07
-6.2551268e-08
2.8735918e-07
-6.6229283e-08
2.8738629e-07
-6.97869e-08
2.8732081e-07
-7.3222983e-08
2.8715706e-07
-7.6536881e-08
2.8689031e-07
-7.9728335e-08
2.8651671e-07
-8.27974e-08
2.8603325e-07
-8.5744378e-08
2.8543766e-07
-8.8569761e-08
2.8472835e-07
-9.1274186e-08
2.8390434e-07
-9.3858397e-08
2.8296515e-07
-9.6323214e-08
2.8191074e-07
-9.8669516e-08
2.8074126e-07
-1.0089823e-07
-1.030104e-07
3.1564819e-07
3.9115966e-09
3.1476184e-07
1.1198765e-08
3.1336834e-07
1.7770533e-08
3.1154551e-07
2.3568267e-08
3.0937537e-07
2.8549817e-08
3.0694124e-07
3.2689347e-08
3.0432517e-07
3.5977239e-08
3.016056e-07
3.8419201e-08
2.9885545e-07
4.0034648e-08
2.9614066e-07
4.0854742e-08
2.9351906e-07
4.0920324e-08
2.9103975e-07
4.0279868e-08
2.8874272e-07
3.8987514e-08
2.8665899e-07
3.7101237e-08
2.8481083e-07
3.4681171e-08
2.8321235e-07
3.1788146e-08
2.8187017e-07
2.8482412e-08
2.8078424e-07
2.4822573e-08
2.7994869e-07
2.0864736e-08
2.7935278e-07
1.6661852e-08
2.7898173e-07
1.2263247e-08
2.7881761e-07
7.7143106e-09
2.7884015e-07
3.0563385e-09
2.7902745e-07
-1.6735132e-09
2.7935661e-07
-6.4421649e-09
2.7980436e-07
-1.1220469e-08
2.8034745e-07
-1.5983011e-08
2.8096316e-07
-2.0707869e-08
2.8162951e-07
-2.5376342e-08
2.8232559e-07
-2.9972667e-08
2.8303175e-07
-3.4483725e-08
2.8372968e-07
-3.8898752e-08
2.8440252e-07
-4.3209062e-08
2.8503494e-07
-4.7407783e-08
2.8561308e-07
-5.1489603e-08
2.8612457e-07
-5.5450548e-08
2.8655852e-07
-5.9287772e-08
2.8690536e-07
-6.2999373e-08
2.871569e-07
-6.6584223e-08
2.8730613e-07
-7.0041829e-08
2.8734724e-07
-7.3372202e-08
2.8727547e-07
-7.6575752e-08
2.8708702e-07
-7.9653191e-08
2.8677902e-07
-8.2605457e-08
2.8634939e-07
-8.5433648e-08
2.8579678e-07
-8.813897e-08
2.8512051e-07
-9.0722696e-08
2.8432046e-07
-9.3186127e-08
2.8339698e-07
-9.5530565e-08
2.8235076e-07
-9.7757299e-08
2.8118255e-07
-9.9867556e-08
-1.0186256e-07
3.0713035e-07
4.2345623e-09
3.0620686e-07
1.2113923e-08
3.0476482e-07
1.9197289e-08
3.0289266e-07
2.541852e-08
3.006825e-07
3.0731786e-08
2.982268e-07
3.5110863e-08
2.9561544e-07
3.8548686e-08
2.9293322e-07
4.1056055e-08
2.9025777e-07
4.265953e-08
2.8765804e-07
4.3398964e-08
2.8519324e-07
4.3324927e-08
2.829123e-07
4.2496187e-08
2.8085372e-07
4.0977306e-08
2.7904582e-07
3.8836437e-08
2.7750724e-07
3.6143374e-08
2.7624775e-07
3.2967841e-08
2.7526912e-07
2.9378055e-08
2.7456616e-07
2.5439569e-08
2.7412779e-07
2.1214368e-08
2.739381e-07
1.6760215e-08
2.7397737e-07
1.2130213e-08
2.7422307e-07
7.3725667e-09
2.7465069e-07
2.5304993e-09
2.7523458e-07
-2.3576909e-09
2.7594858e-07
-7.2584651e-09
2.7676663e-07
-1.2142794e-08
2.7766326e-07
-1.698586e-08
2.7861393e-07
-2.1766717e-08
2.7959536e-07
-2.6467938e-08
2.8058572e-07
-3.1075247e-08
2.8156481e-07
-3.5577156e-08
2.8251414e-07
-3.9964624e-08
2.8341693e-07
-4.4230721e-08
2.8425816e-07
-4.8370324e-08
2.8502452e-07
-5.2379841e-08
2.8570434e-07
-5.625695e-08
2.8628753e-07
-6.0000383e-08
2.8676546e-07
-6.3609718e-08
2.8713091e-07
-6.7085213e-08
2.8737794e-07
-7.0427654e-08
2.8750177e-07
-7.3638224e-08
2.874987e-07
-7.6718401e-08
2.8736603e-07
-7.9669864e-08
2.8710191e-07
-8.2494418e-08
2.8670528e-07
-8.5193931e-08
2.8617578e-07
-8.777029e-08
2.8551368e-07
-9.0225363e-08
2.8471975e-07
-9.256096e-08
2.8379521e-07
-9.4778816e-08
2.8274149e-07
-9.6880529e-08
2.8155989e-07
-9.8867478e-08
-1.0074038e-07
2.9883911e-07
4.5745221e-09
2.9787317e-07
1.3070609e-08
2.9637574e-07
2.0677864e-08
2.9444745e-07
2.7322701e-08
2.9219192e-07
3.2956308e-08
2.8971189e-07
3.7553268e-08
2.8710597e-07
4.1110657e-08
2.8446582e-07
4.3646208e-08
2.8187397e-07
4.5195611e-08
2.7940224e-07
4.5809408e-08
2.7711081e-07
4.5549817e-08
2.7504783e-07
4.4487641e-08
2.732495e-07
4.2699386e-08
2.7174056e-07
4.0264657e-08
2.705351e-07
3.7263887e-08
2.6963761e-07
3.3776392e-08
2.6904417e-07
2.9878794e-08
2.687437e-07
2.5643777e-08
2.6871925e-07
2.1139179e-08
2.6894926e-07
1.6427366e-08
2.6940871e-07
1.1564869e-08
2.7007021e-07
6.6022457e-09
2.7090493e-07
1.5841121e-09
2.7188349e-07
-3.4506706e-09
2.7297659e-07
-8.4686966e-09
2.7415562e-07
-1.3441644e-08
2.753931e-07
-1.8345857e-08
2.7666306e-07
-2.31619e-08
2.7794123e-07
-2.7874102e-08
2.7920527e-07
-3.2470106e-08
2.8043481e-07
-3.6940441e-08
2.8161152e-07
-4.1278107e-08
2.8271909e-07
-4.5478203e-08
2.8374316e-07
-4.953758e-08
2.8467126e-07
-5.3454536e-08
2.854927e-07
-5.7228541e-08
2.8619847e-07
-6.0859997e-08
2.867811e-07
-6.4350032e-08
2.8723454e-07
-6.7700325e-08
2.8755404e-07
-7.0912954e-08
2.8773603e-07
-7.3990276e-08
2.8777801e-07
-7.6934821e-08
2.8767839e-07
-7.9749206e-08
2.8743647e-07
-8.2436067e-08
2.8705226e-07
-8.4998001e-08
2.8652642e-07
-8.743753e-08
2.858602e-07
-8.9757071e-08
2.8505534e-07
-9.1958924e-08
2.8411398e-07
-9.4045239e-08
2.8303852e-07
-9.6018015e-08
2.8183107e-07
-9.7878944e-08
-9.962822e-08
2.9076838e-07
4.9336593e-09
2.8975499e-07
1.4073997e-08
2.8819606e-07
2.221867e-08
2.862061e-07
2.9286787e-08
2.8390168e-07
3.5227465e-08
2.8139701e-07
4.0017596e-08
2.7880021e-07
4.3660342e-08
2.762102e-07
4.6182611e-08
2.7371442e-07
4.7631583e-08
2.7138726e-07
4.8070832e-08
2.6928927e-07
4.7576418e-08
2.6746699e-07
4.6233145e-08
2.6595335e-07
4.4131134e-08
2.6476848e-07
4.1362778e-08
2.6392087e-07
3.8020127e-08
2.6340877e-07
3.4192737e-08
2.6322166e-07
2.9965963e-08
2.6334185e-07
2.5419676e-08
2.6374592e-07
2.0627384e-08
2.6440622e-07
1.5655684e-08
2.6529216e-07
1.056402e-08
2.6637139e-07
5.4046863e-09
2.676108e-07
2.2301856e-10
2.6897741e-07
-4.942258e-09
2.7043903e-07
-1.0058563e-08
2.7196482e-07
-1.5098948e-08
2.735257e-07
-2.0041541e-08
2.7509464e-07
-2.486898e-08
2.7664685e-07
-2.9567857e-08
2.7815987e-07
-3.4128171e-08
2.7961363e-07
-3.8542831e-08
2.8099037e-07
-4.2807188e-08
2.8227459e-07
-4.6918613e-08
2.8345296e-07
-5.0876122e-08
2.8451416e-07
-5.4680043e-08
2.8544876e-07
-5.8331733e-08
2.8624906e-07
-6.1833326e-08
2.8690894e-07
-6.5187529e-08
2.8742371e-07
-6.8397446e-08
2.8778995e-07
-7.1466435e-08
2.880054e-07
-7.4397992e-08
2.8806881e-07
-7.7195659e-08
2.8797984e-07
-7.986294e-08
2.8773892e-07
-8.2403248e-08
2.8734717e-07
-8.4819846e-08
2.8680629e-07
-8.7115826e-08
2.8611849e-07
-8.9294103e-08
2.8528647e-07
-9.135744e-08
2.8431337e-07
-9.3308477e-08
2.8320262e-07
-9.5149751e-08
2.8195733e-07
-9.688384e-08
-9.8514512e-08
2.8291218e-07
5.3141265e-09
2.818466e-07
1.5128995e-08
2.8022075e-07
2.3825418e-08
2.7816484e-07
3.1315476e-08
2.7580993e-07
3.7547404e-08
2.7328286e-07
4.2502289e-08
2.7070196e-07
4.6191767e-08
2.681737e-07
4.8654613e-08
2.6579025e-07
4.9952285e-08
2.6362804e-07
5.01641e-08
2.6174715e-07
4.9382454e-08
2.6019149e-07
4.7708331e-08
2.5898953e-07
4.5247252e-08
2.5815562e-07
4.2105751e-08
2.576915e-07
3.8388438e-08
2.5758814e-07
3.4195648e-08
2.5782756e-07
2.9621651e-08
2.583847e-07
2.4753382e-08
2.592292e-07
1.966964e-08
2.6032697e-07
1.4440687e-08
2.6164172e-07
9.1281807e-09
2.6313616e-07
3.7853662e-09
2.6477309e-07
-1.542518e-09
2.6651621e-07
-6.8176929e-09
2.6833081e-07
-1.2009188e-08
2.7018427e-07
-1.7092156e-08
2.7204638e-07
-2.2047174e-08
2.7388958e-07
-2.6859537e-08
2.7568903e-07
-3.1518597e-08
2.7742267e-07
-3.6017134e-08
2.7907113e-07
-4.035078e-08
2.8061768e-07
-4.4517505e-08
2.8204801e-07
-4.8517157e-08
2.8335015e-07
-5.2351063e-08
2.8451423e-07
-5.602168e-08
2.8553234e-07
-5.9532305e-08
2.863983e-07
-6.2886825e-08
2.8710752e-07
-6.6089516e-08
2.8765678e-07
-6.9144877e-08
2.8804412e-07
-7.2057495e-08
2.8826866e-07
-7.4831948e-08
2.8833047e-07
-7.7472719e-08
2.8823044e-07
-7.9984134e-08
2.879702e-07
-8.2370299e-08
2.8755195e-07
-8.4635067e-08
2.8697839e-07
-8.6782001e-08
2.8625261e-07
-8.8814406e-08
2.8537804e-07
-9.0735371e-08
2.8435842e-07
-9.2547826e-08
2.8319759e-07
-9.4254576e-08
2.8189911e-07
-9.5858419e-08
-9.7362557e-08
2.7526471e-07
5.7180669e-09
2.7414241e-07
1.6240277e-08
2.7244489e-07
2.5503124e-08
2.7032004e-07
3.3412138e-08
2.6791504e-07
3.9916229e-08
2.653705e-07
4.5003031e-08
2.6281562e-07
4.8695581e-08
2.6036447e-07
5.1047735e-08
2.5811358e-07
5.2138497e-08
2.5614064e-07
5.2066047e-08
2.5450414e-07
5.0941916e-08
2.5324407e-07
4.8885628e-08
2.5238312e-07
4.6019956e-08
2.5192849e-07
4.2466918e-08
2.5187397e-07
3.8344522e-08
2.5220214e-07
3.3764258e-08
2.5288671e-07
2.8829287e-08
2.5389463e-07
2.3633252e-08
2.5518814e-07
1.8259637e-08
2.5672659e-07
1.2781579e-08
2.5846797e-07
7.2620428e-09
2.6037027e-07
1.7542727e-09
2.6239249e-07
-3.6975512e-09
2.6449549e-07
-9.0575109e-09
2.6664255e-07
-1.4297103e-08
2.6879982e-07
-1.9394359e-08
2.7093653e-07
-2.4332978e-08
2.7302515e-07
-2.9101496e-08
2.7504137e-07
-3.3692506e-08
2.7696401e-07
-3.810195e-08
2.7877491e-07
-4.2328485e-08
2.8045876e-07
-4.6372922e-08
2.8200284e-07
-5.0237739e-08
2.8339683e-07
-5.3926669e-08
2.8463262e-07
-5.7444345e-08
2.85704e-07
-6.0796011e-08
2.8660651e-07
-6.3987284e-08
2.8733721e-07
-6.7023959e-08
2.8789448e-07
-6.991186e-08
2.8827788e-07
-7.2656728e-08
2.8848793e-07
-7.5264131e-08
2.8852606e-07
-7.7739406e-08
2.883944e-07
-8.0087603e-08
2.8809575e-07
-8.2313439e-08
2.8763338e-07
-8.4421254e-08
2.8701096e-07
-8.6414973e-08
2.8623241e-07
-8.8298173e-08
2.8530187e-07
-9.0074147e-08
2.8422364e-07
-9.1745965e-08
2.8300206e-07
-9.3316499e-08
2.8164119e-07
-9.4788466e-08
-9.6164384e-08
2.6782026e-07
6.1476322e-09
2.6663693e-07
1.7412298e-08
2.6486368e-07
2.7256091e-08
2.6266828e-07
3.5578737e-08
2.6021575e-07
4.2331842e-08
2.5766162e-07
4.7512539e-08
2.551464e-07
5.1158812e-08
2.5279171e-07
5.3343429e-08
2.5069777e-07
5.4166767e-08
2.4894239e-07
5.3749411e-08
2.4758114e-07
5.2225115e-08
2.4664852e-07
4.9734447e-08
2.4615988e-07
4.6419322e-08
2.4611382e-07
4.2418495e-08
2.4649483e-07
3.7864036e-08
2.4727608e-07
3.2878733e-08
2.4842214e-07
2.7574346e-08
2.4989144e-07
2.2050591e-08
2.5163859e-07
1.6394758e-08
2.5361634e-07
1.0681823e-08
2.5577721e-07
4.9749425e-09
2.5807481e-07
-6.7376531e-10
2.6046488e-07
-6.2222593e-09
2.6290599e-07
-1.1637493e-08
2.6536008e-07
-1.6894337e-08
2.6779271e-07
-2.1974493e-08
2.7017323e-07
-2.6865457e-08
2.7247476e-07
-3.1559552e-08
2.7467407e-07
-3.6053048e-08
2.7675144e-07
-4.0345385e-08
2.7869036e-07
-4.4438481e-08
2.8047734e-07
-4.8336149e-08
2.821016e-07
-5.204359e-08
2.8355479e-07
-5.5566979e-08
2.8483072e-07
-5.8913117e-08
2.8592513e-07
-6.2089155e-08
2.868354e-07
-6.510237e-08
2.8756034e-07
-6.7959988e-08
2.8809998e-07
-7.0669059e-08
2.8845543e-07
-7.323636e-08
2.8862863e-07
-7.566834e-08
2.8862233e-07
-7.797108e-08
2.884399e-07
-8.015024e-08
2.8808527e-07
-8.2211043e-08
2.8756278e-07
-8.4158221e-08
2.8687699e-07
-8.5995941e-08
2.860326e-07
-8.7727932e-08
2.8503442e-07
-8.9357604e-08
2.8388735e-07
-9.0888082e-08
2.825963e-07
-9.2322215e-08
2.8116601e-07
-9.3662606e-08
-9.4918471e-08
2.6057328e-07
6.6049981e-09
2.593248e-07
1.8649306e-08
2.574725e-07
2.9087866e-08
2.5520644e-07
3.7815706e-08
2.527113e-07
4.4789752e-08
2.5015859e-07
5.0020299e-08
2.4770054e-07
5.3564586e-08
2.4546587e-07
5.5518856e-08
2.4355752e-07
5.6009276e-08
2.4205201e-07
5.5182822e-08
2.4100025e-07
5.3198824e-08
2.4042948e-07
5.0221514e-08
2.4034595e-07
4.6413783e-08
2.4073804e-07
4.1932208e-08
2.4157963e-07
3.6923331e-08
2.4283346e-07
3.1521069e-08
2.4445424e-07
2.5845152e-08
2.4639155e-07
2.0000408e-08
2.4859232e-07
1.4076751e-08
2.510029e-07
8.1496971e-09
2.5357072e-07
2.2812722e-09
2.5624564e-07
-3.4788173e-09
2.5898076e-07
-9.0918486e-09
2.6173315e-07
-1.4528721e-08
2.6446412e-07
-1.976861e-08
2.6713943e-07
-2.4797667e-08
2.6972925e-07
-2.9607817e-08
2.72208e-07
-3.4195666e-08
2.7455415e-07
-3.8561534e-08
2.7674991e-07
-4.2708615e-08
2.787809e-07
-4.6642259e-08
2.8063584e-07
-5.0369364e-08
2.8230616e-07
-5.3897879e-08
2.8378573e-07
-5.7236397e-08
2.8507051e-07
-6.0393824e-08
2.8615827e-07
-6.3379125e-08
2.8704834e-07
-6.6201124e-08
2.8774134e-07
-6.8868355e-08
2.8823899e-07
-7.1388957e-08
2.885439e-07
-7.3770611e-08
2.8865945e-07
-7.6020508e-08
2.8858963e-07
-7.8145339e-08
2.8833901e-07
-8.0151247e-08
2.879126e-07
-8.2043849e-08
2.8731573e-07
-8.3828171e-08
2.8655384e-07
-8.5508484e-08
2.8563231e-07
-8.708857e-08
2.8455656e-07
-8.8571882e-08
2.8333204e-07
-8.9961555e-08
2.8196414e-07
-9.1260307e-08
2.8046483e-07
-9.2477296e-08
-9.3611806e-08
2.5351837e-07
7.09238e-09
2.5220081e-07
1.9955341e-08
2.5026694e-07
3.1001166e-08
2.4793175e-07
4.012179e-08
2.4540151e-07
4.7282822e-08
2.4286474e-07
5.2512264e-08
2.4048546e-07
5.5891848e-08
2.3839882e-07
5.7546666e-08
2.3670907e-07
5.7633738e-08
2.3548965e-07
5.6330868e-08
2.3478477e-07
5.3826551e-08
2.3461234e-07
5.0311329e-08
2.3496754e-07
4.5970766e-08
2.3582689e-07
4.0980079e-08
2.3715235e-07
3.5500327e-08
2.3889529e-07
2.9675993e-08
2.4100008e-07
2.363375e-08
2.434073e-07
1.7482203e-08
2.4605636e-07
1.1312385e-08
2.4888767e-07
5.1987928e-09
2.5184424e-07
-7.9919889e-10
2.5487289e-07
-6.6357001e-09
2.5792499e-07
-1.2276573e-08
2.6095693e-07
-1.769776e-08
2.6393028e-07
-2.2883652e-08
2.6681181e-07
-2.7825588e-08
2.6957323e-07
-3.2520487e-08
2.7219096e-07
-3.6969654e-08
2.7464573e-07
-4.1177741e-08
2.7692217e-07
-4.5151872e-08
2.7900845e-07
-4.8900906e-08
2.808958e-07
-5.2434839e-08
2.8257815e-07
-5.5764319e-08
2.8405176e-07
-5.8900264e-08
2.8531487e-07
-6.1853567e-08
2.8636738e-07
-6.4634866e-08
2.8721061e-07
-6.7254385e-08
2.8784701e-07
-6.9721805e-08
2.8827993e-07
-7.2046197e-08
2.8851351e-07
-7.4235978e-08
2.8855243e-07
-7.6298932e-08
2.8840191e-07
-7.8242217e-08
2.880676e-07
-8.00723e-08
2.8755552e-07
-8.1795068e-08
2.8687196e-07
-8.3415776e-08
2.8602312e-07
-8.493862e-08
2.8501497e-07
-8.636734e-08
2.8385343e-07
-8.7705403e-08
2.8254441e-07
-8.8955913e-08
2.8110028e-07
-9.0127903e-08
2.7952364e-07
-9.1220743e-08
-9.2229788e-08
2.4665022e-07
7.6120483e-09
2.4525988e-07
2.1334218e-08
2.4324281e-07
3.2997795e-08
2.4084189e-07
4.2493847e-08
2.3828695e-07
4.9800972e-08
2.3578443e-07
5.4970533e-08
2.3350995e-07
5.8115059e-08
2.3160396e-07
5.9394784e-08
2.3017026e-07
5.9003351e-08
2.2927692e-07
5.715426e-08
2.2895907e-07
5.406893e-08
2.2922291e-07
4.9966785e-08
2.3005052e-07
4.5057496e-08
2.3140485e-07
3.9535339e-08
2.3323473e-07
3.3575482e-08
2.3547941e-07
2.7331919e-08
2.3807267e-07
2.0936782e-08
2.4094619e-07
1.4500715e-08
2.4403235e-07
8.1140324e-09
2.4726632e-07
1.8484061e-09
2.5058754e-07
-4.2411227e-09
2.5394079e-07
-1.0113974e-08
2.5727667e-07
-1.5741903e-08
2.605519e-07
-2.1106969e-08
2.6372924e-07
-2.6199643e-08
2.667773e-07
-3.1017098e-08
2.6967009e-07
-3.5561719e-08
2.7238667e-07
-3.9839821e-08
2.7491056e-07
-4.386057e-08
2.772293e-07
-4.7635092e-08
2.7933391e-07
-5.1175746e-08
2.8121842e-07
-5.449555e-08
2.8287946e-07
-5.7607729e-08
2.843158e-07
-6.0525375e-08
2.8552803e-07
-6.3261188e-08
2.8651823e-07
-6.5827305e-08
2.872897e-07
-6.8235159e-08
2.8784667e-07
-7.0495395e-08
2.8819412e-07
-7.261783e-08
2.8833756e-07
-7.4611439e-08
2.8828297e-07
-7.6484433e-08
2.8803667e-07
-7.8244294e-08
2.8760526e-07
-7.9897615e-08
2.8699568e-07
-8.1450436e-08
2.8621514e-07
-8.2908215e-08
2.8527042e-07
-8.4274816e-08
2.8416798e-07
-8.5553861e-08
2.829141e-07
-8.674883e-08
2.8152141e-07
-8.7869114e-08
2.7999295e-07
-8.8913917e-08
2.7832408e-07
-8.9879333e-08
-9.0768058e-08
2.3996368e-07
8.1663465e-09
2.3849706e-07
2.278952e-08
2.3639618e-07
3.5078518e-08
2.3393503e-07
4.4926596e-08
2.3136903e-07
5.2330853e-08
2.2892323e-07
5.7372986e-08
2.2678432e-07
6.020387e-08
2.2509646e-07
6.1026226e-08
2.2396063e-07
6.0076823e-08
2.2343686e-07
5.7610115e-08
2.2354838e-07
5.3884265e-08
2.2428715e-07
4.9149937e-08
2.2561995e-07
4.3641932e-08
2.2749456e-07
3.7573478e-08
2.2984561e-07
3.1132851e-08
2.325998e-07
2.4481942e-08
2.356803e-07
1.7756351e-08
2.3901038e-07
1.1066602e-08
2.4251612e-07
4.5001402e-09
2.4612844e-07
-1.876206e-09
2.4978433e-07
-8.0135193e-09
2.5342763e-07
-1.3878085e-08
2.5700934e-07
-1.9448834e-08
2.6048754e-07
-2.4714958e-08
2.6382717e-07
-2.9673761e-08
2.6699949e-07
-3.4328792e-08
2.6998158e-07
-3.8688247e-08
2.727557e-07
-4.276364e-08
2.7530869e-07
-4.6568716e-08
2.7763133e-07
-5.0118569e-08
2.7971781e-07
-5.3428952e-08
2.8156515e-07
-5.6515746e-08
2.8317279e-07
-5.9394559e-08
2.8454208e-07
-6.2080442e-08
2.85676e-07
-6.4587685e-08
2.8657876e-07
-6.6929696e-08
2.872556e-07
-6.911891e-08
2.8771248e-07
-7.1166725e-08
2.8795589e-07
-7.3083507e-08
2.8799265e-07
-7.4878581e-08
2.8782987e-07
-7.6560428e-08
2.8747492e-07
-7.8136736e-08
2.8693522e-07
-7.9613959e-08
2.8621844e-07
-8.0998169e-08
2.853327e-07
-8.2295161e-08
2.842851e-07
-8.3507931e-08
2.8308248e-07
-8.4640073e-08
2.8173744e-07
-8.5701099e-08
2.8025316e-07
-8.6690885e-08
2.7862647e-07
-8.7605627e-08
2.7686818e-07
-8.8449182e-08
-8.9228796e-08
2.3345371e-07
8.7577058e-09
2.3190756e-07
2.4324558e-08
2.2972343e-07
3.724291e-08
2.2720993e-07
4.7412343e-08
2.2465012e-07
5.4855459e-08
2.2228812e-07
5.9692859e-08
2.2032062e-07
6.2122793e-08
2.1889331e-07
6.2398963e-08
2.1810147e-07
6.0808501e-08
2.1799382e-07
5.7652378e-08
2.1857859e-07
5.3229227e-08
2.198307e-07
4.782293e-08
2.2169951e-07
4.1693849e-08
2.2411616e-07
3.5073363e-08
2.2700029e-07
2.8161168e-08
2.3026591e-07
2.1124801e-08
2.3382599e-07
1.4100798e-08
2.3759617e-07
7.1969993e-09
2.4149737e-07
4.9555255e-10
2.4545745e-07
-5.9437272e-09
2.4941226e-07
-1.2079904e-08
2.5330602e-07
-1.7887674e-08
2.5709132e-07
-2.3354351e-08
2.6072873e-07
-2.847715e-08
2.6418629e-07
-3.3260833e-08
2.6743878e-07
-3.7715711e-08
2.7046699e-07
-4.1855996e-08
2.7325693e-07
-4.5698453e-08
2.7579914e-07
-4.9261343e-08
2.7808797e-07
-5.2563585e-08
2.8012096e-07
-5.5624126e-08
2.8189827e-07
-5.846147e-08
2.8342218e-07
-6.1093349e-08
2.8469664e-07
-6.3536505e-08
2.8572696e-07
-6.5806546e-08
2.8651943e-07
-6.7917904e-08
2.8708112e-07
-6.9883788e-08
2.8741961e-07
-7.1716117e-08
2.875428e-07
-7.34256e-08
2.8745867e-07
-7.5021683e-08
2.8717534e-07
-7.6512955e-08
2.8670117e-07
-7.790729e-08
2.8604423e-07
-7.9210653e-08
2.8521266e-07
-8.0428871e-08
2.8421565e-07
-8.1568749e-08
2.8305994e-07
-8.263108e-08
2.8175879e-07
-8.3625933e-08
2.8031479e-07
-8.45526e-08
2.7872764e-07
-8.5410658e-08
2.7700764e-07
-8.6202803e-08
2.7516744e-07
-8.6936084e-08
-8.7609781e-08
2.2711536e-07
9.3886681e-09
2.2548674e-07
2.5942346e-08
2.2322126e-07
3.9489183e-08
2.2066603e-07
4.9940635e-08
2.1813375e-07
5.7353671e-08
2.1588764e-07
6.1898304e-08
2.1413279e-07
6.383089e-08
2.1301352e-07
6.346585e-08
2.126158e-07
6.1148617e-08
2.1297333e-07
5.7232393e-08
2.1407585e-07
5.2059729e-08
2.1587844e-07
4.5949083e-08
2.1831095e-07
3.9186025e-08
2.2128666e-07
3.2018434e-08
2.2470986e-07
2.4654939e-08
2.284821e-07
1.7265779e-08
2.3250701e-07
9.9853674e-09
2.3669379e-07
2.9159257e-09
2.4095955e-07
-3.8683394e-09
2.4523062e-07
-1.031687e-08
2.4944319e-07
-1.6398583e-08
2.5354324e-07
-2.2098044e-08
2.5748623e-07
-2.7412012e-08
2.6123634e-07
-3.2346457e-08
2.6476562e-07
-3.6914046e-08
2.6805311e-07
-4.1132073e-08
2.7108391e-07
-4.50208e-08
2.7384824e-07
-4.8602154e-08
2.7634065e-07
-5.189872e-08
2.7855926e-07
-5.4932994e-08
2.805051e-07
-5.7726821e-08
2.8218148e-07
-6.030102e-08
2.8359353e-07
-6.2675122e-08
2.8474776e-07
-6.4867252e-08
2.8565166e-07
-6.6894025e-08
2.8631351e-07
-6.8770621e-08
2.8674207e-07
-7.051079e-08
2.869464e-07
-7.2126725e-08
2.8693567e-07
-7.3629287e-08
2.8671888e-07
-7.5027754e-08
2.8630493e-07
-7.6330648e-08
2.8570319e-07
-7.75462e-08
2.849223e-07
-7.8679494e-08
2.8397073e-07
-7.9735794e-08
2.8285835e-07
-8.0723289e-08
2.8159611e-07
-8.1644689e-08
2.8018875e-07
-8.2502392e-08
2.7863688e-07
-8.3294741e-08
2.7695283e-07
-8.4030554e-08
2.7514587e-07
-8.4710633e-08
2.732209e-07
-8.5335768e-08
-8.5903556e-08
2.209438e-07
1.0061918e-08
2.1923011e-07
2.7645549e-08
2.1688675e-07
4.1813955e-08
2.1430356e-07
5.2497843e-08
2.1182472e-07
5.9799738e-08
2.0973212e-07
6.3951907e-08
2.0823684e-07
6.5281482e-08
2.0747812e-07
6.4174651e-08
2.0752831e-07
6.1043674e-08
2.0840184e-07
5.629966e-08
2.1006624e-07
5.0331966e-08
2.1245392e-07
4.3494121e-08
2.154734e-07
3.6095524e-08
2.1901929e-07
2.8397911e-08
2.2298059e-07
2.0615465e-08
2.2724719e-07
1.2917486e-08
2.317146e-07
5.4327111e-09
2.3628718e-07
-1.7454977e-09
2.4087993e-07
-8.5536276e-09
2.4541935e-07
-1.4952653e-08
2.4984357e-07
-2.0923124e-08
2.5410183e-07
-2.6460762e-08
2.5815371e-07
-3.1572647e-08
2.6196802e-07
-3.6274028e-08
2.6552172e-07
-4.0585717e-08
2.6879877e-07
-4.4532018e-08
2.7178904e-07
-4.8139117e-08
2.7448732e-07
-5.1433853e-08
2.7689239e-07
-5.4442826e-08
2.7900626e-07
-5.7191756e-08
2.8083346e-07
-5.9705007e-08
2.8238043e-07
-6.2005339e-08
2.8365508e-07
-6.4113713e-08
2.8466631e-07
-6.6049288e-08
2.854237e-07
-6.782934e-08
2.8593729e-07
-6.9469505e-08
2.8621743e-07
-7.0983859e-08
2.8627446e-07
-7.2384594e-08
2.8611869e-07
-7.3682576e-08
2.8575995e-07
-7.4886584e-08
2.8520766e-07
-7.6004741e-08
2.844721e-07
-7.7046094e-08
2.8356131e-07
-7.8013405e-08
2.8248951e-07
-7.8917443e-08
2.8126359e-07
-7.9758962e-08
2.7988566e-07
-8.0539188e-08
2.7836459e-07
-8.1261853e-08
2.7671364e-07
-8.1933714e-08
2.7493867e-07
-8.2555021e-08
2.7304012e-07
-8.3123903e-08
2.7102587e-07
-8.3643242e-08
-8.4114386e-08
2.1493431e-07
1.0780305e-08
2.1313333e-07
2.9436413e-08
2.1071744e-07
4.4211975e-08
2.0812367e-07
5.5066677e-08
2.0572937e-07
6.2162701e-08
2.0383394e-07
6.5810196e-08
2.0265107e-07
6.6421916e-08
2.0231029e-07
6.4468173e-08
2.0286529e-07
6.0437014e-08
2.0430644e-07
5.4802777e-08
2.0657526e-07
4.8003639e-08
2.0957878e-07
4.0427515e-08
2.1320279e-07
3.2405022e-08
2.1732291e-07
2.4207966e-08
2.2181348e-07
1.6051774e-08
2.2655406e-07
8.1004926e-09
2.314338e-07
4.731986e-10
2.3635411e-07
-6.7490197e-09
2.4122985e-07
-1.351614e-08
2.4598958e-07
-1.9802866e-08
2.5057507e-07
-2.5602969e-08
2.5494029e-07
-3.0924385e-08
2.5905013e-07
-3.578514e-08
2.6287903e-07
-4.0210042e-08
2.6640959e-07
-4.4228067e-08
2.6963123e-07
-4.7870356e-08
2.72539e-07
-5.1168711e-08
2.7513245e-07
-5.4154498e-08
2.7741471e-07
-5.6857895e-08
2.793917e-07
-5.9307402e-08
2.8107137e-07
-6.1529459e-08
2.8246322e-07
-6.3548336e-08
2.8357775e-07
-6.5386008e-08
2.8442612e-07
-6.7062314e-08
2.8501978e-07
-6.85948e-08
2.8537035e-07
-6.9999273e-08
2.8548955e-07
-7.128994e-08
2.8538876e-07
-7.247864e-08
2.8507934e-07
-7.3576232e-08
2.8457183e-07
-7.4590677e-08
2.8387615e-07
-7.552944e-08
2.8300322e-07
-7.6402537e-08
2.8196489e-07
-7.7214086e-08
2.8076916e-07
-7.7969231e-08
2.7941879e-07
-7.8665951e-08
2.7792651e-07
-7.9313438e-08
2.7630262e-07
-7.9913689e-08
2.7455273e-07
-8.0468787e-08
2.7267932e-07
-8.0977324e-08
2.7069142e-07
-8.1442582e-08
2.6859605e-07
-8.1865001e-08
-8.2245201e-08
2.0908224e-07
1.1546878e-08
2.0719227e-07
3.1316683e-08
2.0471136e-07
4.6675772e-08
2.0212864e-07
5.762561e-08
1.9985582e-07
6.4405744e-08
1.9820771e-07
6.742313e-08
1.973962e-07
6.719339e-08
1.9753538e-07
6.4284566e-08
1.9865439e-07
5.9269578e-08
2.0071448e-07
5.2690592e-08
2.0362727e-07
4.5035339e-08
2.0727211e-07
3.6723934e-08
2.1151113e-07
2.8104145e-08
2.1620137e-07
1.945282e-08
2.2120378e-07
1.0981401e-08
2.2638947e-07
2.8437557e-09
2.3164341e-07
-4.8549725e-09
2.3686631e-07
-1.204945e-08
2.419751e-07
-1.8705885e-08
2.4690238e-07
-2.4814697e-08
2.5159526e-07
-3.0384185e-08
2.5601383e-07
-3.5435271e-08
2.6012945e-07
-3.9997259e-08
2.6392304e-07
-4.410453e-08
2.6738344e-07
-4.7794003e-08
2.7050596e-07
-5.1103277e-08
2.7329104e-07
-5.4069298e-08
2.7574313e-07
-5.6727428e-08
2.7786969e-07
-5.9110884e-08
2.7968045e-07
-6.1250435e-08
2.8118669e-07
-6.317407e-08
2.8240075e-07
-6.4907123e-08
2.8333551e-07
-6.6472118e-08
2.840042e-07
-6.7889239e-08
2.8441988e-07
-6.9175871e-08
2.8459553e-07
-7.0347714e-08
2.8454412e-07
-7.1419016e-08
2.8427765e-07
-7.2400615e-08
2.8380837e-07
-7.330362e-08
2.831465e-07
-7.4134032e-08
2.8230679e-07
-7.4903593e-08
2.8129893e-07
-7.5617097e-08
2.8012616e-07
-7.6274493e-08
2.7879985e-07
-7.6884674e-08
2.773329e-07
-7.7450205e-08
2.7573241e-07
-7.7973131e-08
2.740025e-07
-7.8454024e-08
2.7215138e-07
-7.8897512e-08
2.7018683e-07
-7.9303008e-08
2.6811486e-07
-7.9671529e-08
2.6594179e-07
-8.0003547e-08
-8.0299203e-08
2.0338301e-07
1.2364928e-08
2.0140295e-07
3.3287488e-08
1.9886719e-07
4.9195232e-08
1.9632204e-07
6.0148188e-08
1.9421418e-07
6.6485463e-08
1.928706e-07
6.87336e-08
1.9249556e-07
6.7530898e-08
1.9318083e-07
6.3557795e-08
1.9492443e-07
5.7480895e-08
1.9765309e-07
4.9913561e-08
2.0124492e-07
4.1392071e-08
2.0554978e-07
3.2364731e-08
2.10406e-07
2.3190749e-08
2.1565313e-07
1.4145713e-08
2.2114075e-07
5.4309775e-09
2.2673394e-07
-2.8151534e-09
2.3231612e-07
-1.0505878e-08
2.3778986e-07
-1.7595068e-08
2.4307646e-07
-2.4067677e-08
2.4811458e-07
-2.9931494e-08
2.5285833e-07
-3.5210313e-08
2.5727524e-07
-3.9938454e-08
2.613441e-07
-4.4156518e-08
2.6505302e-07
-4.7908188e-08
2.6839756e-07
-5.1237861e-08
2.7137917e-07
-5.4189016e-08
2.740038e-07
-5.6803119e-08
2.7628076e-07
-5.9118868e-08
2.7822172e-07
-6.1171884e-08
2.7984009e-07
-6.299464e-08
2.8115022e-07
-6.4616098e-08
2.8216706e-07
-6.6062185e-08
2.8290558e-07
-6.735547e-08
2.8338086e-07
-6.8516221e-08
2.8360734e-07
-6.9561183e-08
2.8359902e-07
-7.050561e-08
2.8337019e-07
-7.1364049e-08
2.8293309e-07
-7.2145379e-08
2.823004e-07
-7.2860928e-08
2.8148643e-07
-7.3518737e-08
2.8049981e-07
-7.4124014e-08
2.7934718e-07
-7.4680883e-08
2.7804311e-07
-7.5196435e-08
2.7659639e-07
-7.5672843e-08
2.7501234e-07
-7.6110875e-08
2.7330008e-07
-7.6514892e-08
2.7146847e-07
-7.6886237e-08
2.6952364e-07
-7.7226456e-08
2.6747225e-07
-7.7535754e-08
2.653205e-07
-7.7814509e-08
2.6307431e-07
-7.8062803e-08
-7.8280404e-08
1.9783214e-07
1.3238036e-08
1.9576165e-07
3.5349185e-08
1.9318438e-07
5.1757058e-08
1.9070902e-07
6.2602232e-08
1.8881696e-07
6.8351074e-08
1.8784262e-07
6.967696e-08
1.8797524e-07
6.7363318e-08
1.8927617e-07
6.2218355e-08
1.9170504e-07
5.5010321e-08
1.9514867e-07
4.6425304e-08
1.9944849e-07
3.7044903e-08
2.0442381e-07
2.733945e-08
2.0988991e-07
1.767212e-08
2.1567082e-07
8.309693e-09
2.2160745e-07
-5.633912e-10
2.2756187e-07
-8.8300462e-09
2.3341888e-07
-1.6426223e-08
2.3908568e-07
-2.3328235e-08
2.4449036e-07
-2.9541911e-08
2.4957955e-07
-3.5093646e-08
2.5431595e-07
-4.0023276e-08
2.5867567e-07
-4.4378551e-08
2.6264576e-07
-4.8211037e-08
2.6622203e-07
-5.1573166e-08
2.6940705e-07
-5.451611e-08
2.7220852e-07
-5.7088463e-08
2.7463789e-07
-5.9335452e-08
2.7670915e-07
-6.1298341e-08
2.7843799e-07
-6.3014432e-08
2.7984123e-07
-6.4517331e-08
2.8093599e-07
-6.5836322e-08
2.8173953e-07
-6.6997482e-08
2.822686e-07
-6.802285e-08
2.8253986e-07
-6.8932625e-08
2.8256882e-07
-6.9742404e-08
2.8237046e-07
-7.0466839e-08
2.8195919e-07
-7.1119922e-08
2.8135087e-07
-7.1712302e-08
2.8055635e-07
-7.2249494e-08
2.7958408e-07
-7.2738553e-08
2.784485e-07
-7.3189006e-08
2.7716051e-07
-7.3602306e-08
2.7572635e-07
-7.3981208e-08
2.7415576e-07
-7.4330384e-08
2.7245853e-07
-7.4651334e-08
2.7064208e-07
-7.4945719e-08
2.6871361e-07
-7.5214893e-08
2.6667963e-07
-7.5459674e-08
2.6454644e-07
-7.5680105e-08
2.6231999e-07
-7.5876148e-08
2.6000591e-07
-7.6047495e-08
-7.6193557e-08
1.9242519e-07
1.4170122e-08
1.9026492e-07
3.7501146e-08
1.8766329e-07
5.4344104e-08
1.8529663e-07
6.4948879e-08
1.8367943e-07
6.9943554e-08
1.8314695e-07
7.0180637e-08
1.8386421e-07
6.6613694e-08
1.8585281e-07
6.0194245e-08
1.8902627e-07
5.1798536e-08
1.9322632e-07
4.2184362e-08
1.9825523e-07
3.1972677e-08
2.0390175e-07
2.1647269e-08
2.0995987e-07
1.1566012e-08
2.16241e-07
1.9781981e-09
2.2258077e-07
-6.9559747e-09
2.2884169e-07
-1.5146367e-08
2.3491324e-07
-2.255591e-08
2.4071014e-07
-2.9186165e-08
2.4616955e-07
-3.5065463e-08
2.5124801e-07
-4.0239537e-08
2.5591812e-07
-4.476434e-08
2.6016555e-07
-4.8700672e-08
2.6398622e-07
-5.2110379e-08
2.67384e-07
-5.5053813e-08
2.7036856e-07
-5.7587991e-08
2.7295379e-07
-5.9765694e-08
2.7515646e-07
-6.1635042e-08
2.7699502e-07
-6.3238997e-08
2.7848882e-07
-6.4615761e-08
2.796578e-07
-6.579951e-08
2.8052147e-07
-6.6819134e-08
2.8109915e-07
-6.770054e-08
2.8140882e-07
-6.8464403e-08
2.8146848e-07
-6.9130965e-08
2.8129371e-07
-6.9713395e-08
2.8090371e-07
-7.0229867e-08
2.8031198e-07
-7.0688477e-08
2.7952815e-07
-7.1097217e-08
2.7856757e-07
-7.1465618e-08
2.7744307e-07
-7.1799125e-08
2.7616246e-07
-7.2102121e-08
2.7473674e-07
-7.2379169e-08
2.7317633e-07
-7.2632579e-08
2.7148949e-07
-7.2864633e-08
2.6968436e-07
-7.3076804e-08
2.6776845e-07
-7.3270085e-08
2.6574854e-07
-7.3445157e-08
2.6363092e-07
-7.3602322e-08
2.6142156e-07
-7.3741339e-08
2.591261e-07
-7.3861786e-08
2.5674985e-07
-7.3962984e-08
-7.4043995e-08
1.871578e-07
1.516549e-08
1.8490966e-07
3.9741459e-08
1.8230554e-07
5.6934526e-08
1.8009425e-07
6.7141476e-08
1.788201e-07
7.1194731e-08
1.7881027e-07
7.0163842e-08
1.8019441e-07
6.5199784e-08
1.8294387e-07
5.7412259e-08
1.8691811e-07
4.7789312e-08
1.9190913e-07
3.7156102e-08
1.9767868e-07
2.6163747e-08
2.0398612e-07
1.5298352e-08
2.1060703e-07
4.9014949e-09
2.1734402e-07
-4.8045864e-09
2.2403145e-07
-1.3691506e-08
2.3053622e-07
-2.1701682e-08
2.3675595e-07
-2.8828793e-08
2.4261568e-07
-3.5101848e-08
2.4806395e-07
-4.0572694e-08
2.5306881e-07
-4.5306555e-08
2.5761395e-07
-4.9375085e-08
2.6169534e-07
-5.2851314e-08
2.6531815e-07
-5.5806343e-08
2.6849442e-07
-5.8307362e-08
2.7124087e-07
-6.0416092e-08
2.7357735e-07
-6.2188424e-08
2.7552566e-07
-6.3674446e-08
2.7710833e-07
-6.4917868e-08
2.7834798e-07
-6.5956947e-08
2.7926731e-07
-6.6825976e-08
2.7988771e-07
-6.7552539e-08
2.8023043e-07
-6.8162407e-08
2.8031416e-07
-6.8673754e-08
2.8015788e-07
-6.9107021e-08
2.7978023e-07
-6.9475181e-08
2.7919589e-07
-6.9792047e-08
2.7841867e-07
-7.0065359e-08
2.7746374e-07
-7.0304195e-08
2.763414e-07
-7.0513349e-08
2.7506367e-07
-7.0699762e-08
2.7364211e-07
-7.0867468e-08
2.7208627e-07
-7.1019001e-08
2.7040519e-07
-7.1156216e-08
2.6860722e-07
-7.1280636e-08
2.6669997e-07
-7.1393013e-08
2.6469049e-07
-7.1493758e-08
2.6258521e-07
-7.1582928e-08
2.6039008e-07
-7.1660327e-08
2.581107e-07
-7.1725388e-08
2.5575238e-07
-7.1777336e-08
2.5332007e-07
-7.1815129e-08
-7.1837493e-08
1.8202565e-07
1.6228858e-08
1.7969326e-07
4.2066513e-08
1.7711427e-07
5.9500729e-08
1.7511408e-07
6.9124286e-08
1.7426123e-07
7.2026365e-08
1.7486313e-07
6.953748e-08
1.770008e-07
6.3034911e-08
1.8058385e-07
5.3799616e-08
1.8540989e-07
4.293155e-08
1.9121756e-07
3.1314746e-08
1.9772803e-07
1.9617682e-08
2.0467388e-07
8.3150362e-09
2.1181637e-07
-2.2804132e-09
2.1895395e-07
-1.1983614e-08
2.2592439e-07
-2.0705561e-08
2.3260315e-07
-2.8426391e-08
2.388995e-07
-3.5173593e-08
2.4475158e-07
-4.1005076e-08
2.5012134e-07
-4.5996508e-08
2.5498974e-07
-5.0232131e-08
2.5935249e-07
-5.3798362e-08
2.6321629e-07
-5.6779226e-08
2.6659574e-07
-5.9253708e-08
2.6951096e-07
-6.1294543e-08
2.7198545e-07
-6.2966834e-08
2.7404464e-07
-6.4328383e-08
2.7571496e-07
-6.5430293e-08
2.7702258e-07
-6.6316031e-08
2.7799283e-07
-6.7022984e-08
2.786509e-07
-6.7585341e-08
2.790195e-07
-6.8028223e-08
2.7912088e-07
-6.8376908e-08
2.7897655e-07
-6.8649005e-08
2.7860425e-07
-6.8860834e-08
2.7802081e-07
-6.9025e-08
2.7724283e-07
-6.915441e-08
2.7628417e-07
-6.9254449e-08
2.7515869e-07
-6.9334173e-08
2.7387895e-07
-6.9397176e-08
2.7245523e-07
-6.9447849e-08
2.7089845e-07
-6.9490908e-08
2.6921812e-07
-6.9527501e-08
2.674226e-07
-6.9558416e-08
2.6551984e-07
-6.958475e-08
2.6351697e-07
-6.9606453e-08
2.6142053e-07
-6.9623311e-08
2.5923652e-07
-6.9634776e-08
2.569705e-07
-6.964021e-08
2.5462768e-07
-6.9638704e-08
2.5221297e-07
-6.9629151e-08
2.4973099e-07
-6.9610161e-08
-6.9580143e-08
1.7702459e-07
1.7365357e-08
1.7461382e-07
4.4470428e-08
1.7209463e-07
6.2008019e-08
1.7037186e-07
7.0831002e-08
1.700295e-07
7.2349243e-08
1.7134036e-07
6.8204308e-08
1.7432136e-07
6.0029216e-08
1.7880827e-07
4.9285968e-08
1.8452969e-07
3.7181559e-08
1.9116867e-07
2.4645473e-08
1.9840751e-07
1.2346883e-08
2.0595605e-07
7.3282722e-10
2.1356654e-07
-9.9263536e-09
2.2103873e-07
-1.9493161e-08
2.2821894e-07
-2.7925172e-08
2.3499554e-07
-3.5244616e-08
2.4129287e-07
-4.1514949e-08
2.4706472e-07
-4.6823564e-08
2.5228821e-07
-5.1269461e-08
2.5695835e-07
-5.4954768e-08
2.6108345e-07
-5.7979227e-08
2.6468118e-07
-6.0436209e-08
2.6777539e-07
-6.2410897e-08
2.7039403e-07
-6.3980123e-08
2.7256694e-07
-6.5210885e-08
2.7432458e-07
-6.61616e-08
2.756975e-07
-6.6883447e-08
2.7671497e-07
-6.7418663e-08
2.7740463e-07
-6.7802956e-08
2.777931e-07
-6.8069507e-08
2.7790603e-07
-6.8242588e-08
2.7776522e-07
-6.8343369e-08
2.773904e-07
-6.8387908e-08
2.7680092e-07
-6.8391583e-08
2.7601385e-07
-6.8365104e-08
2.7504499e-07
-6.8319882e-08
2.7390975e-07
-6.8260884e-08
2.7262084e-07
-6.8194434e-08
2.7118973e-07
-6.8123341e-08
2.6962604e-07
-6.8049654e-08
2.6794073e-07
-6.7979315e-08
2.661428e-07
-6.7911697e-08
2.6423981e-07
-6.7846251e-08
2.6223937e-07
-6.7784145e-08
2.6014802e-07
-6.7724321e-08
2.5797177e-07
-6.7665916e-08
2.557161e-07
-6.7607787e-08
2.533862e-07
-6.7548942e-08
2.5098679e-07
-6.7488118e-08
2.4852242e-07
-6.7423899e-08
2.4599731e-07
-6.735456e-08
-6.727824e-08
1.7215057e-07
1.8580464e-08
1.6967038e-07
4.6944256e-08
1.6725445e-07
6.4412936e-08
1.6588763e-07
7.2183071e-08
1.6615672e-07
7.2062379e-08
1.6828136e-07
6.6059446e-08
1.7219696e-07
5.6091366e-08
1.7765314e-07
4.38058e-08
1.8430359e-07
3.0505542e-08
1.9177548e-07
1.7146529e-08
1.9971578e-07
4.3780444e-09
2.0781735e-07
-7.3988284e-09
2.1582977e-07
-1.7970517e-08
2.2356037e-07
-2.7257276e-08
2.3086937e-07
-3.5269648e-08
2.3766241e-07
-4.2075247e-08
2.4388213e-07
-4.7774583e-08
2.4950025e-07
-5.2484125e-08
2.545105e-07
-5.6324884e-08
2.5892267e-07
-5.9415065e-08
2.6275796e-07
-6.1865826e-08
2.6604489e-07
-6.3777858e-08
2.688162e-07
-6.5240568e-08
2.711072e-07
-6.6333346e-08
2.7295346e-07
-6.7123485e-08
2.7438984e-07
-6.766865e-08
2.7545026e-07
-6.801911e-08
2.7616614e-07
-6.8214609e-08
2.7656898e-07
-6.8290931e-08
2.7668565e-07
-6.8276517e-08
2.7653973e-07
-6.8192667e-08
2.7615451e-07
-6.80599e-08
2.7555074e-07
-6.7892151e-08
2.7474706e-07
-6.7702466e-08
2.7376141e-07
-6.7500913e-08
2.7260865e-07
-6.7295675e-08
2.713031e-07
-6.7091129e-08
2.6985749e-07
-6.6891725e-08
2.6828247e-07
-6.6699575e-08
2.6658606e-07
-6.6512752e-08
2.6477975e-07
-6.63405e-08
2.6287205e-07
-6.6179587e-08
2.6086919e-07
-6.6027466e-08
2.5877874e-07
-6.5886602e-08
2.5660662e-07
-6.575439e-08
2.5435806e-07
-6.5629192e-08
2.5203811e-07
-6.5509412e-08
2.496516e-07
-6.5393801e-08
2.4720267e-07
-6.5280743e-08
2.4469544e-07
-6.5168445e-08
2.4213382e-07
-6.5054942e-08
-6.4938205e-08
1.6739986e-07
1.9879811e-08
1.6486335e-07
4.9474888e-08
1.62605e-07
6.6661154e-08
1.6168676e-07
7.3087832e-08
1.6268065e-07
7.105239e-08
1.6573054e-07
6.2991361e-08
1.7067122e-07
5.1130788e-08
1.7715444e-07
3.7301213e-08
1.8475502e-07
2.2882258e-08
1.9304625e-07
8.8312898e-09
2.0164551e-07
-4.2465504e-09
2.1023594e-07
-1.6016016e-08
2.1857198e-07
-2.6334844e-08
2.2647522e-07
-3.5190486e-08
2.3382533e-07
-4.2651587e-08
2.4054935e-07
-4.8833139e-08
2.4661121e-07
-5.3872549e-08
2.5200243e-07
-5.7913892e-08
2.5673434e-07
-6.1098004e-08
2.6083189e-07
-6.3556694e-08
2.6432911e-07
-6.5410215e-08
2.6726499e-07
-6.676423e-08
2.6968049e-07
-6.7710117e-08
2.716176e-07
-6.8328279e-08
2.731169e-07
-6.8684624e-08
2.7421707e-07
-6.8834901e-08
2.7495449e-07
-6.8827066e-08
2.7536389e-07
-6.8699281e-08
2.7547596e-07
-6.8483185e-08
2.7531679e-07
-6.8202699e-08
2.7491241e-07
-6.7879044e-08
2.7428626e-07
-6.7530255e-08
2.7345862e-07
-6.7167175e-08
2.7244727e-07
-6.680026e-08
2.7126962e-07
-6.6439276e-08
2.6993999e-07
-6.6089049e-08
2.68472e-07
-6.5753175e-08
2.6687798e-07
-6.5434782e-08
2.6516787e-07
-6.5134357e-08
2.6334658e-07
-6.4845552e-08
2.614275e-07
-6.4583096e-08
2.5941865e-07
-6.4339989e-08
2.5732394e-07
-6.4110265e-08
2.5515157e-07
-6.3900321e-08
2.529066e-07
-6.3704673e-08
2.5059368e-07
-6.3521061e-08
2.4821721e-07
-6.3347462e-08
2.4578135e-07
-6.318235e-08
2.4329006e-07
-6.3023889e-08
2.4074673e-07
2.3815512e-07
1.6276921e-07
2.1268808e-08
1.6019514e-07
5.2043557e-08
1.5816212e-07
6.86849e-08
1.5780121e-07
7.3436519e-08
1.5964592e-07
6.9193197e-08
1.6373761e-07
5.8883436e-08
1.6979026e-07
4.506048e-08
1.7734749e-07
2.9725093e-08
1.8590393e-07
1.4305793e-08
1.9498383e-07
-2.6976936e-10
2.0418286e-07
-1.3467947e-08
2.1318335e-07
-2.5040167e-08
2.217529e-07
-3.4929502e-08
2.297344e-07
-4.3198698e-08
2.370324e-07
-4.997807e-08
2.4359924e-07
-5.5430421e-08
2.4942263e-07
-5.9728546e-08
2.5451532e-07
-6.3041549e-08
2.5890681e-07
-6.5527047e-08
2.6263712e-07
-6.7327336e-08
2.6575267e-07
-6.8569115e-08
2.6830227e-07
-6.9360416e-08
2.7033423e-07
-6.9792113e-08
2.718963e-07
-6.9944079e-08
2.7303285e-07
-6.9878816e-08
2.7378714e-07
-6.9650987e-08
2.7419687e-07
-6.9302919e-08
2.7429537e-07
-6.8868481e-08
2.7411438e-07
-6.8377711e-08
2.736819e-07
-6.7850923e-08
2.7302385e-07
-6.7306887e-08
2.72163e-07
-6.6760897e-08
2.7111847e-07
-6.6220141e-08
2.6990717e-07
-6.5693066e-08
2.6854567e-07
-6.5188644e-08
2.6704778e-07
-6.4708854e-08
2.6542626e-07
-6.425607e-08
2.6369309e-07
-6.3832521e-08
2.6185761e-07
-6.3436955e-08
2.5991995e-07
-6.3057647e-08
2.5789691e-07
-6.2716569e-08
2.5579639e-07
-6.2402497e-08
2.5361793e-07
-6.2103138e-08
2.5137205e-07
-6.1833883e-08
2.4906251e-07
-6.1583618e-08
2.4669323e-07
-6.1349678e-08
2.4426785e-07
-6.1129729e-08
2.4179005e-07
-6.0922079e-08
-6.0724588e-08
1.5825616e-07
2.2751933e-08
1.5567095e-07
5.4623823e-08
1.5394763e-07
7.0399794e-08
1.5427093e-07
7.3102207e-08
1.5710501e-07
6.634619e-08
1.6235782e-07
5.3616257e-08
1.6960231e-07
3.780045e-08
1.7826624e-07
2.1044606e-08
1.8776613e-07
4.7883746e-09
1.9758504e-07
-1.010721e-08
2.0730719e-07
-2.3209725e-08
2.1662434e-07
-3.4378155e-08
2.2532624e-07
-4.36536e-08
2.3328416e-07
-5.118034e-08
2.4043267e-07
-5.7152002e-08
2.4675284e-07
-6.1777908e-08
2.5225817e-07
-6.5263284e-08
2.569835e-07
-6.7798565e-08
2.6097656e-07
-6.95543e-08
2.6429187e-07
-7.067955e-08
2.6698749e-07
-7.1304555e-08
2.6912107e-07
-7.1536975e-08
2.7074732e-07
-7.1464709e-08
2.7191864e-07
-7.1165318e-08
2.7268341e-07
-7.0697343e-08
2.7308546e-07
-7.011078e-08
2.7316254e-07
-6.9441986e-08
2.729504e-07
-6.8722747e-08
2.7248081e-07
-6.7979359e-08
2.7178147e-07
-6.7227892e-08
2.7087692e-07
-6.6483747e-08
2.6978902e-07
-6.5759753e-08
2.6853617e-07
-6.5059844e-08
2.6713403e-07
-6.4390326e-08
2.6559851e-07
-6.3759171e-08
2.6394222e-07
-6.3165197e-08
2.62177e-07
-6.2609704e-08
2.6031471e-07
-6.2094374e-08
2.583651e-07
-6.1616787e-08
2.563192e-07
-6.1159454e-08
2.5420154e-07
-6.0751186e-08
2.5201978e-07
-6.0377269e-08
2.4976541e-07
-6.0014821e-08
2.4745458e-07
-5.9696175e-08
2.450889e-07
-5.9399827e-08
2.4267131e-07
-5.9123254e-08
2.4020468e-07
-5.8864042e-08
2.3769226e-07
-5.862048e-08
-5.8390164e-08
1.5385952e-07
2.4331553e-08
1.5129996e-07
5.7178894e-08
1.4999109e-07
7.1701046e-08
1.5114565e-07
7.1937807e-08
1.5511935e-07
6.2361065e-08
1.6165226e-07
4.7070746e-08
1.7015738e-07
2.9281777e-08
1.7994261e-07
1.1244981e-08
1.9035252e-07
-5.6367639e-09
2.0084015e-07
-2.0610958e-08
2.1099076e-07
-3.3377461e-08
2.2051699e-07
-4.3922655e-08
2.2924e-07
-5.2396159e-08
2.3706633e-07
-5.9027684e-08
2.439653e-07
-6.4073615e-08
2.4994953e-07
-6.778661e-08
2.5505963e-07
-7.0399875e-08
2.5935277e-07
-7.2120412e-08
2.6289448e-07
-7.3127128e-08
2.6575275e-07
-7.3571583e-08
2.6799607e-07
-7.3584463e-08
2.6968946e-07
-7.3270027e-08
2.7089397e-07
-7.2712159e-08
2.7166505e-07
-7.1982781e-08
2.7205092e-07
-7.1133326e-08
2.7209765e-07
-7.0211463e-08
2.71845e-07
-6.9247502e-08
2.7132757e-07
-6.8267868e-08
2.705761e-07
-6.7295028e-08
2.6961761e-07
-6.6341714e-08
2.6847572e-07
-6.5419072e-08
2.6717051e-07
-6.4536847e-08
2.6571967e-07
-6.3696687e-08
2.6413749e-07
-6.2903332e-08
2.6243901e-07
-6.2162234e-08
2.6063517e-07
-6.1469222e-08
2.5873686e-07
-6.0824792e-08
2.5675555e-07
-6.0229693e-08
2.5470413e-07
-5.9681864e-08
2.5255787e-07
-5.9163357e-08
2.5035551e-07
-5.8697677e-08
2.4810429e-07
-5.8274035e-08
2.4578074e-07
-5.785486e-08
2.4341369e-07
-5.7496578e-08
2.4100038e-07
-5.7162027e-08
2.3854251e-07
-5.6849963e-08
2.3604223e-07
-5.6558165e-08
2.3350241e-07
-5.6284979e-08
-5.6027688e-08
1.4958011e-07
2.6005996e-08
1.4709686e-07
5.9658092e-08
1.4633211e-07
7.2458975e-08
1.4848688e-07
6.9774314e-08
1.537604e-07
5.7077535e-08
1.6168797e-07
3.913223e-08
1.7150676e-07
1.9451284e-08
1.824058e-07
3.3354324e-10
1.9366846e-07
-1.6912548e-08
2.047324e-07
-3.1688835e-08
2.1519854e-07
-4.3858464e-08
2.2481269e-07
-5.3552737e-08
2.3343668e-07
-6.1037311e-08
2.4101882e-07
-6.6628392e-08
2.4756717e-07
-7.0642108e-08
2.5312798e-07
-7.3369314e-08
2.5776952e-07
-7.5065258e-08
2.6157084e-07
-7.5947722e-08
2.6461423e-07
-7.6198856e-08
2.6697994e-07
-7.596818e-08
2.6874508e-07
-7.5383235e-08
2.6998164e-07
-7.4543215e-08
2.7075269e-07
-7.3522959e-08
2.7111573e-07
-7.2388932e-08
2.7112241e-07
-7.1186779e-08
2.7081855e-07
-6.9958167e-08
2.7024216e-07
-6.8725684e-08
2.6942643e-07
-6.7511117e-08
2.684019e-07
-6.6333725e-08
2.6719488e-07
-6.5203455e-08
2.6582799e-07
-6.4125532e-08
2.6431595e-07
-6.3102975e-08
2.6267837e-07
-6.2141705e-08
2.6092898e-07
-6.1245693e-08
2.5907956e-07
-6.0410144e-08
2.5713973e-07
-5.9632864e-08
2.5511975e-07
-5.8913149e-08
2.530298e-07
-5.8249323e-08
2.5088703e-07
-5.7637586e-08
2.4865072e-07
-5.7085572e-08
2.4637269e-07
-5.656375e-08
2.4406674e-07
-5.6098779e-08
2.4167777e-07
-5.5635879e-08
2.392639e-07
-5.5245824e-08
2.3681146e-07
-5.487892e-08
2.3432123e-07
-5.4537778e-08
2.3179467e-07
-5.4219644e-08
2.2923449e-07
-5.3922789e-08
-5.3644016e-08
1.4542182e-07
2.776658e-08
1.43084e-07
6.1992281e-08
1.4302307e-07
7.2513837e-08
1.4637022e-07
6.6419525e-08
1.5311092e-07
5.0328155e-08
1.6253824e-07
2.9695509e-08
1.7370276e-07
8.2767658e-09
1.8568174e-07
-1.1656017e-08
1.9771325e-07
-2.8955276e-08
2.0923768e-07
-4.3225232e-08
2.1988806e-07
-5.4521669e-08
2.2945619e-07
-6.3134716e-08
2.3785362e-07
-6.9449759e-08
2.4507612e-07
-7.3867262e-08
2.5117357e-07
-7.6757443e-08
2.5622693e-07
-7.8442248e-08
2.6033183e-07
-7.9191616e-08
2.63588e-07
-7.9227428e-08
2.6609271e-07
-7.8729361e-08
2.6793773e-07
-7.784148e-08
2.6920618e-07
-7.6682618e-08
2.6997248e-07
-7.5343327e-08
2.7030397e-07
-7.3891269e-08
2.70261e-07
-7.2386179e-08
2.6989276e-07
-7.0862208e-08
2.6924419e-07
-6.9357026e-08
2.6835388e-07
-6.7886549e-08
2.6724999e-07
-6.6463042e-08
2.659629e-07
-6.5105894e-08
2.645199e-07
-6.3826328e-08
2.6293931e-07
-6.2614715e-08
2.6123627e-07
-6.1474387e-08
2.5942722e-07
-6.041225e-08
2.575222e-07
-5.942751e-08
2.5553372e-07
-5.8514863e-08
2.5346973e-07
-5.766846e-08
2.5134025e-07
-5.6887661e-08
2.4915367e-07
-5.6169955e-08
2.4692013e-07
-5.5511906e-08
2.4461598e-07
-5.4920428e-08
2.4227091e-07
-5.4351617e-08
2.3992005e-07
-5.3833109e-08
2.3747147e-07
-5.3393195e-08
2.3502049e-07
-5.295517e-08
2.3253665e-07
-5.2558621e-08
2.3002162e-07
-5.2194268e-08
2.2747582e-07
-5.1855745e-08
2.2490203e-07
-5.1540846e-08
-5.1245718e-08
1.4139308e-07
2.9593136e-08
1.3929415e-07
6.4087983e-08
1.4013261e-07
7.1670039e-08
1.4488796e-07
6.165755e-08
1.5326628e-07
4.1942405e-08
1.6428297e-07
1.8670839e-08
1.7679851e-07
-4.2472293e-09
1.8979271e-07
-2.4659155e-08
2.0247963e-07
-4.1651703e-08
2.1432399e-07
-5.507979e-08
2.2500902e-07
-6.5217708e-08
2.343856e-07
-7.2523279e-08
2.4242326e-07
-7.7500534e-08
2.4916982e-07
-8.0628223e-08
2.5471879e-07
-8.2322279e-08
2.5918584e-07
-8.2926796e-08
2.6269271e-07
-8.2717794e-08
2.6535787e-07
-8.1913897e-08
2.6729275e-07
-8.0687747e-08
2.6859448e-07
-7.916909e-08
2.6935108e-07
-7.7467681e-08
2.696436e-07
-7.5667114e-08
2.695379e-07
-7.3819757e-08
2.6909272e-07
-7.1978569e-08
2.683582e-07
-7.0168464e-08
2.6737363e-07
-6.8417066e-08
2.6617786e-07
-6.673864e-08
2.6480231e-07
-6.5140716e-08
2.6327155e-07
-6.3632036e-08
2.6160609e-07
-6.2222854e-08
2.5982458e-07
-6.0899485e-08
2.5794379e-07
-5.9664582e-08
2.5597615e-07
-5.8520859e-08
2.5393007e-07
-5.7464176e-08
2.5181553e-07
-5.6489691e-08
2.496393e-07
-5.5588623e-08
2.4741272e-07
-5.4760615e-08
2.4514028e-07
-5.4002697e-08
2.4282797e-07
-5.3310067e-08
2.4046703e-07
-5.2685891e-08
2.3806779e-07
-5.2081788e-08
2.3565726e-07
-5.1543038e-08
2.3318512e-07
-5.107876e-08
2.3070087e-07
-5.0623561e-08
2.2819029e-07
-5.020741e-08
2.2565724e-07
-4.9825959e-08
2.2309899e-07
-4.9473598e-08
2.2051805e-07
-4.9145754e-08
-4.8839013e-08
1.3750894e-07
3.1447474e-08
1.3577417e-07
6.5819915e-08
1.3774965e-07
6.9689906e-08
1.4415211e-07
5.5249412e-08
1.5433614e-07
3.1752102e-08
1.6700967e-07
5.9906301e-09
1.8084842e-07
-1.8093038e-08
1.9475725e-07
-3.8575454e-08
2.0795346e-07
-5.4855896e-08
2.1995102e-07
-6.7085974e-08
2.3050295e-07
-7.5779039e-08
2.3953227e-07
-8.1562936e-08
2.4707347e-07
-8.5053143e-08
2.5322921e-07
-8.6796617e-08
2.5813693e-07
-8.7244067e-08
2.6194575e-07
-8.6751251e-08
2.6480125e-07
-8.5590668e-08
2.6683867e-07
-8.3970634e-08
2.6817737e-07
-8.2047853e-08
2.6892109e-07
-7.9936493e-08
2.6916331e-07
-7.7736213e-08
2.6898275e-07
-7.5515486e-08
2.684457e-07
-7.331443e-08
2.6760593e-07
-7.1174039e-08
2.6651361e-07
-6.9114156e-08
2.6521102e-07
-6.7156665e-08
2.6372938e-07
-6.5302078e-08
2.620954e-07
-6.3557387e-08
2.6033569e-07
-6.1926639e-08
2.584618e-07
-6.0407709e-08
2.5649446e-07
-5.8995146e-08
2.544519e-07
-5.7689722e-08
2.5234003e-07
-5.6481915e-08
2.5016792e-07
-5.537109e-08
2.4793979e-07
-5.4347335e-08
2.4566273e-07
-5.3405984e-08
2.4335198e-07
-5.2543802e-08
2.4100482e-07
-5.1757821e-08
2.3862627e-07
-5.1040442e-08
2.3621806e-07
-5.0394792e-08
2.3377082e-07
-4.976113e-08
2.3131363e-07
-4.9212401e-08
2.2882056e-07
-4.8726987e-08
2.2631356e-07
-4.8262032e-08
2.2378811e-07
-4.7834847e-08
2.212427e-07
-4.7441068e-08
2.1867697e-07
-4.7078847e-08
2.1609498e-07
-4.6743671e-08
-4.6429737e-08
1.3379382e-07
3.3264084e-08
1.3258974e-07
6.7021534e-08
1.3598834e-07
6.6287308e-08
1.4429787e-07
4.6935086e-08
1.5644674e-07
1.9598018e-08
1.7081413e-07
-8.3822775e-09
1.8590725e-07
-3.3191962e-08
2.0058797e-07
-5.3262337e-08
2.1411093e-07
-6.8385493e-08
2.2606782e-07
-7.9050108e-08
2.3630196e-07
-8.602116e-08
2.4482056e-07
-9.0090407e-08
2.5172783e-07
-9.1970335e-08
2.5718193e-07
-9.2261828e-08
2.6136269e-07
-9.1437288e-08
2.6445005e-07
-8.9852583e-08
2.6661053e-07
-8.7766798e-08
2.6798962e-07
-8.5367233e-08
2.6871656e-07
-8.279428e-08
2.6889894e-07
-8.0140633e-08
2.6862844e-07
-7.7490097e-08
2.6797894e-07
-7.4892794e-08
2.6701688e-07
-7.2381708e-08
2.6580066e-07
-6.9991139e-08
2.6437424e-07
-6.772352e-08
2.6276616e-07
-6.5588357e-08
2.610111e-07
-6.3588877e-08
2.5913694e-07
-6.173209e-08
2.5716261e-07
-6.0004061e-08
2.5510099e-07
-5.8401868e-08
2.5296826e-07
-5.6922427e-08
2.5077602e-07
-5.5562095e-08
2.4853324e-07
-5.4308879e-08
2.4624596e-07
-5.3159317e-08
2.4391973e-07
-5.2102988e-08
2.4156031e-07
-5.1135312e-08
2.3917594e-07
-5.025168e-08
2.3676311e-07
-4.9444154e-08
2.3432849e-07
-4.8711361e-08
2.3188402e-07
-4.8056147e-08
2.2939448e-07
-4.7399178e-08
2.2690438e-07
-4.6848275e-08
2.2439425e-07
-4.6350172e-08
2.2187269e-07
-4.5879996e-08
2.1933769e-07
-4.5447126e-08
2.1678887e-07
-4.5047833e-08
2.1422376e-07
-4.4679103e-08
2.1164479e-07
-4.4339739e-08
-4.4023126e-08
1.3028515e-07
3.4937233e-08
1.2983149e-07
6.7473074e-08
1.349938e-07
6.1121609e-08
1.4548776e-07
3.6437158e-08
1.5974174e-07
5.3397732e-09
1.7579684e-07
-2.444184e-08
1.9202352e-07
-4.9423346e-08
2.0728504e-07
-6.8528875e-08
2.2091402e-07
-8.2019938e-08
2.3261057e-07
-9.0752682e-08
2.4232812e-07
-9.5745455e-08
2.5016789e-07
-9.793777e-08
2.5630619e-07
-9.8117226e-08
2.6095482e-07
-9.6920198e-08
2.6433228e-07
-9.4825796e-08
2.6664515e-07
-9.2177955e-08
2.6807492e-07
-8.9210643e-08
2.6877893e-07
-8.6087122e-08
2.6888843e-07
-8.2921581e-08
2.6850987e-07
-7.9782036e-08
2.6772884e-07
-7.673182e-08
2.6662471e-07
-7.3813513e-08
2.6526452e-07
-7.1049097e-08
2.6368523e-07
-6.8443182e-08
2.6193317e-07
-6.6004857e-08
2.6004409e-07
-6.3737325e-08
2.5804164e-07
-6.1626978e-08
2.5594449e-07
-5.9680466e-08
2.5377239e-07
-5.7881068e-08
2.5153877e-07
-5.6221278e-08
2.4925534e-07
-5.4696211e-08
2.4693057e-07
-5.3299058e-08
2.4457211e-07
-5.2017126e-08
2.4218473e-07
-5.0844169e-08
2.3977314e-07
-4.9769621e-08
2.3734128e-07
-4.8787878e-08
2.3489311e-07
-4.7892886e-08
2.3242946e-07
-4.7075929e-08
2.2995204e-07
-4.6332454e-08
2.2748209e-07
-4.5672132e-08
2.2495263e-07
-4.5010177e-08
2.2244103e-07
-4.4462162e-08
2.199201e-07
-4.3956924e-08
2.1739118e-07
-4.3485379e-08
2.1485336e-07
-4.3051466e-08
2.1230613e-07
-4.2651221e-08
2.0974879e-07
-4.2281641e-08
2.0718013e-07
-4.1940395e-08
-4.1623631e-08
1.2703786e-07
3.6303486e-08
1.2762283e-07
6.6886315e-08
1.3494925e-07
5.3792384e-08
1.4791464e-07
2.3468534e-08
1.6437851e-07
-1.1127498e-08
1.8205591e-07
-4.2122788e-08
1.9923285e-07
-6.6604018e-08
2.1483102e-07
-8.4131065e-08
2.2830707e-07
-9.5500434e-08
2.395006e-07
-1.0195118e-07
2.4849288e-07
-1.047434e-07
2.5548554e-07
-1.049369e-07
2.607259e-07
-1.0336502e-07
2.6447512e-07
-1.0067796e-07
2.6698386e-07
-9.7344341e-08
2.6847964e-07
-9.36849e-08
2.6915886e-07
-8.9902584e-08
2.6918179e-07
-8.6124477e-08
2.6867096e-07
-8.2427004e-08
2.6773433e-07
-7.8863676e-08
2.6646702e-07
-7.5485948e-08
2.6492988e-07
-7.2299642e-08
2.6317785e-07
-6.9322563e-08
2.6126208e-07
-6.6557361e-08
2.5921568e-07
-6.3990486e-08
2.5706269e-07
-6.1620001e-08
2.5482847e-07
-5.9431512e-08
2.5252854e-07
-5.7423423e-08
2.5017864e-07
-5.5577783e-08
2.4779046e-07
-5.3883599e-08
2.4537271e-07
-5.2333063e-08
2.4293153e-07
-5.091692e-08
2.404726e-07
-4.9622059e-08
2.3799938e-07
-4.8440099e-08
2.3551519e-07
-4.7360285e-08
2.3302233e-07
-4.6375737e-08
2.3052249e-07
-4.5479203e-08
2.2801611e-07
-4.4661201e-08
2.2550365e-07
-4.3911156e-08
2.2302566e-07
-4.3218971e-08
2.2046251e-07
-4.2640302e-08
2.1793696e-07
-4.2064065e-08
2.1541112e-07
-4.1553822e-08
2.1288127e-07
-4.1085116e-08
2.1034688e-07
-4.0654482e-08
2.0780728e-07
-4.0257392e-08
2.0526211e-07
-3.9891077e-08
2.027095e-07
-3.9551408e-08
-3.9236943e-08
1.2413008e-07
3.7118641e-08
1.261301e-07
6.488481e-08
1.3608325e-07
4.3836955e-08
1.5180108e-07
7.748138e-09
1.7052234e-07
-2.9851402e-08
1.8968009e-07
-6.1283275e-08
2.0755142e-07
-8.4478244e-08
2.2318592e-07
-9.976874e-08
2.362138e-07
-1.0853187e-07
2.4664327e-07
-1.1238473e-07
2.5469725e-07
-1.128021e-07
2.6067958e-07
-1.1092473e-07
2.649033e-07
-1.0759515e-07
2.6767073e-07
-1.0345288e-07
2.6925853e-07
-9.8940827e-08
2.6991212e-07
-9.4348524e-08
2.6983135e-07
-8.983332e-08
2.6916524e-07
-8.5471485e-08
2.6804491e-07
-8.1321502e-08
2.6658091e-07
-7.7416768e-08
2.6483873e-07
-7.376385e-08
2.6288738e-07
-7.0370028e-08
2.607816e-07
-6.7241406e-08
2.5855042e-07
-6.435402e-08
2.5622642e-07
-6.1696897e-08
2.538321e-07
-5.9259356e-08
2.5138746e-07
-5.7023758e-08
2.4890511e-07
-5.4981705e-08
2.4639706e-07
-5.3114048e-08
2.4387233e-07
-5.140702e-08
2.4133706e-07
-4.9849981e-08
2.3879534e-07
-4.8431706e-08
2.362508e-07
-4.7138719e-08
2.3370548e-07
-4.596107e-08
2.3116124e-07
-4.4887783e-08
2.2861897e-07
-4.3910855e-08
2.2607899e-07
-4.3022176e-08
2.2354136e-07
-4.2212039e-08
2.210084e-07
-4.1469873e-08
2.1850141e-07
-4.0788022e-08
2.1594364e-07
-4.0215682e-08
2.1340739e-07
-3.964911e-08
2.1087955e-07
-3.9144103e-08
2.0835451e-07
-3.8685346e-08
2.0582926e-07
-3.8262172e-08
2.0330256e-07
-3.7871811e-08
2.0077359e-07
-3.7511672e-08
1.9824218e-07
-3.7177933e-08
-3.6868007e-08
1.2166968e-07
3.7028024e-08
1.2557507e-07
6.0978223e-08
1.3867548e-07
3.0734738e-08
1.5739687e-07
-1.0975215e-08
1.7833947e-07
-5.079599e-08
1.9874021e-07
-8.1686056e-08
2.1696858e-07
-1.027088e-07
2.3228236e-07
-1.1508496e-07
2.4453499e-07
-1.207873e-07
2.5392765e-07
-1.2178068e-07
2.6083275e-07
-1.197111e-07
2.6565244e-07
-1.1574908e-07
2.6875368e-07
-1.1070193e-07
2.7047293e-07
-1.0517868e-07
2.7110724e-07
-9.9582864e-08
2.7090527e-07
-9.4155585e-08
2.7005487e-07
-8.8993341e-08
2.6871959e-07
-8.414815e-08
2.6701721e-07
-7.9632924e-08
2.6503321e-07
-7.5448393e-08
2.6285022e-07
-7.1600021e-08
2.6052117e-07
-6.8061669e-08
2.5807889e-07
-6.4822357e-08
2.5555661e-07
-6.1857843e-08
2.5298015e-07
-5.9149262e-08
2.5036793e-07
-5.6679025e-08
2.4773512e-07
-5.4426034e-08
2.4509114e-07
-5.2376345e-08
2.4244447e-07
-5.050959e-08
2.3980124e-07
-4.8809769e-08
2.371652e-07
-4.7263874e-08
2.3453846e-07
-4.5859115e-08
2.3192272e-07
-4.4581686e-08
2.2931857e-07
-4.342054e-08
2.2672643e-07
-4.2364492e-08
2.2414597e-07
-4.1404709e-08
2.2157652e-07
-4.0532543e-08
2.1901765e-07
-3.9738487e-08
2.1647048e-07
-3.9013135e-08
2.139431e-07
-3.8350312e-08
2.1139625e-07
-3.7780955e-08
2.0886333e-07
-3.7229677e-08
2.0633816e-07
-3.6735672e-08
2.0382159e-07
-3.6290127e-08
2.0131079e-07
-3.5880048e-08
1.9880206e-07
-3.549976e-08
1.9629412e-07
-3.5148552e-08
1.9378691e-07
-3.4823413e-08
-3.4521816e-08
1.198022e-07
3.5528906e-08
1.2625056e-07
5.4528939e-08
1.4306161e-07
1.3922306e-08
1.6497464e-07
-3.2889682e-08
1.879873e-07
-7.3810065e-08
2.092787e-07
-1.0297892e-07
2.2743887e-07
-1.2087056e-07
2.4202103e-07
-1.2966894e-07
2.5314715e-07
-1.319156e-07
2.6122723e-07
-1.2986339e-07
2.6678319e-07
-1.2527028e-07
2.7030272e-07
-1.1927253e-07
2.7219564e-07
-1.1259961e-07
2.7282325e-07
-1.0581203e-07
2.7248479e-07
-9.925129e-08
2.7141432e-07
-9.3093266e-08
2.6981745e-07
-8.7405915e-08
2.6783537e-07
-8.2177146e-08
2.6556924e-07
-7.7379499e-08
2.6311385e-07
-7.3008203e-08
2.6052069e-07
-6.9024479e-08
2.5783278e-07
-6.5393295e-08
2.5508263e-07
-6.2094145e-08
2.5229629e-07
-5.9096105e-08
2.4949331e-07
-5.6373611e-08
2.4668734e-07
-5.3903331e-08
2.4388894e-07
-5.1661036e-08
2.4110423e-07
-4.9628408e-08
2.3833826e-07
-4.7783914e-08
2.3559436e-07
-4.610982e-08
2.3287394e-07
-4.4591295e-08
2.3017725e-07
-4.3214373e-08
2.2750418e-07
-4.196499e-08
2.2485391e-07
-4.0831387e-08
2.2222549e-07
-3.980224e-08
2.1961752e-07
-3.8868185e-08
2.1702841e-07
-3.8020295e-08
2.1445699e-07
-3.7249382e-08
2.1190281e-07
-3.6546998e-08
2.0936841e-07
-3.5907657e-08
2.0683149e-07
-3.5346968e-08
2.0431038e-07
-3.4816407e-08
2.0179752e-07
-3.433591e-08
1.9929316e-07
-3.3905471e-08
1.9680103e-07
1.9431491e-07
1.9183233e-07
1.8935316e-07
1.1871775e-07
3.1926046e-08
1.2853763e-07
4.470837e-08
1.4963769e-07
-7.178745e-09
1.7482224e-07
-5.8075226e-08
1.9960088e-07
-9.8589655e-08
2.21297e-07
-1.2467602e-07
2.3887373e-07
-1.3844838e-07
2.5226714e-07
-1.4306366e-07
2.619024e-07
-1.415525e-07
2.6840179e-07
-1.3636485e-07
2.7242446e-07
-1.2929558e-07
2.7453134e-07
-1.2138269e-07
2.7515821e-07
-1.1323057e-07
2.7466655e-07
-1.053254e-07
2.7333711e-07
-9.7928019e-08
2.7142525e-07
-9.1188781e-08
2.6910694e-07
-8.5096295e-08
2.6650439e-07
-7.9584781e-08
2.6372635e-07
-7.4613717e-08
2.6082692e-07
-7.0122977e-08
2.5785089e-07
-6.6064835e-08
2.5483653e-07
-6.2397356e-08
2.5180888e-07
-5.9087226e-08
2.4878685e-07
-5.6097346e-08
2.4578385e-07
-5.3396544e-08
2.4280859e-07
-5.0956875e-08
2.3986719e-07
-4.8751469e-08
2.3696241e-07
-4.6758726e-08
2.3409611e-07
-4.4956124e-08
2.3126887e-07
-4.3324677e-08
2.2847996e-07
-4.1848261e-08
2.257278e-07
-4.0512111e-08
2.2301064e-07
-3.9302022e-08
2.2032631e-07
-3.820584e-08
2.1767263e-07
-3.7212217e-08
2.150472e-07
-3.6311513e-08
2.1244759e-07
-3.5494729e-08
2.0987181e-07
-3.4753025e-08
2.0731826e-07
-3.4078611e-08
2.0478657e-07
-3.3466161e-08
2.0226354e-07
-3.2921577e-08
1.9975843e-07
-3.2414733e-08
1.9726437e-07
-3.1951454e-08
-3.1537669e-08
1.1865669e-07
2.528147e-08
1.3292752e-07
3.0437068e-08
1.588638e-07
-3.3115677e-08
1.8722966e-07
-8.6441699e-08
2.1327478e-07
-1.2463533e-07
2.3474105e-07
-1.4614287e-07
2.5113377e-07
-1.5484179e-07
2.6284843e-07
-1.5477921e-07
2.7063003e-07
-1.493353e-07
2.7529711e-07
-1.4103354e-07
2.7763191e-07
-1.316325e-07
2.7825004e-07
-1.2200357e-07
2.775739e-07
-1.1255793e-07
2.7593647e-07
-1.0369239e-07
2.7364578e-07
-9.5642849e-08
2.7092128e-07
-8.8471009e-08
2.6791393e-07
-8.209694e-08
2.6475018e-07
-7.6430821e-08
2.6148927e-07
-7.1364253e-08
2.5817862e-07
-6.6825628e-08
2.5485605e-07
-6.2757603e-08
2.5154942e-07
-5.9108107e-08
2.4827585e-07
-5.5833283e-08
2.450472e-07
-5.289076e-08
2.4187086e-07
-5.0244871e-08
2.387507e-07
-4.7864159e-08
2.3568856e-07
-4.5719719e-08
2.3268394e-07
-4.3787652e-08
2.2973569e-07
-4.2044736e-08
2.2684184e-07
-4.0471194e-08
2.2399963e-07
-3.9050103e-08
2.212058e-07
-3.7766252e-08
2.1845708e-07
-3.660545e-08
2.1575007e-07
-3.555542e-08
2.1308147e-07
-3.460492e-08
2.1044797e-07
-3.3744257e-08
2.0784638e-07
-3.2964519e-08
2.0527395e-07
-3.2257234e-08
2.0272819e-07
-3.1615074e-08
2.0020712e-07
-3.1032666e-08
1.9770221e-07
-3.0510393e-08
1.9521687e-07
-3.0029073e-08
1.9274774e-07
-2.9588428e-08
-2.9192185e-08
1.1992059e-07
1.435334e-08
1.4005298e-07
1.0304407e-08
1.7126553e-07
-6.4328597e-08
2.0246777e-07
-1.1764424e-07
2.2903927e-07
-1.5120709e-07
2.4948584e-07
-1.6658971e-07
2.6402259e-07
-1.6937891e-07
2.7355537e-07
-1.6431255e-07
2.7913639e-07
-1.5491716e-07
2.8175222e-07
-1.4365057e-07
2.822922e-07
-1.3217417e-07
2.813753e-07
-1.2108896e-07
2.7936005e-07
-1.1054569e-07
2.7660845e-07
-1.0094464e-07
2.7338897e-07
-9.2428347e-08
2.6988974e-07
-8.497793e-08
2.6626244e-07
-7.8477343e-08
2.6257117e-07
-7.2748681e-08
2.5886602e-07
-6.7669816e-08
2.551852e-07
-6.3157299e-08
2.5155435e-07
-5.9141175e-08
2.4799074e-07
-5.5560927e-08
2.4450344e-07
-5.2364597e-08
2.410974e-07
-4.9505686e-08
2.3777424e-07
-4.6945207e-08
2.3453315e-07
-4.464926e-08
2.3137196e-07
-4.2587586e-08
2.2828704e-07
-4.0734854e-08
2.2527448e-07
-3.9067517e-08
2.2232997e-07
-3.7565442e-08
2.1944887e-07
-3.6211357e-08
2.1662638e-07
-3.498993e-08
2.1385787e-07
-3.3887167e-08
2.1113881e-07
-3.2890898e-08
2.0846492e-07
-3.1990122e-08
2.0583207e-07
-3.1175281e-08
2.0323639e-07
-3.0437686e-08
2.0067444e-07
-2.9769261e-08
1.9814305e-07
-2.9163054e-08
1.9563932e-07
-2.8613642e-08
1.9315708e-07
-2.8118546e-08
1.9069671e-07
-2.7664997e-08
1.882558e-07
-2.7250259e-08
-2.6873541e-08
1.2291319e-07
-2.5061609e-09
1.507342e-07
-1.7516699e-08
1.874271e-07
-1.0102163e-07
2.2075429e-07
-1.5097149e-07
2.4683101e-07
-1.7728383e-07
2.653205e-07
-1.8507922e-07
2.7728355e-07
-1.8134207e-07
2.8414153e-07
-1.7117081e-07
2.8720828e-07
-1.5798444e-07
2.876183e-07
-1.4406148e-07
2.862998e-07
-1.3085701e-07
2.8380158e-07
-1.1859263e-07
2.8048458e-07
-1.0723126e-07
2.7665384e-07
-9.7117232e-08
2.7254738e-07
-8.83264e-08
2.6835626e-07
-8.0792774e-08
2.641501e-07
-7.4278351e-08
2.5997611e-07
-6.8583219e-08
2.5587374e-07
-6.3577499e-08
2.518661e-07
-5.9161415e-08
2.4796645e-07
-5.5255131e-08
2.4418165e-07
-5.1791702e-08
2.4051285e-07
-4.8713482e-08
2.3695834e-07
-4.5971156e-08
2.3351433e-07
-4.3523616e-08
2.3017558e-07
-4.1335547e-08
2.2693621e-07
-3.937605e-08
2.237897e-07
-3.7619138e-08
2.2072959e-07
-3.6041345e-08
2.177495e-07
-3.46226e-08
2.1484306e-07
-3.3345677e-08
2.1200408e-07
-3.2195431e-08
2.0922673e-07
-3.1158244e-08
2.0650548e-07
-3.0222256e-08
2.0383519e-07
-2.9376846e-08
2.01211e-07
-2.8612746e-08
1.9862845e-07
-2.7921604e-08
1.9608352e-07
-2.7295777e-08
1.935725e-07
-2.6728675e-08
1.9109188e-07
-2.621492e-08
1.886367e-07
-2.5750705e-08
1.8620554e-07
-2.5326996e-08
1.8379616e-07
-2.4940386e-08
-2.4585859e-08
1.2825179e-07
-2.7564029e-08
1.6602571e-07
-5.5290566e-08
2.0796077e-07
-1.4295665e-07
2.422027e-07
-1.852133e-07
2.6645966e-07
-2.0154063e-07
2.8193641e-07
-2.0055582e-07
2.9060083e-07
-1.900064e-07
2.9432199e-07
-1.7489204e-07
2.9464647e-07
-1.5830921e-07
2.927559e-07
-1.4217153e-07
2.8951258e-07
-1.2761473e-07
2.8548687e-07
-1.1456847e-07
2.8091189e-07
-1.0265848e-07
2.7604091e-07
-9.2249099e-08
2.7114905e-07
-8.3439017e-08
2.6632002e-07
-7.5969251e-08
2.6158538e-07
-6.9550375e-08
2.5698313e-07
-6.3988969e-08
2.5253318e-07
-5.9137016e-08
2.482434e-07
-5.4882736e-08
2.4411492e-07
-5.1139528e-08
2.4014465e-07
-4.7836226e-08
2.3632612e-07
-4.4911797e-08
2.326514e-07
-4.23155e-08
2.2911164e-07
-4.0005296e-08
2.2569755e-07
-3.7945436e-08
2.223999e-07
-3.6105087e-08
2.1920949e-07
-3.4458301e-08
2.1611762e-07
-3.2982103e-08
2.1311603e-07
-3.1656872e-08
2.1019686e-07
-3.0465782e-08
2.0735268e-07
-2.9394146e-08
2.0457661e-07
-2.8428903e-08
2.0186224e-07
-2.7558678e-08
1.9920369e-07
-2.6773357e-08
1.9659549e-07
-2.6064098e-08
1.9403265e-07
-2.5422982e-08
1.9151067e-07
-2.4842845e-08
1.890254e-07
-2.4317478e-08
1.8657295e-07
-2.3841667e-08
1.8414885e-07
-2.3411116e-08
1.8175063e-07
-2.3018949e-08
1.7937531e-07
-2.266146e-08
-2.2332939e-08
1.368845e-07
-6.4036335e-08
1.8718969e-07
-1.0559559e-07
2.3343223e-07
-1.8919902e-07
2.6675429e-07
-2.1853511e-07
2.8757522e-07
-2.2236127e-07
2.9892209e-07
-2.1190241e-07
3.0359076e-07
-1.9467483e-07
3.0382167e-07
-1.7512283e-07
3.0125814e-07
-1.5574579e-07
2.9697458e-07
-1.3788838e-07
2.9186966e-07
-1.2251061e-07
2.8638803e-07
-1.090881e-07
2.8059055e-07
-9.6862896e-08
2.7480135e-07
-8.646264e-08
2.6920024e-07
-7.7842018e-08
2.6378673e-07
-7.0560851e-08
2.5858756e-07
-6.4357437e-08
2.5361459e-07
-5.9023521e-08
2.4886814e-07
-5.4399504e-08
2.4434137e-07
-5.0366475e-08
2.4002383e-07
-4.6834221e-08
2.3590317e-07
-4.3729649e-08
2.319658e-07
-4.0990501e-08
2.2819807e-07
-3.8566e-08
2.2458656e-07
-3.641432e-08
2.2111831e-07
-3.4500191e-08
2.1778111e-07
-3.2793522e-08
2.1456339e-07
-3.1269018e-08
2.1145447e-07
-2.9904594e-08
2.0844447e-07
-2.868143e-08
2.0552422e-07
-2.7583411e-08
2.0268521e-07
-2.6596547e-08
1.9991968e-07
-2.5708502e-08
1.9722046e-07
-2.490854e-08
1.9458105e-07
-2.418717e-08
1.9199547e-07
-2.3536084e-08
1.8945827e-07
-2.2947882e-08
1.8696456e-07
-2.2415921e-08
1.8450986e-07
-2.1934421e-08
1.8208998e-07
-2.1498431e-08
1.7970067e-07
-2.110362e-08
1.7733881e-07
-2.0744451e-08
1.750012e-07
-2.0417257e-08
-2.0116789e-08
1.4997122e-07
-1.1630189e-07
2.1562472e-07
-1.7124885e-07
2.6426392e-07
-2.3783794e-07
2.9410306e-07
-2.4837392e-07
3.0964344e-07
-2.3790128e-07
3.1574862e-07
-2.1800721e-07
3.1585485e-07
-1.9478072e-07
3.1236594e-07
-1.7163367e-07
3.0679018e-07
-1.5016998e-07
3.0018847e-07
-1.3128689e-07
2.9335801e-07
-1.1568077e-07
2.8643386e-07
-1.0216493e-07
2.7952562e-07
-8.995627e-08
2.7294137e-07
-7.9881136e-08
2.6669679e-07
-7.1601207e-08
2.6077697e-07
-6.4645781e-08
2.5518102e-07
-5.8767336e-08
2.4989637e-07
-5.3745958e-08
2.4490487e-07
-4.9416466e-08
2.4018588e-07
-4.5657474e-08
2.3571825e-07
-4.2378232e-08
2.3148116e-07
-3.9506003e-08
2.2745457e-07
-3.6979291e-08
2.2361972e-07
-3.4748615e-08
2.1995912e-07
-3.2773425e-08
2.164566e-07
-3.1019768e-08
2.1309733e-07
-2.9458916e-08
2.0986769e-07
-2.8066767e-08
2.0675532e-07
-2.6822493e-08
2.0374894e-07
-2.5708385e-08
2.0083826e-07
-2.4709309e-08
1.9801389e-07
-2.3812182e-08
1.9526729e-07
-2.300554e-08
1.9259071e-07
-2.2279422e-08
1.8997711e-07
-2.1625053e-08
1.8742009e-07
-2.1034758e-08
1.8491384e-07
-2.0501727e-08
1.8245315e-07
-2.0019876e-08
1.8003327e-07
-1.9583899e-08
1.7764982e-07
-1.9189195e-08
1.7529857e-07
-1.8831644e-08
1.7297608e-07
-1.8506636e-08
1.70679e-07
-1.8210721e-08
-1.7939548e-08
1.6959496e-07
-1.9083975e-07
2.5339897e-07
-2.5505255e-07
3.0068443e-07
-2.8512308e-07
3.2361751e-07
-2.7130662e-07
3.3191556e-07
-2.4619889e-07
3.3181644e-07
-2.1790766e-07
3.2699895e-07
-1.899628e-07
3.196153e-07
-1.6424968e-07
3.1109265e-07
-1.4164715e-07
3.0236104e-07
-1.2255541e-07
2.9386342e-07
-1.0718357e-07
2.8561657e-07
-9.3918823e-08
2.7775373e-07
-8.2094985e-08
2.7046617e-07
-7.2596166e-08
2.6366394e-07
-6.4802454e-08
2.5731786e-07
-5.830414e-08
2.5139428e-07
-5.2849264e-08
2.4585717e-07
-4.8215554e-08
2.4067145e-07
-4.4238784e-08
2.3580392e-07
-4.0799453e-08
2.3122376e-07
-3.7809191e-08
2.2690269e-07
-3.5197786e-08
2.2281495e-07
-3.2906291e-08
2.1893732e-07
-3.0887751e-08
2.152488e-07
-2.9103853e-08
2.1173047e-07
-2.7522702e-08
2.0836528e-07
-2.611749e-08
2.0513789e-07
-2.4865774e-08
2.0203449e-07
-2.3748308e-08
1.9904267e-07
-2.2748767e-08
1.9615124e-07
-2.1853223e-08
1.9335005e-07
-2.1049677e-08
1.9062996e-07
-2.0327668e-08
1.8798272e-07
-1.9678117e-08
1.8540088e-07
-1.9093054e-08
1.828777e-07
-1.8565511e-08
1.804071e-07
-1.8089321e-08
1.7798361e-07
-1.7659004e-08
1.7560229e-07
-1.7269766e-08
1.732586e-07
-1.6917422e-08
1.7094829e-07
-1.6598194e-08
1.6866774e-07
-1.630819e-08
1.6641347e-07
-1.6044273e-08
-1.5803122e-08
2.0646308e-07
-3.0487399e-07
3.0508216e-07
-3.5367131e-07
3.4259177e-07
-3.2263234e-07
3.5426207e-07
-2.8297651e-07
3.5342684e-07
-2.453632e-07
3.4652711e-07
-2.1100745e-07
3.3656484e-07
-1.8000004e-07
3.2531108e-07
-1.5299548e-07
3.1410807e-07
-1.3044393e-07
3.0341829e-07
-1.1186564e-07
2.9335504e-07
-9.7120614e-08
2.8393796e-07
-8.4502197e-08
2.7528801e-07
-7.3446657e-08
2.6739331e-07
-6.4703853e-08
2.6013165e-07
-5.7544033e-08
2.534414e-07
-5.1618059e-08
2.4725916e-07
-4.6672225e-08
2.4152782e-07
-4.2490589e-08
2.3619722e-07
-3.8915844e-08
2.3122306e-07
-3.5834371e-08
2.265661e-07
-3.3162873e-08
2.2219161e-07
-3.0835627e-08
2.1806898e-07
-2.8797815e-08
2.141712e-07
-2.7006096e-08
2.1047434e-07
-2.5425229e-08
2.0695717e-07
-2.4026027e-08
2.0360084e-07
-2.2784077e-08
2.0038856e-07
-2.167899e-08
1.9730541e-07
-2.0693381e-08
1.9433805e-07
-1.9812533e-08
1.9147454e-07
-1.9023914e-08
1.8870418e-07
-1.8316758e-08
1.8601734e-07
-1.7681709e-08
1.834054e-07
-1.7110664e-08
1.8086058e-07
-1.6596524e-08
1.783759e-07
-1.6133089e-08
1.7594507e-07
-1.5714885e-08
1.7356244e-07
-1.5337062e-08
1.712229e-07
-1.4995371e-08
1.6892183e-07
-1.4686093e-08
1.6665495e-07
-1.4405864e-08
1.644185e-07
-1.4151393e-08
1.6220891e-07
-1.3919888e-08
-1.3709002e-08
3.0080735e-07
-5.1582459e-07
3.7731354e-07
-4.3017718e-07
3.8911638e-07
-3.3443483e-07
3.8462887e-07
-2.7848858e-07
3.7324704e-07
-2.3398091e-07
3.591942e-07
-1.9695409e-07
3.441049e-07
-1.6491023e-07
3.2937364e-07
-1.3826375e-07
3.1574775e-07
-1.1681775e-07
3.0324642e-07
-9.9364234e-08
2.9183567e-07
-8.5710049e-08
2.8146035e-07
-7.4127234e-08
2.721526e-07
-6.4140437e-08
2.6375927e-07
-5.6312747e-08
2.5613638e-07
-4.9924172e-08
2.4918336e-07
-4.466897e-08
2.4280988e-07
-4.030368e-08
2.3694054e-07
-3.6627323e-08
2.3151216e-07
-3.3494784e-08
2.2647099e-07
-3.0801896e-08
2.2177073e-07
-2.8472815e-08
2.1737128e-07
-2.6448032e-08
2.1323804e-07
-2.467819e-08
2.0934091e-07
-2.31245e-08
2.0565359e-07
-2.1755496e-08
2.0215301e-07
-2.0545238e-08
1.9881891e-07
-1.9472107e-08
1.9563337e-07
-1.8518088e-08
1.9258057e-07
-1.7667888e-08
1.896465e-07
-1.6908582e-08
1.8681866e-07
-1.6229183e-08
1.840859e-07
-1.5620272e-08
1.8143828e-07
-1.5073688e-08
1.7886686e-07
-1.4582371e-08
1.7636367e-07
-1.4140149e-08
1.7392155e-07
-1.3741633e-08
1.7153405e-07
-1.3382079e-08
1.6919542e-07
-1.3057289e-08
1.6690045e-07
-1.2763587e-08
1.6464443e-07
-1.2497749e-08
1.6242307e-07
-1.225686e-08
1.6023252e-07
-1.2038167e-08
1.5806913e-07
-1.1839199e-08
-1.1658081e-08
6.1165137e-07
-2.6352332e-07
5.3891213e-07
-3.5743759e-07
5.0800081e-07
-3.0352311e-07
4.8141628e-07
-2.5190357e-07
4.5554428e-07
-2.0810835e-07
4.3026487e-07
-1.7167408e-07
4.0681693e-07
-1.4146166e-07
3.8596532e-07
-1.1741157e-07
3.6740181e-07
-9.8253842e-08
3.5094188e-07
-8.2904137e-08
3.3629702e-07
-7.106531e-08
3.2328913e-07
-6.1119685e-08
3.1180744e-07
-5.2660387e-08
3.0157288e-07
-4.6080592e-08
2.9237716e-07
-4.0731751e-08
2.8406016e-07
-3.6356291e-08
2.7648887e-07
-3.2737839e-08
2.6955639e-07
-2.9701565e-08
2.6317574e-07
-2.7122266e-08
2.5727478e-07
-2.4910623e-08
2.5179255e-07
-2.3001964e-08
2.4667712e-07
-2.1345832e-08
2.4188429e-07
-1.9900587e-08
2.3737607e-07
-1.8633662e-08
2.3311959e-07
-1.7518721e-08
2.2908629e-07
-1.6534125e-08
2.2525126e-07
-1.5661909e-08
2.2159264e-07
-1.488713e-08
2.1809124e-07
-1.419715e-08
2.1473011e-07
-1.3581311e-08
2.1149427e-07
-1.3030563e-08
2.0837036e-07
-1.2537163e-08
2.0534653e-07
-1.2094421e-08
2.0241219e-07
-1.1696556e-08
1.9955787e-07
-1.1338522e-08
1.9677511e-07
-1.1015917e-08
1.9405632e-07
-1.0724871e-08
1.9139471e-07
-1.046197e-08
1.8878418e-07
-1.0224219e-08
1.8621919e-07
-1.0008995e-08
1.8369474e-07
-9.813931e-09
1.8120628e-07
-9.6368479e-09
1.7874957e-07
-9.4756874e-09
-9.3289459e-09
7.4354545e-07
-1.4248017e-07
6.378542e-07
-2.51746e-07
5.7367289e-07
-2.393414e-07
5.2685949e-07
-2.0508969e-07
4.8736166e-07
-1.6860995e-07
4.5303354e-07
-1.3734534e-07
4.2381384e-07
-1.1224131e-07
3.9872565e-07
-9.232278e-08
3.7712134e-07
-7.6649089e-08
3.584824e-07
-6.4264968e-08
3.4222964e-07
-5.4812604e-08
3.2804736e-07
-4.6937703e-08
3.1569147e-07
-4.0306045e-08
3.0478312e-07
-3.5174552e-08
2.9506726e-07
-3.1019098e-08
2.8634097e-07
-2.7634219e-08
2.7844224e-07
-2.4844455e-08
2.7124422e-07
-2.2510156e-08
2.6464577e-07
-2.0531835e-08
2.5856443e-07
-1.8838848e-08
2.5293147e-07
-1.7380257e-08
2.4768903e-07
-1.6116494e-08
2.4278838e-07
-1.5015032e-08
2.3818798e-07
-1.4050518e-08
2.338522e-07
-1.3202502e-08
2.2975025e-07
-1.2454224e-08
2.2585545e-07
-1.1791809e-08
2.2214454e-07
-1.1203732e-08
2.1859714e-07
-1.0680275e-08
2.1519537e-07
-1.0213252e-08
2.1192345e-07
-9.7957232e-09
2.0876739e-07
-9.4217573e-09
2.0571478e-07
-9.086241e-09
2.027546e-07
-8.7847576e-09
1.9987699e-07
-8.5134593e-09
1.9707317e-07
-8.2689896e-09
1.9433528e-07
-8.0484009e-09
1.9165628e-07
-7.8490968e-09
1.8902986e-07
-7.6688018e-09
1.8645031e-07
-7.5055225e-09
1.8391248e-07
-7.3574719e-09
1.8141169e-07
-7.2230324e-09
1.7894358e-07
-7.1006074e-09
-6.9890573e-09
7.9811581e-07
-7.610672e-08
7.0255675e-07
-1.5618661e-07
6.2514028e-07
-1.6192455e-07
5.6347938e-07
-1.4342831e-07
5.1329528e-07
-1.1842527e-07
4.7184981e-07
-9.589923e-08
4.3749318e-07
-7.7884008e-08
4.0883703e-07
-6.3666006e-08
3.8475385e-07
-5.2565413e-08
3.6436026e-07
-4.3871104e-08
3.4682903e-07
-3.7281383e-08
3.3171696e-07
-3.182591e-08
3.186726e-07
-2.726316e-08
3.072396e-07
-2.3743794e-08
2.9712044e-07
-2.0903068e-08
2.8807803e-07
-1.8595944e-08
2.7992727e-07
-1.6698968e-08
2.7252546e-07
-1.5114871e-08
2.6576026e-07
-1.3774569e-08
2.595411e-07
-1.2629163e-08
2.5379318e-07
-1.1643496e-08
2.4845402e-07
-1.0790342e-08
2.4347137e-07
-1.0047382e-08
2.3880096e-07
-9.3972602e-09
2.34405e-07
-8.8260027e-09
2.3025101e-07
-8.3221773e-09
2.2631095e-07
-7.8763366e-09
2.2256044e-07
-7.4806432e-09
2.1897825e-07
-7.1285015e-09
2.1554576e-07
-6.8143611e-09
2.1224658e-07
-6.5335194e-09
2.0906623e-07
-6.2819633e-09
2.0599192e-07
-6.0562367e-09
2.0301224e-07
-5.8533554e-09
2.0011706e-07
-5.6707224e-09
1.9729736e-07
-5.5060714e-09
1.9454507e-07
-5.357414e-09
1.9185296e-07
-5.2230001e-09
1.8921457e-07
-5.1012975e-09
1.8662406e-07
-4.9909684e-09
1.8407616e-07
-4.8908253e-09
1.8156608e-07
-4.7998153e-09
1.7908941e-07
-4.7168472e-09
-4.641155e-09
8.2166484e-07
-3.3339834e-08
7.3987345e-07
-7.4394899e-08
6.589708e-07
-8.1021509e-08
5.8904078e-07
-7.3497814e-08
5.316312e-07
-6.1015101e-08
4.8503147e-07
-4.9298853e-08
4.4703542e-07
-3.988727e-08
4.1585032e-07
-3.2480269e-08
3.9001477e-07
-2.6729352e-08
3.6838996e-07
-2.2245982e-08
3.499697e-07
-1.88611e-08
3.3421327e-07
-1.6069736e-08
3.2069311e-07
-1.3744429e-08
3.0890102e-07
-1.1953902e-08
2.9850656e-07
-1.051169e-08
2.8924891e-07
-9.3423841e-09
2.80927e-07
-8.3822626e-09
2.7338706e-07
-7.5814096e-09
2.6650905e-07
-6.9044272e-09
2.6019678e-07
-6.3263095e-09
2.5437128e-07
-5.8291059e-09
2.4896694e-07
-5.3989403e-09
2.4392908e-07
-5.0244563e-09
2.3921157e-07
-4.6968349e-09
2.3477516e-07
-4.4089817e-09
2.305862e-07
-4.1550991e-09
2.2661575e-07
-3.9304014e-09
2.2283868e-07
-3.7309205e-09
2.1923316e-07
-3.5533214e-09
2.1578006e-07
-3.3947988e-09
2.1246261e-07
-3.2529775e-09
2.09266e-07
-3.1258317e-09
2.0617714e-07
-3.0116178e-09
2.031844e-07
-2.9088303e-09
2.0027748e-07
-2.8161584e-09
1.9744715e-07
-2.7324568e-09
1.9468523e-07
-2.6567202e-09
1.9198436e-07
-2.5880641e-09
1.8933797e-07
-2.525717e-09
1.8674013e-07
-2.4690109e-09
1.8418549e-07
-2.4173718e-09
1.816692e-07
-2.3703175e-09
1.7918681e-07
-2.3272961e-09
-2.2879225e-09
8.3109606e-07
7.5669771e-07
6.7567085e-07
6.0216612e-07
5.4114273e-07
4.9183435e-07
4.5193637e-07
4.1944417e-07
3.9270163e-07
3.7044117e-07
3.5156426e-07
3.3547753e-07
3.2171401e-07
3.0973935e-07
2.9920517e-07
2.8983847e-07
2.8142996e-07
2.7382025e-07
2.668853e-07
2.6052608e-07
2.5466151e-07
2.4922435e-07
2.4415872e-07
2.3941752e-07
2.3496077e-07
2.3075425e-07
2.2676853e-07
2.2297813e-07
2.1936089e-07
2.1589746e-07
2.1257084e-07
2.0936607e-07
2.0626992e-07
2.0327064e-07
2.0035782e-07
1.9752218e-07
1.9475543e-07
1.9205018e-07
1.8939978e-07
1.8679827e-07
1.8424026e-07
1.8172085e-07
1.7923559e-07
)
;

boundaryField
{
    inletLow
    {
        type            calculated;
        value           nonuniform List<scalar> 
60
(
-4.5044666e-07
-4.3832485e-07
-4.2652947e-07
-4.1505138e-07
-4.0388209e-07
-3.9301334e-07
-3.8243705e-07
-3.7214536e-07
-3.6213061e-07
-3.5238535e-07
-3.4290233e-07
-3.3367449e-07
-3.2469497e-07
-3.1595707e-07
-3.074543e-07
-2.9918033e-07
-2.9112899e-07
-2.832943e-07
-2.7567043e-07
-2.6825169e-07
-2.6103257e-07
-2.5400769e-07
-2.4717183e-07
-2.4051988e-07
-2.3404692e-07
-2.277481e-07
-2.2161874e-07
-2.1565429e-07
-2.0985029e-07
-2.0420244e-07
-1.9870651e-07
-1.9335842e-07
-1.8815418e-07
-1.8308991e-07
-1.7816186e-07
-1.7336633e-07
-1.6869974e-07
-1.6415864e-07
-1.5973961e-07
-1.5543936e-07
-1.5125468e-07
-1.4718243e-07
-1.4321957e-07
-1.3936313e-07
-1.3561021e-07
-1.3195801e-07
-1.2840377e-07
-1.2494483e-07
-1.2157861e-07
-1.1830259e-07
-1.1511436e-07
-1.1201156e-07
-1.0899189e-07
-1.0605312e-07
-1.0319335e-07
-1.0041164e-07
-9.7705137e-08
-9.505661e-08
-9.2428411e-08
-8.9856396e-08
)
;
    }
    inletJet
    {
        type            calculated;
        value           nonuniform List<scalar> 5(-8.6395231e-07 -8.6458831e-07 -8.6448897e-07 -8.6443145e-07 -8.6443696e-07);
    }
    inletHigh
    {
        type            calculated;
        value           nonuniform List<scalar> 0();
    }
    outlet
    {
        type            calculated;
        value           nonuniform List<scalar> 0();
    }
    upperWall
    {
        type            calculated;
        value           nonuniform List<scalar> 0();
    }
    lowerWall
    {
        type            calculated;
        value           nonuniform List<scalar> 
52
(
1.7693248e-09
3.339606e-09
4.1273117e-09
4.5339415e-09
4.7498196e-09
4.8911652e-09
5.0368959e-09
5.2430224e-09
5.5502216e-09
5.988663e-09
6.580939e-09
7.3438659e-09
8.290024e-09
9.4277667e-09
1.0759998e-08
1.2287477e-08
1.400919e-08
1.5922021e-08
1.802104e-08
2.0299821e-08
2.2750692e-08
2.5364962e-08
2.8133119e-08
3.1045011e-08
3.4090008e-08
3.7257154e-08
4.0535256e-08
4.3913033e-08
4.7379222e-08
5.0922647e-08
5.4532287e-08
5.8197338e-08
6.1907267e-08
6.5651844e-08
6.9421179e-08
7.320574e-08
7.6996375e-08
8.0784318e-08
8.4561198e-08
8.8319039e-08
9.2050257e-08
9.5747658e-08
9.9404428e-08
1.0301413e-07
1.0657068e-07
1.1006836e-07
1.135018e-07
1.1686593e-07
1.2015606e-07
1.2336781e-07
1.2649721e-07
1.295407e-07
)
;
    }
    frontAndBack
    {
        type            empty;
        value           nonuniform List<scalar> 0();
    }
    procBoundary7to3
    {
        type            processor;
        value           nonuniform List<scalar> 
44
(
1.3436164e-12
3.7696483e-12
5.7299031e-12
7.392172e-12
8.8697206e-12
1.0185926e-11
1.1405637e-11
1.2578985e-11
1.3711516e-11
1.4802219e-11
1.584672e-11
1.6757199e-11
1.767859e-11
1.8579508e-11
1.9434214e-11
2.0256359e-11
2.1059891e-11
2.1862192e-11
2.2678084e-11
2.351872e-11
2.4393193e-11
2.5310759e-11
2.6280386e-11
2.731007e-11
2.8407566e-11
2.9580046e-11
3.0833879e-11
3.2174747e-11
3.360741e-11
3.5135993e-11
3.6763619e-11
3.8493248e-11
4.0327648e-11
4.2271185e-11
4.4329636e-11
4.6512395e-11
4.8829415e-11
5.129058e-11
5.3899299e-11
5.6645578e-11
5.9485282e-11
6.2323633e-11
6.5157736e-11
6.7969261e-11
)
;
    }
    procBoundary7to6
    {
        type            processor;
        value           nonuniform List<scalar> 
73
(
2.9909785e-07
2.9272245e-07
2.8784412e-07
2.8421998e-07
2.8163121e-07
2.7988499e-07
2.7881213e-07
2.7826438e-07
2.7811205e-07
2.7824491e-07
2.7856685e-07
2.7899493e-07
2.7945753e-07
2.798933e-07
2.8025101e-07
2.804918e-07
2.8057954e-07
2.8046497e-07
2.8014446e-07
2.7960805e-07
2.788365e-07
2.7780845e-07
2.7652577e-07
2.7499152e-07
2.7321213e-07
2.7117891e-07
2.6890435e-07
2.6639909e-07
2.6367348e-07
2.6073935e-07
2.5760957e-07
2.5429784e-07
2.5081845e-07
2.4718602e-07
2.4341539e-07
2.395214e-07
-6.2869744e-08
-6.2717879e-08
2.3551871e-07
-6.2566504e-08
2.3926326e-07
2.3513718e-07
2.3092588e-07
2.2664315e-07
2.2230227e-07
2.1791595e-07
2.1349626e-07
2.090546e-07
2.0460183e-07
2.0014911e-07
1.9570602e-07
1.912793e-07
-3.3512456e-08
-3.3146076e-08
-3.2806363e-08
-3.2492332e-08
1.8687662e-07
-3.2201831e-08
1.9477923e-07
1.9028879e-07
1.8582714e-07
1.814018e-07
1.7701905e-07
1.7268491e-07
1.6840466e-07
1.6418287e-07
1.6002341e-07
1.5592952e-07
1.763205e-07
1.7650395e-07
1.7664191e-07
1.7673406e-07
1.7678021e-07
)
;
    }
}


// ************************************************************************* //
