/*--------------------------------*- C++ -*----------------------------------*\
| =========                 |                                                 |
| \\      /  F ield         | OpenFOAM: The Open Source CFD Toolbox           |
|  \\    /   O peration     | Version:  2312                                  |
|   \\  /    A nd           | Website:  www.openfoam.com                      |
|    \\/     M anipulation  |                                                 |
\*---------------------------------------------------------------------------*/
FoamFile
{
    version     2.0;
    format      ascii;
    arch        "LSB;label=32;scalar=64";
    class       volScalarField;
    location    "0.03";
    object      f_Bilger;
}
// * * * * * * * * * * * * * * * * * * * * * * * * * * * * * * * * * * * * * //

dimensions      [0 0 0 0 0 0 0];

internalField   nonuniform List<scalar> 
3224
(
0.00024840849
0.00022199609
0.00019827338
0.00017698473
0.00015789686
0.00014079629
0.00012548785
0.00011179354
9.9551376e-05
8.8614178e-05
7.8848451e-05
7.0133295e-05
6.2359374e-05
5.5427944e-05
4.924994e-05
4.3745129e-05
3.884131e-05
3.4473583e-05
3.0583664e-05
2.7119266e-05
2.4033512e-05
2.1284415e-05
1.883439e-05
1.6649809e-05
1.4700606e-05
1.2959902e-05
1.1403679e-05
1.0010477e-05
8.7611172e-06
7.6384613e-06
6.627186e-06
5.7135825e-06
4.8853788e-06
4.1315763e-06
3.4423082e-06
2.8087094e-06
2.2228047e-06
1.6774065e-06
1.1660258e-06
6.8278998e-07
2.2237775e-07
0.00024842392
0.00022201463
0.00019829479
0.00017700713
0.00015791909
0.00014081776
0.00012550826
0.00011181276
9.9569358e-05
8.8630918e-05
7.886398e-05
7.014766e-05
6.2372632e-05
5.5440157e-05
4.9261172e-05
4.3755443e-05
3.8850768e-05
3.4482244e-05
3.0591586e-05
2.7126502e-05
2.4040113e-05
2.1290428e-05
1.8839858e-05
1.6654774e-05
1.4705105e-05
1.296397e-05
1.1407348e-05
1.0013774e-05
8.7640696e-06
7.6410927e-06
6.6295176e-06
5.7156337e-06
4.8871668e-06
4.1331166e-06
3.4436144e-06
2.8097936e-06
2.2236776e-06
1.6780775e-06
1.166503e-06
6.8307967e-07
2.2247824e-07
0.00024841573
0.00022201428
0.00019829894
0.00017701376
0.00015792711
0.00014082651
0.00012551734
0.00011182192
9.9578413e-05
8.8639759e-05
7.8872529e-05
7.0155865e-05
6.238046e-05
5.5447588e-05
4.9268198e-05
4.376206e-05
3.885698e-05
3.4488057e-05
3.0597012e-05
2.7131551e-05
2.40448e-05
2.1294768e-05
1.8843866e-05
1.6658465e-05
1.4708494e-05
1.2967072e-05
1.1410178e-05
1.0016345e-05
8.7663948e-06
7.643184e-06
6.6313863e-06
5.7172901e-06
4.8886204e-06
4.1343763e-06
3.444688e-06
2.8106885e-06
2.2244004e-06
1.6786341e-06
1.1668987e-06
6.8331901e-07
2.2256019e-07
0.00024838541
0.00022199515
0.00019828532
0.00017700404
0.00015792033
0.00014082198
0.00012551456
0.00011182051
9.9578087e-05
8.8640281e-05
7.8873712e-05
7.0157556e-05
6.2382533e-05
5.5449941e-05
4.9270745e-05
4.3764732e-05
3.8859719e-05
3.4490816e-05
3.0599752e-05
2.7134243e-05
2.4047419e-05
2.1297295e-05
1.8846286e-05
1.6660767e-05
1.471067e-05
1.2969117e-05
1.1412086e-05
1.0018116e-05
8.768027e-06
7.6446772e-06
6.632741e-06
5.7185074e-06
4.8897017e-06
4.1353232e-06
3.4455025e-06
2.8113725e-06
2.2249561e-06
1.6790636e-06
1.1672044e-06
6.835037e-07
2.2262317e-07
0.00027767228
0.00024834039
0.00022195687
0.00019825326
0.0001769773
0.0001578981
0.00014080355
0.00012549935
0.00011180801
9.9567891e-05
8.8632036e-05
7.8867117e-05
7.0152355e-05
6.2378508e-05
5.5446901e-05
4.9268527e-05
4.3763197e-05
3.8858747e-05
3.4490304e-05
3.0599611e-05
2.7134399e-05
2.4047807e-05
2.1297862e-05
1.8846986e-05
1.6661561e-05
1.4711525e-05
1.2970006e-05
1.1412987e-05
1.001901e-05
8.7688973e-06
7.6455112e-06
6.633528e-06
5.7192386e-06
4.89037e-06
4.1359228e-06
3.4460288e-06
2.8118222e-06
2.2253263e-06
1.6793528e-06
1.1674115e-06
6.8362933e-07
2.2266604e-07
0.00027761874
0.00024827888
0.00022190189
0.00019820519
0.00017693568
0.00015786224
0.00014077277
0.00012547298
0.00011178549
9.9548714e-05
8.8615755e-05
7.8853345e-05
7.0140751e-05
6.2368774e-05
5.5438777e-05
4.9261786e-05
4.3757639e-05
3.8854199e-05
3.4486615e-05
3.0596651e-05
2.7132054e-05
2.404598e-05
2.1296466e-05
1.8845948e-05
1.6660819e-05
1.4711025e-05
1.2969701e-05
1.1412837e-05
1.001898e-05
8.7689602e-06
7.6456415e-06
6.6337046e-06
5.7194437e-06
4.8905884e-06
4.1361419e-06
3.446238e-06
2.8120126e-06
2.2254911e-06
1.6794863e-06
1.1675096e-06
6.8369018e-07
2.2268724e-07
0.0002775351
0.00024820228
0.00022183318
0.00019814421
0.0001768821
0.00015781546
0.00014073207
0.00012543768
0.00011175494
9.9522327e-05
8.8593023e-05
7.8833807e-05
7.0124001e-05
6.2354451e-05
5.5426564e-05
4.9251404e-05
4.3748843e-05
3.8846772e-05
3.4480369e-05
3.0591421e-05
2.7127694e-05
2.4042365e-05
2.1293487e-05
1.884351e-05
1.6658839e-05
1.4709431e-05
1.2968431e-05
1.1411838e-05
1.0018207e-05
8.7683714e-06
7.6452036e-06
6.6333881e-06
5.7192236e-06
4.8904431e-06
4.1360532e-06
3.4461904e-06
2.8119934e-06
2.2254894e-06
1.6794936e-06
1.1675194e-06
6.8369834e-07
2.2269077e-07
0.00027742187
0.00024810424
0.00022174487
0.00019806525
0.00017681218
0.00015775392
0.00014067812
0.00012539052
0.00011171382
9.9486548e-05
8.8561949e-05
7.8806873e-05
7.01007e-05
6.2334333e-05
5.5409228e-05
4.9236498e-05
4.3736053e-05
3.8835824e-05
3.447102e-05
3.0583458e-05
2.7120931e-05
2.4036638e-05
2.1288653e-05
1.8839444e-05
1.6655432e-05
1.4706589e-05
1.2966071e-05
1.1409889e-05
1.0016605e-05
8.767065e-06
7.6441455e-06
6.6325383e-06
5.7185476e-06
4.8899112e-06
4.1356401e-06
3.4458744e-06
2.8117562e-06
2.225316e-06
1.6793717e-06
1.1674394e-06
6.836535e-07
2.2267667e-07
0.00030984404
0.0002772882
0.00024798322
0.00022163517
0.00019796677
0.00017672456
0.00015767643
0.00014060988
0.00012533059
0.00011166131
9.9440629e-05
8.8521871e-05
7.8771951e-05
7.0070322e-05
6.2307951e-05
5.5386355e-05
4.9216698e-05
4.3718944e-05
3.8821066e-05
3.4458313e-05
3.0572538e-05
2.7111565e-05
2.4028622e-05
2.1281808e-05
1.8833614e-05
1.6650479e-05
1.4702393e-05
1.2962528e-05
1.1406907e-05
1.0014106e-05
8.7649794e-06
7.6424138e-06
6.6311088e-06
5.7173757e-06
4.8889584e-06
4.1348733e-06
3.4452655e-06
2.8112813e-06
2.2249551e-06
1.6791085e-06
1.1672609e-06
6.8355044e-07
2.2264316e-07
0.00030968393
0.00027712937
0.000247837
0.00022150223
0.00019784718
0.00017661786
0.00015758178
0.00014052624
0.00012525691
0.00011159654
9.9383808e-05
8.8472107e-05
7.8728437e-05
7.003233e-05
6.2274829e-05
5.5357519e-05
4.9191631e-05
4.3697183e-05
3.8802202e-05
3.4441986e-05
3.0558428e-05
2.7099391e-05
2.4018136e-05
2.1272792e-05
1.8825877e-05
1.6643854e-05
1.4696733e-05
1.2957704e-05
1.1402808e-05
1.0010634e-05
8.7620491e-06
7.6399516e-06
6.6290505e-06
5.7156657e-06
4.8875488e-06
4.1337228e-06
3.4443387e-06
2.8105482e-06
2.2243906e-06
1.6786918e-06
1.1669757e-06
6.8338446e-07
2.2258877e-07
0.000345656
0.00030948541
0.00027694067
0.00024766299
0.000221344
0.00019770476
0.00017649061
0.00015746868
0.00014042609
0.00012516847
0.00011151862
9.9315287e-05
8.841195e-05
7.8675703e-05
6.9986167e-05
6.2234472e-05
5.5322284e-05
4.9160906e-05
4.3670426e-05
3.877893e-05
3.4421771e-05
3.0540892e-05
2.7084201e-05
2.4004996e-05
2.1261444e-05
1.8816092e-05
1.6635432e-05
1.4689499e-05
1.2951504e-05
1.1397508e-05
1.0006116e-05
8.7582105e-06
7.6367036e-06
6.6263155e-06
5.7133766e-06
4.8856474e-06
4.132159e-06
3.4430694e-06
2.809537e-06
2.2236065e-06
1.6781097e-06
1.1665752e-06
6.8315054e-07
2.2251185e-07
0.00034539444
0.00030924621
0.00027671792
0.00024745845
0.00022115835
0.0001975377
0.00017634124
0.00015733575
0.00014030821
0.00012506421
0.00011142661
9.9234231e-05
8.8340658e-05
7.8613089e-05
6.9931248e-05
6.2186362e-05
5.5280189e-05
4.9124118e-05
4.3638312e-05
3.875093e-05
3.4397386e-05
3.051968e-05
2.7065772e-05
2.3989006e-05
2.1247589e-05
1.8804105e-05
1.6625078e-05
1.4680572e-05
1.2943823e-05
1.1390914e-05
1.0000471e-05
8.7533934e-06
7.6326087e-06
6.6228512e-06
5.7104631e-06
4.8832157e-06
4.1301494e-06
3.4414309e-06
2.8082258e-06
2.222586e-06
1.6773494e-06
1.1660509e-06
6.8284378e-07
2.2241092e-07
0.00038519141
0.00034508245
0.00030896294
0.0002764574
0.00024722056
0.00022094297
0.00019734407
0.00017616809
0.00015718156
0.00014017133
0.00012494301
0.00011131951
9.9139764e-05
8.8257456e-05
7.8539909e-05
6.9866963e-05
6.2129959e-05
5.5230757e-05
4.9080843e-05
4.3600468e-05
3.871787e-05
3.4368537e-05
3.0494533e-05
2.7043877e-05
2.3969966e-05
2.1231052e-05
1.8789762e-05
1.6612657e-05
1.4669833e-05
1.2934556e-05
1.1382936e-05
9.9936197e-06
8.7475285e-06
7.6276072e-06
6.6186059e-06
5.7068809e-06
4.8802159e-06
4.1276624e-06
3.4393967e-06
2.8065934e-06
2.2213121e-06
1.6763984e-06
1.165394e-06
6.8245912e-07
2.2228438e-07
0.00038478197
0.00034471671
0.00030863197
0.00027615563
0.00024694647
0.0002206955
0.00019712184
0.00017596943
0.00015700459
0.00014001413
0.0001248037
0.0001111963
9.9030965e-05
8.8161527e-05
7.8455439e-05
6.9792673e-05
6.2064695e-05
5.5173486e-05
4.9030636e-05
4.3556499e-05
3.8679402e-05
3.4334916e-05
3.046518e-05
2.7018276e-05
2.3947662e-05
2.1211645e-05
1.8772897e-05
1.6598022e-05
1.4657153e-05
1.2923591e-05
1.1373473e-05
9.9854755e-06
8.7405401e-06
7.621633e-06
6.6135226e-06
5.7025811e-06
4.8766066e-06
4.1246631e-06
3.4369381e-06
2.8046163e-06
2.2197667e-06
1.675243e-06
1.1645952e-06
6.8199132e-07
2.2213063e-07
0.00042869528
0.00038430826
0.00034429307
0.00030824969
0.00027580924
0.00024663327
0.00022041346
0.00019686889
0.00017574339
0.00015680322
0.0001398352
0.00012464504
0.00011105587
9.8906869e-05
8.8052018e-05
7.8358923e-05
6.9707708e-05
6.1989979e-05
5.5107849e-05
4.8973033e-05
4.3505995e-05
3.8635164e-05
3.4296204e-05
3.0431336e-05
2.6988718e-05
2.3921875e-05
2.1189173e-05
1.8753338e-05
1.6581022e-05
1.4642401e-05
1.2910812e-05
1.1362427e-05
9.9759504e-06
8.7323518e-06
7.6146201e-06
6.6075444e-06
5.6975151e-06
4.8723464e-06
4.1211166e-06
3.4340263e-06
2.8022714e-06
2.2179314e-06
1.6738696e-06
1.1636452e-06
6.8143502e-07
2.2194801e-07
0.0004280862
0.00038376549
0.00034380723
0.00030781248
0.00027541489
0.000246278
0.00022009426
0.00019658298
0.00017548805
0.00015657576
0.00013963304
0.00012446572
0.00011089708
9.876646e-05
8.792803e-05
7.8249567e-05
6.9611365e-05
6.1905187e-05
5.5033298e-05
4.8907547e-05
4.3448525e-05
3.8584775e-05
3.4252063e-05
3.0392705e-05
2.6954942e-05
2.3892373e-05
2.1163433e-05
1.8730907e-05
1.65615e-05
1.4625437e-05
1.2896097e-05
1.1349688e-05
9.9649504e-06
8.7228816e-06
7.6064974e-06
6.6006097e-06
5.6916299e-06
4.8673902e-06
4.1169852e-06
3.4306299e-06
2.7995332e-06
2.2157863e-06
1.6722635e-06
1.162534e-06
6.8078447e-07
2.2173473e-07
0.00047642326
0.00042739468
0.00038314834
0.00034325493
0.0003073167
0.00027496922
0.00024587762
0.00021973524
0.00019626179
0.00017520137
0.00015632045
0.00013940612
0.00012426438
0.00011071872
9.8608676e-05
8.7788624e-05
7.8126541e-05
6.9502908e-05
6.180967e-05
5.4949256e-05
4.8833668e-05
4.3383638e-05
3.8527836e-05
3.4202142e-05
3.0348976e-05
2.6916672e-05
2.3858914e-05
2.113421e-05
1.8705415e-05
1.6539291e-05
1.4606116e-05
1.2879318e-05
1.1335147e-05
9.9523785e-06
8.7120452e-06
7.5971916e-06
6.5926557e-06
5.6848716e-06
4.8616923e-06
4.1122305e-06
3.4267172e-06
2.7963761e-06
2.2133115e-06
1.6704096e-06
1.1612511e-06
6.8003377e-07
2.2148893e-07
0.0004755464
0.00042661209
0.0003824513
0.00034263192
0.00030675862
0.00027446879
0.00024542905
0.00021933365
0.0001959029
0.00017488124
0.00015603543
0.00013915279
0.00012403959
0.00011051952
9.8432402e-05
8.7632817e-05
7.7988974e-05
6.9381569e-05
6.1702748e-05
5.4855123e-05
4.8750867e-05
4.3310867e-05
3.8463933e-05
3.4146074e-05
3.0299825e-05
2.6873623e-05
2.3821246e-05
2.1101284e-05
1.8676666e-05
1.6514221e-05
1.4584287e-05
1.2860342e-05
1.1318685e-05
9.9381328e-06
8.6997539e-06
7.5866257e-06
6.5836155e-06
5.677183e-06
4.855204e-06
4.1068113e-06
3.4222543e-06
2.7927725e-06
2.2104851e-06
1.6682917e-06
1.1597856e-06
6.7917651e-07
2.2120859e-07
0.00047455021
0.00042573238
0.00038166946
0.00034193402
0.00030613445
0.00027391012
0.00024492909
0.00021888666
0.00019550381
0.00017452546
0.00015571877
0.00013887137
0.00012378984
0.00011029819
9.8236477e-05
8.7459581e-05
7.7835959e-05
6.9246546e-05
6.1583711e-05
5.475027e-05
4.8658587e-05
4.3229718e-05
3.8392631e-05
3.4083476e-05
3.0244913e-05
2.6825496e-05
2.3779105e-05
2.1064421e-05
1.8644455e-05
1.6486111e-05
1.455979e-05
1.2839031e-05
1.1300182e-05
9.9221067e-06
8.6859146e-06
7.5747193e-06
6.5734198e-06
5.6685046e-06
4.8478746e-06
4.1006853e-06
3.4172059e-06
2.788694e-06
2.207285e-06
1.6658932e-06
1.158126e-06
6.7820611e-07
2.208916e-07
0.0004734374
0.00042475285
0.00038079856
0.00034115705
0.00030544028
0.00027328961
0.00024437451
0.00021839136
0.00019506193
0.00017413175
0.00015536845
0.00013856009
0.0001235136
0.00011005333
9.801969e-05
8.7267848e-05
7.7666552e-05
6.9097005e-05
6.1451821e-05
5.4634046e-05
4.8556251e-05
4.3139683e-05
3.8313481e-05
3.4013949e-05
3.018389e-05
2.6771982e-05
2.3732217e-05
2.102338e-05
1.860857e-05
1.6454774e-05
1.4532463e-05
1.281524e-05
1.1279511e-05
9.9041902e-06
8.6704317e-06
7.561389e-06
6.5619967e-06
5.6587747e-06
4.8396517e-06
4.0938081e-06
3.4115353e-06
2.7841108e-06
2.2036875e-06
1.6631965e-06
1.15626e-06
6.7711548e-07
2.2053567e-07
0.00052591644
0.00047221852
0.00042367024
0.00037983428
0.00034029675
0.00030467216
0.00027260361
0.00024376198
0.00021784476
0.0001945746
0.00017369776
0.00015498241
0.00013821711
0.00012320923
0.00010978353
9.7780785e-05
8.7056508e-05
7.7479772e-05
6.8932077e-05
6.1306311e-05
5.4505773e-05
4.8443261e-05
4.3040232e-05
3.8226012e-05
3.393708e-05
3.0116388e-05
2.6712755e-05
2.3680297e-05
2.0977908e-05
1.8568789e-05
1.6420013e-05
1.4502132e-05
1.2788818e-05
1.125654e-05
9.8842673e-06
8.6532039e-06
7.546547e-06
6.5492703e-06
5.6479281e-06
4.8304798e-06
4.0861333e-06
3.4052041e-06
2.7789915e-06
2.1996682e-06
1.6601831e-06
1.1541752e-06
6.7589732e-07
2.2013847e-07
0.00052442825
0.00047088397
0.00042247939
0.0003787719
0.00033934871
0.00030382599
0.00027184835
0.00024308807
0.00021724379
0.00019403911
0.00017322107
0.0001545585
0.00013784055
0.00012287508
0.00010948732
9.7518461e-05
8.6824413e-05
7.7274604e-05
6.8750866e-05
6.1146389e-05
5.4364749e-05
4.8318997e-05
4.2930816e-05
3.8129743e-05
3.385244e-05
3.0042031e-05
2.6647484e-05
2.3623051e-05
2.0927749e-05
1.8524885e-05
1.638163e-05
1.4468622e-05
1.2759611e-05
1.1231133e-05
9.8622199e-06
8.6341285e-06
7.5301043e-06
6.5351636e-06
5.6358986e-06
4.8203026e-06
4.0776132e-06
3.3981726e-06
2.7733041e-06
2.1952018e-06
1.6568342e-06
1.1518582e-06
6.7454389e-07
2.1969748e-07
0.00064694679
0.00058178763
0.00052280121
0.0004694243
0.00042117416
0.00037760631
0.00033830832
0.00030289754
0.00027102001
0.00024234934
0.00021658534
0.00019345267
0.0001726992
0.00015409454
0.00013742846
0.00012250943
0.00010916318
9.7231379e-05
8.6570378e-05
7.7050002e-05
6.8552447e-05
6.0971237e-05
5.4210251e-05
4.8182818e-05
4.2810871e-05
3.8024172e-05
3.3759589e-05
2.9960428e-05
2.6575824e-05
2.3560175e-05
2.0872631e-05
1.8476618e-05
1.6339413e-05
1.4431748e-05
1.2727456e-05
1.1203149e-05
9.8379235e-06
8.6130967e-06
7.5119662e-06
6.5195948e-06
5.6226163e-06
4.8090604e-06
4.0681976e-06
3.3903993e-06
2.7670148e-06
2.1902617e-06
1.6531296e-06
1.1492953e-06
6.7304722e-07
2.1921012e-07
0.00071634184
0.00064474141
0.00057981575
0.00052102495
0.00046783056
0.000419748
0.00037633208
0.00033717075
0.00030188249
0.00027011466
0.00024154222
0.00021586623
0.00019281241
0.00017212962
0.00015358827
0.00013697886
0.00012211052
0.00010880955
9.6918162e-05
8.6293187e-05
7.6804889e-05
6.8335868e-05
6.0780013e-05
5.4041536e-05
4.8034068e-05
4.2679815e-05
3.7908786e-05
3.3658072e-05
2.9871178e-05
2.649742e-05
2.3491356e-05
2.0812281e-05
1.8423749e-05
1.6293152e-05
1.4391324e-05
1.269219e-05
1.1172443e-05
9.8112529e-06
8.5899995e-06
7.4920381e-06
6.5024823e-06
5.6080107e-06
4.7966933e-06
4.0578361e-06
3.3818423e-06
2.7600895e-06
2.1848208e-06
1.6490492e-06
1.1464724e-06
6.713991e-07
2.1867373e-07
0.00071365946
0.00064233502
0.00057765969
0.00051908851
0.00046609431
0.00041819426
0.00037494359
0.00033593108
0.00030077639
0.00026912829
0.00024066311
0.00021508321
0.00019211547
0.00017150975
0.0001530374
0.00013648972
0.00012167654
0.00010842484
9.6577403e-05
8.5991594e-05
7.6538165e-05
6.8100156e-05
6.0571856e-05
5.3857842e-05
4.7872072e-05
4.2537052e-05
3.7783058e-05
3.3547423e-05
2.977387e-05
2.6411908e-05
2.3416273e-05
2.0746414e-05
1.8366025e-05
1.6242623e-05
1.4347154e-05
1.2653642e-05
1.1138867e-05
9.7820764e-06
8.564722e-06
7.4702202e-06
6.4837395e-06
5.5920076e-06
4.783138e-06
4.0464753e-06
3.3724572e-06
2.7524922e-06
2.178851e-06
1.6445716e-06
1.1433749e-06
6.6959096e-07
2.1808555e-07
0.0007107344
0.00063971468
0.00057531164
0.00051698277
0.00046420768
0.00041650625
0.00037343509
0.00033458422
0.00029957472
0.00026805685
0.00023970838
0.00021423302
0.00019135889
0.00017083698
0.00015243961
0.00013595896
0.00012120567
0.00010800743
9.6207665e-05
8.5664329e-05
7.6248706e-05
6.7844316e-05
6.0345888e-05
5.3658391e-05
4.7696144e-05
4.2381975e-05
3.7646452e-05
3.3427168e-05
2.9668084e-05
2.631892e-05
2.33346e-05
2.0674742e-05
1.8303194e-05
1.6187606e-05
1.4299044e-05
1.2611639e-05
1.1102268e-05
9.7502626e-06
8.5371496e-06
7.4464129e-06
6.4632806e-06
5.5745333e-06
4.7683317e-06
4.0340623e-06
3.3622002e-06
2.7441872e-06
2.1723241e-06
1.6396758e-06
1.1399881e-06
6.6761423e-07
2.174428e-07
0.00070755919
0.00063687065
0.00057276358
0.00051469951
0.00046216314
0.00041467736
0.00037180075
0.00033312503
0.0002982729
0.00026689623
0.00023867432
0.00021331235
0.00019053974
0.00017010867
0.00015179254
0.00013538451
0.00012069606
0.00010755567
9.5807494e-05
8.5310106e-05
7.5935372e-05
6.7567341e-05
6.0101215e-05
5.3442395e-05
4.7505585e-05
4.2213966e-05
3.7498419e-05
3.3296824e-05
2.9553393e-05
2.6218077e-05
2.3246003e-05
2.0596972e-05
1.8234996e-05
1.612787e-05
1.424679e-05
1.2566004e-05
1.1062491e-05
9.7156746e-06
8.507163e-06
7.4205124e-06
6.4410157e-06
5.5555105e-06
4.7522085e-06
4.0205415e-06
3.351025e-06
2.7351368e-06
2.1652102e-06
1.6343393e-06
1.1362965e-06
6.6545991e-07
2.1674257e-07
0.00070412556
0.0006337943
0.00057000754
0.00051223088
0.00045995337
0.00041270101
0.00037003475
0.00033154833
0.0002968663
0.00026564227
0.00023755723
0.00021231787
0.00018965503
0.00016932217
0.00015109384
0.00013476425
0.00012014583
0.00010706792
9.537542e-05
8.4927619e-05
7.5597009e-05
6.7268208e-05
5.9836933e-05
5.3209051e-05
4.7299687e-05
4.2032398e-05
3.7338408e-05
3.31559e-05
2.9429365e-05
2.6108996e-05
2.3150144e-05
2.0512806e-05
1.8161168e-05
1.6063184e-05
1.4190191e-05
1.2516559e-05
1.101938e-05
9.6781764e-06
8.4746434e-06
7.3924158e-06
6.4168556e-06
5.5348626e-06
4.7347032e-06
4.005858e-06
3.3388861e-06
2.7253042e-06
2.1574804e-06
1.6285403e-06
1.1322849e-06
6.6311919e-07
2.1598202e-07
0.00070042466
0.00063047717
0.00056703554
0.00050956923
0.00045757121
0.00041057071
0.00036813128
0.00032984894
0.00029535029
0.00026429086
0.00023635341
0.00021124627
0.0001887018
0.00016847481
0.00015034113
0.00013409608
0.00011955312
0.0001065425
9.4909967e-05
8.4515562e-05
7.5232459e-05
6.6945891e-05
5.9552135e-05
5.2957558e-05
4.7077738e-05
4.1836642e-05
3.716586e-05
3.3003906e-05
2.9295564e-05
2.5991294e-05
2.3046683e-05
2.0421942e-05
1.8081445e-05
1.5993315e-05
1.4129039e-05
1.2463123e-05
1.0972776e-05
9.6376283e-06
8.439469e-06
7.3620168e-06
6.3907088e-06
5.5125107e-06
4.7157484e-06
3.9899549e-06
3.3257362e-06
2.7146508e-06
2.1491042e-06
1.6222558e-06
1.1279375e-06
6.605828e-07
2.1515816e-07
0.00069644727
0.00062691065
0.00056383955
0.00050670696
0.00045500965
0.00040828008
0.00036608461
0.00032802172
0.00029372027
0.00026283787
0.00023505916
0.00021009424
0.00018767708
0.00016756396
0.00014953205
0.00013337789
0.00011891605
0.00010597775
9.4409659e-05
8.4072624e-05
7.4840559e-05
6.6599361e-05
5.9245907e-05
5.2687105e-05
4.6839023e-05
4.1626064e-05
3.6980215e-05
3.2840343e-05
2.9151551e-05
2.5864582e-05
2.2935279e-05
2.0324079e-05
1.7995561e-05
1.5918028e-05
1.4063129e-05
1.2405514e-05
1.092252e-05
9.5938914e-06
8.4015184e-06
7.3292104e-06
6.362484e-06
5.4883768e-06
4.6952776e-06
3.9727762e-06
3.3115287e-06
2.7031388e-06
2.1400518e-06
1.6154636e-06
1.123239e-06
6.5784181e-07
2.142681e-07
0.00069218363
0.00062308601
0.00056041152
0.00050363663
0.00045226183
0.00040582287
0.00036388909
0.00032606161
0.00029197173
0.00026127924
0.00023367084
0.00020885852
0.00018657795
0.00016658701
0.00014866428
0.00013260762
0.00011823276
0.00010537202
9.387303e-05
8.3597506e-05
7.4420156e-05
6.6227595e-05
5.8917342e-05
5.2396891e-05
4.658283e-05
4.1400035e-05
3.6780916e-05
3.266472e-05
2.899689e-05
2.5728475e-05
2.281559e-05
2.0218916e-05
1.7903249e-05
1.5837088e-05
1.3992254e-05
1.234355e-05
1.0868453e-05
9.5468256e-06
8.3606696e-06
7.2938899e-06
6.3320893e-06
5.4623813e-06
4.6732231e-06
3.9542647e-06
3.2962163e-06
2.6907294e-06
2.1302927e-06
1.6081405e-06
1.1181731e-06
6.5488681e-07
2.1330882e-07
0.00068762407
0.0006189945
0.00055674347
0.00050035091
0.00044932104
0.00040319301
0.00036153924
0.00032396368
0.0002901002
0.00025961097
0.00023218488
0.00020753589
0.00018540154
0.00016554138
0.00014773551
0.00013178319
0.00011750144
0.0001047237
9.3298636e-05
8.3088922e-05
7.3970109e-05
6.5829579e-05
5.8565543e-05
5.2086117e-05
4.6308452e-05
4.1157928e-05
3.6567408e-05
3.2476544e-05
2.8831145e-05
2.5582587e-05
2.2687274e-05
2.0106151e-05
1.7804245e-05
1.5750261e-05
1.3916207e-05
1.227705e-05
1.0810413e-05
9.4962916e-06
8.3168008e-06
7.2559498e-06
6.299433e-06
5.434446e-06
4.649518e-06
3.9343642e-06
3.279752e-06
2.6773847e-06
2.1197968e-06
1.6002642e-06
1.1127246e-06
6.5170891e-07
2.1227744e-07
0.00068275878
0.00061462747
0.00055282759
0.00049684269
0.00044618081
0.00040038462
0.00035902975
0.00032172313
0.00028810139
0.00025782921
0.0002305978
0.00020612326
0.00018414506
0.00016442457
0.00014674351
0.00013090263
0.00011672029
0.00010403118
9.2685059e-05
8.2545612e-05
7.3489299e-05
6.5404319e-05
5.8189626e-05
5.1754001e-05
4.6015195e-05
4.0899127e-05
3.6339143e-05
3.2275331e-05
2.8653888e-05
2.5426538e-05
2.2549998e-05
1.9985487e-05
1.7698284e-05
1.5657315e-05
1.3834784e-05
1.2205834e-05
1.0748245e-05
9.4421504e-06
8.2697908e-06
7.2152843e-06
6.2644239e-06
5.4044917e-06
4.624095e-06
3.9130175e-06
3.2620886e-06
2.663066e-06
2.1085338e-06
1.5918116e-06
1.1068772e-06
6.4829859e-07
2.1117091e-07
0.00067757839
0.00060997648
0.00054865629
0.0004931051
0.00044283491
0.00039739203
0.00035635549
0.00031933536
0.00028597115
0.00025593023
0.00022890625
0.00020461759
0.00018280581
0.00016323416
0.00014568611
0.00012996399
0.0001158876
0.00010329292
9.2030927e-05
8.1966353e-05
7.2976634e-05
6.4950846e-05
5.7788729e-05
5.1399777e-05
4.5702378e-05
4.0623027e-05
3.6095586e-05
3.2060606e-05
2.8464697e-05
2.5259955e-05
2.2403427e-05
1.9856631e-05
1.7585108e-05
1.555802e-05
1.3747781e-05
1.2129723e-05
1.068179e-05
9.3842647e-06
8.2195189e-06
7.1717888e-06
6.2269708e-06
5.3724405e-06
4.5968871e-06
3.8901685e-06
3.243179e-06
2.6477353e-06
2.0964733e-06
1.58276e-06
1.1006155e-06
6.4464692e-07
2.0998631e-07
0.00067207368
0.00060503339
0.00054422228
0.00048913156
0.00043927739
0.00039420988
0.00035351163
0.00031679598
0.00028370552
0.00025391046
0.00022710703
0.00020301603
0.00018138122
0.00016196784
0.00014456124
0.00012896542
0.00011500169
0.00010250745
9.1334913e-05
8.1349963e-05
7.2431064e-05
6.4468222e-05
5.7362018e-05
5.1022701e-05
4.5369341e-05
4.0329042e-05
3.5836216e-05
3.1831905e-05
2.8263161e-05
2.5082472e-05
2.224724e-05
1.9719296e-05
1.7464463e-05
1.5452152e-05
1.3655002e-05
1.2048542e-05
1.0610894e-05
9.3224986e-06
8.1658669e-06
7.1253594e-06
6.1869842e-06
5.3382146e-06
4.5678285e-06
3.8657611e-06
3.222977e-06
2.6313545e-06
2.0835856e-06
1.5730868e-06
1.0939237e-06
6.4074462e-07
2.0872071e-07
0.00066623604
0.00059979047
0.0005395186
0.00048491583
0.00043550262
0.00039083309
0.00035049355
0.00031410085
0.00028130079
0.00025176654
0.00022519713
0.00020131586
0.00017986882
0.00016062342
0.00014336694
0.00012790514
0.00011406099
0.00010167335
9.0595754e-05
8.0695312e-05
7.1851579e-05
6.3955547e-05
5.6908691e-05
5.062206e-05
4.5015447e-05
4.0016605e-05
3.5560528e-05
3.158878e-05
2.804888e-05
2.4893735e-05
2.208112e-05
1.9573202e-05
1.7336099e-05
1.533949e-05
1.355625e-05
1.1962119e-05
1.0535406e-05
9.2567181e-06
8.1087165e-06
7.0758936e-06
6.1443743e-06
5.3017374e-06
4.5368528e-06
3.8397398e-06
3.2014357e-06
2.613886e-06
2.0698405e-06
1.5627696e-06
1.0867862e-06
6.3658278e-07
2.0737118e-07
0.00066005714
0.00059424034
0.00053453869
0.000480452
0.00043150528
0.00038725685
0.00034729696
0.00031124609
0.00027875343
0.00024949532
0.00022317368
0.0001995145
0.00017826633
0.00015919882
0.00014210132
0.00012678149
0.000113064
0.00010078926
8.9812244e-05
8.0001322e-05
7.1237213e-05
6.341196e-05
5.6427977e-05
5.0197165e-05
4.4640082e-05
3.9685168e-05
3.5268033e-05
3.1330794e-05
2.7821466e-05
2.4693398e-05
2.1904761e-05
1.9418075e-05
1.7199774e-05
1.521982e-05
1.3451334e-05
1.1870284e-05
1.0455175e-05
9.1867922e-06
8.0479534e-06
7.0232907e-06
6.0990544e-06
5.2629329e-06
4.5038963e-06
3.8120496e-06
3.1785106e-06
2.5952924e-06
2.0552094e-06
1.5517865e-06
1.0791883e-06
6.3215267e-07
2.0593498e-07
0.0006535292
0.00058837604
0.0005292763
0.00047573448
0.00042728036
0.00038347667
0.00034391778
0.00030822802
0.00027606015
0.00024709382
0.00022103402
0.00019760955
0.00017657156
0.00015769209
0.00014076265
0.00012559289
0.0001120093
9.9853925e-05
8.8983237e-05
7.9266965e-05
7.0587048e-05
6.2836634e-05
5.5919137e-05
4.9747356e-05
4.4242656e-05
3.9334203e-05
3.495826e-05
3.1057528e-05
2.7580544e-05
2.4481126e-05
2.1717864e-05
1.925365e-05
1.7055253e-05
1.5092929e-05
1.3340069e-05
1.1772871e-05
1.0370056e-05
9.1125913e-06
7.983463e-06
6.9674512e-06
6.0509368e-06
5.2217269e-06
4.4688935e-06
3.7826371e-06
3.1541552e-06
2.5755378e-06
2.0396625e-06
1.540116e-06
1.0711145e-06
6.2744561e-07
2.0440933e-07
0.00064664461
0.00058219078
0.00052372541
0.0004707579
0.00042282304
0.00037948823
0.00034035214
0.00030504316
0.00027321781
0.00024455922
0.00021877559
0.00019559871
0.00017478245
0.00015610135
0.00013934923
0.00012433782
0.00011089551
9.8866105e-05
8.810763e-05
7.8491249e-05
6.990019e-05
6.2228771e-05
5.5381454e-05
4.9271988e-05
4.3822589e-05
3.8963192e-05
3.4630744e-05
3.0768565e-05
2.732574e-05
2.4256587e-05
2.152013e-05
1.907966e-05
1.6902295e-05
1.4958607e-05
1.3222263e-05
1.1669715e-05
1.0279899e-05
9.0339841e-06
7.91513e-06
6.9082728e-06
5.9999337e-06
5.178041e-06
4.4317797e-06
3.7514443e-06
3.128324e-06
2.5545823e-06
2.023171e-06
1.5277352e-06
1.06255e-06
6.2245281e-07
2.0279131e-07
0.00063939557
0.00057567773
0.00051787994
0.00046551686
0.00041812852
0.00037528722
0.00033659619
0.00030168806
0.00027022331
0.00024188872
0.00021639589
0.00019347972
0.00017289696
0.00015442478
0.00013785941
0.00012301478
0.0001097213
9.7824588e-05
8.7184329e-05
7.7673186e-05
6.9175753e-05
6.1587568e-05
5.4814207e-05
4.8770412e-05
4.3379301e-05
3.8571609e-05
3.4285015e-05
3.0463479e-05
2.7056678e-05
2.4019436e-05
2.1311255e-05
1.8895831e-05
1.6740658e-05
1.4816634e-05
1.3097726e-05
1.156064e-05
1.0184551e-05
8.9508339e-06
7.8428331e-06
6.8456502e-06
5.9459505e-06
5.1317959e-06
4.3924827e-06
3.7184141e-06
3.1009654e-06
2.5323882e-06
2.005702e-06
1.5146215e-06
1.0534786e-06
6.1716502e-07
2.0107814e-07
0.0006317739
0.00056882948
0.00051173335
0.00046000554
0.00041319164
0.00037086906
0.00033264584
0.00029815907
0.00026707337
0.00023907939
0.00021389227
0.00019125021
0.00017091295
0.00015266045
0.00013629146
0.00012162223
0.00010848527
9.6728111e-05
8.6212192e-05
7.6811752e-05
6.8412807e-05
6.0912193e-05
5.4216641e-05
4.824195e-05
4.2912174e-05
3.8158906e-05
3.3920572e-05
3.0141827e-05
2.6772947e-05
2.3769316e-05
2.109091e-05
1.8701871e-05
1.6570077e-05
1.4666777e-05
1.2966242e-05
1.1445458e-05
1.0083843e-05
8.8629914e-06
7.7664407e-06
6.7794654e-06
5.8888865e-06
5.0828997e-06
4.3509281e-06
3.6834776e-06
3.0720272e-06
2.5089087e-06
1.9872223e-06
1.5007493e-06
1.0438828e-06
6.1157245e-07
1.9926647e-07
0.00062376912
0.00056163707
0.00050527775
0.00045421702
0.00040800628
0.00036622834
0.00032849628
0.0002944519
0.00026376418
0.00023612782
0.0002112617
0.00018890745
0.00016882799
0.00015080617
0.00013464341
0.00012015838
0.00010718581
9.5575236e-05
8.5189929e-05
7.5905777e-05
6.7610306e-05
6.0201692e-05
5.3587905e-05
4.7685828e-05
4.242052e-05
3.7724448e-05
3.3536854e-05
2.9803093e-05
2.6474095e-05
2.3505805e-05
2.0858724e-05
1.8497442e-05
1.6390252e-05
1.4508761e-05
1.2827571e-05
1.1323952e-05
9.9775829e-06
8.7702838e-06
7.6857993e-06
6.7095842e-06
5.8286204e-06
5.0312506e-06
4.307022e-06
3.6465614e-06
3.0414441e-06
2.4840948e-06
1.967693e-06
1.4860889e-06
1.0337435e-06
6.0566318e-07
1.9735274e-07
0.00061536812
0.00055408866
0.00049850272
0.00044814213
0.00040256434
0.0003613579
0.00032414118
0.00029056095
0.00026029077
0.0002330296
0.00020850024
0.00018644793
0.00016663894
0.00014885915
0.00013291276
0.00011862101
0.00010582092
9.4364166e-05
8.4115915e-05
7.4953814e-05
6.6766935e-05
5.94549e-05
5.2926934e-05
4.71011e-05
4.1903471e-05
3.7267472e-05
3.3133157e-05
2.9446655e-05
2.6159549e-05
2.32284e-05
2.0614235e-05
1.8282135e-05
1.6200809e-05
1.4342259e-05
1.2681415e-05
1.1195859e-05
9.8655336e-06
8.6725034e-06
7.6007255e-06
6.6358431e-06
5.7650128e-06
4.976723e-06
4.2606626e-06
3.6075759e-06
3.0091441e-06
2.4578887e-06
1.9470672e-06
1.470607e-06
1.0230361e-06
5.9942413e-07
1.9533259e-07
0.00060655106
0.00054616703
0.00049139325
0.00044176765
0.00039685423
0.0003562475
0.00031957152
0.00028647822
0.00025664607
0.00022977845
0.00020560233
0.00018386673
0.00016434142
0.00014681547
0.00013109604
0.00011700699
0.00010438784
9.3092424e-05
8.2987961e-05
7.3953879e-05
6.5880942e-05
5.867022e-05
5.2232321e-05
4.6486482e-05
4.1359898e-05
3.678694e-05
3.270857e-05
2.9071678e-05
2.5828573e-05
2.2936429e-05
2.0356851e-05
1.8055408e-05
1.6001274e-05
1.4166837e-05
1.2527393e-05
1.1060836e-05
9.7473939e-06
8.5693854e-06
7.5109829e-06
6.5580425e-06
5.6978847e-06
4.9191691e-06
4.2117228e-06
3.5664131e-06
2.9750408e-06
2.4302165e-06
1.9252866e-06
1.4542596e-06
1.0117298e-06
5.9283763e-07
1.9320047e-07
0.00059728868
0.00053784631
0.0004839266
0.00043507366
0.00039085833
0.00035088166
0.0003147736
0.00028219167
0.00025281941
0.00022636497
0.00020255964
0.00018115648
0.0001619289
0.00014466938
0.00012918811
0.00011531182
0.00010288252
9.1756432e-05
8.1802842e-05
7.2903135e-05
6.4949762e-05
5.7845397e-05
5.1502021e-05
4.5840174e-05
4.0788165e-05
3.6281415e-05
3.2261787e-05
2.8677012e-05
2.5480125e-05
2.2628972e-05
2.0085738e-05
1.781653e-05
1.5790984e-05
1.3981912e-05
1.2364983e-05
1.0918422e-05
9.6227592e-06
8.4605652e-06
7.416265e-06
6.4759038e-06
5.6270064e-06
4.8583892e-06
4.1600308e-06
3.5229345e-06
2.9390129e-06
2.4009785e-06
1.9022756e-06
1.4369844e-06
9.9978586e-07
5.8587953e-07
1.9094905e-07
0.00058753614
0.00052908674
0.00047606794
0.00042802941
0.00038454958
0.00034523646
0.00030972637
0.0002776827
0.00024879443
0.00022277471
0.00019935945
0.00017830592
0.00015939146
0.00014241207
0.00012718121
0.00011352857
0.00010129886
9.0350761e-05
8.0555777e-05
7.1797305e-05
6.3969624e-05
5.6977052e-05
5.0733053e-05
4.5159505e-05
4.0185912e-05
3.5748781e-05
3.1790936e-05
2.8260981e-05
2.5112721e-05
2.2304702e-05
1.9799724e-05
1.7564453e-05
1.5569012e-05
1.3786661e-05
1.2193455e-05
1.0767976e-05
9.4910562e-06
8.345554e-06
7.3161289e-06
6.3890563e-06
5.5520485e-06
4.794105e-06
4.1053508e-06
3.4769407e-06
2.9008931e-06
2.3700447e-06
1.8779233e-06
1.4187074e-06
9.8714703e-07
5.7852138e-07
1.8856842e-07
0.00057722614
0.00051982909
0.00046776411
0.00042058773
0.00037788634
0.00033927518
0.00030439745
0.0002729228
0.00024454598
0.00021898552
0.0001959822
0.00017529785
0.0001567139
0.00014003015
0.00012506352
0.00011164681
9.9627651e-05
8.886726e-05
7.9239549e-05
7.0630005e-05
6.2934877e-05
5.6060178e-05
4.9920983e-05
4.4440539e-05
3.9549656e-05
3.5185945e-05
3.1293279e-05
2.7821154e-05
2.472421e-05
2.196171e-05
1.9497119e-05
1.7297678e-05
1.5334038e-05
1.3579915e-05
1.2011784e-05
1.060859e-05
9.3514952e-06
8.2236504e-06
7.2099712e-06
6.2969674e-06
5.4725602e-06
4.7259194e-06
4.0473602e-06
3.4281476e-06
2.860459e-06
2.3372282e-06
1.8520906e-06
1.3993184e-06
9.7374753e-07
5.7071954e-07
1.8604606e-07
0.00062821428
0.00056625351
0.0005099813
0.00045893395
0.00041267711
0.00037080543
0.00033294217
0.00029873779
0.00026786872
0.000240036
0.00021496385
0.00019239839
0.00017210625
0.00015387331
0.00013750344
0.00012281722
0.00010965088
9.7855033e-05
8.7293742e-05
7.7843373e-05
6.9391748e-05
6.1837107e-05
5.5087376e-05
4.9059241e-05
4.3677498e-05
3.8874263e-05
3.458839e-05
3.0764807e-05
2.7353999e-05
2.4311461e-05
2.1597239e-05
1.9175486e-05
1.7014062e-05
1.5084168e-05
1.3360012e-05
1.1818506e-05
1.0438983e-05
9.2029561e-06
8.0938758e-06
7.0969428e-06
6.1989064e-06
5.3878996e-06
4.6533093e-06
3.985587e-06
3.3761848e-06
2.8173957e-06
2.3022753e-06
1.8245832e-06
1.3786786e-06
9.5948316e-07
5.6242051e-07
1.8336371e-07
0.00068176528
0.00061509068
0.00055446687
0.0004994075
0.0004494574
0.00040419131
0.00036321315
0.00032615471
0.00029267446
0.00026245624
0.00023520788
0.00021065988
0.00018856411
0.00016869248
0.00015083569
0.00013480198
0.00012041599
0.00010751754
9.5960598e-05
8.5612182e-05
7.6351419e-05
6.8068533e-05
6.0664025e-05
5.4047768e-05
4.8138278e-05
4.286193e-05
3.815231e-05
3.3949548e-05
3.0199746e-05
2.6854419e-05
2.3869991e-05
2.1207338e-05
1.883135e-05
1.6710549e-05
1.4816721e-05
1.3124601e-05
1.1611562e-05
1.0257359e-05
9.0438669e-06
7.9548728e-06
6.9758642e-06
6.093852e-06
5.2972118e-06
4.575516e-06
3.9194214e-06
3.3205269e-06
2.7712694e-06
2.2648518e-06
1.7951325e-06
1.3565867e-06
9.4422335e-07
5.5354525e-07
1.8049635e-07
0.00073732261
0.00066585844
0.0006008002
0.00054164294
0.00048791124
0.00043916075
0.00039497697
0.000354974
0.00031879323
0.000286102
0.00025659236
0.00022997969
0.00020600144
0.00018441583
0.00016500061
0.00014755179
0.00013188247
0.00011782167
0.00010521326
9.39148e-05
8.3796624e-05
7.4740806e-05
6.6640269e-05
5.9397912e-05
5.2925795e-05
4.7144374e-05
4.1981785e-05
3.7373178e-05
3.3260094e-05
2.9589888e-05
2.6315201e-05
2.3393462e-05
2.0786442e-05
1.845983e-05
1.6382859e-05
1.4527951e-05
1.2870404e-05
1.1388096e-05
1.0061225e-05
8.8720684e-06
7.8047651e-06
6.8451186e-06
5.980423e-06
5.199298e-06
4.4915437e-06
3.8480086e-06
3.2604628e-06
2.721512e-06
2.2244849e-06
1.7633804e-06
1.3327767e-06
9.2778505e-07
5.4398815e-07
1.7741095e-07
0.00071771673
0.00064824614
0.00058499506
0.0005274732
0.00047521932
0.00042780235
0.00038482029
0.00034589898
0.00031069071
0.00027887293
0.00025014692
0.00022423662
0.00020088731
0.00017986436
0.00016095208
0.00014395244
0.00012868399
0.0001149807
0.00010269088
9.1676185e-05
8.1810586e-05
7.2979473e-05
6.5078746e-05
5.8013987e-05
5.1699661e-05
4.6058388e-05
4.1020237e-05
3.6522096e-05
3.2507052e-05
2.8923848e-05
2.5726358e-05
2.287312e-05
2.0326881e-05
1.8054213e-05
1.6025122e-05
1.4212732e-05
1.2592951e-05
1.1144214e-05
9.8472016e-06
8.6846301e-06
7.6410221e-06
6.7025276e-06
5.8567468e-06
5.0925681e-06
4.4000392e-06
3.7702104e-06
3.1950585e-06
2.6673437e-06
2.1805642e-06
1.7288462e-06
1.3068965e-06
9.0992361e-07
5.336128e-07
1.7406321e-07
0.00069561933
0.000628416
0.00056721697
0.00051154951
0.00046096923
0.00041506086
0.00037343639
0.00033573566
0.00030162368
0.0002707895
0.00024294512
0.00021782424
0.00019518113
0.00017478939
0.00015644078
0.00013994413
0.00012512417
0.0001118205
9.988653e-05
8.9188517e-05
7.9604599e-05
7.1023906e-05
6.3345714e-05
5.6478624e-05
5.033983e-05
4.4854373e-05
3.9954516e-05
3.5579079e-05
3.1672901e-05
2.8186265e-05
2.5074442e-05
2.2297187e-05
1.9818362e-05
1.7605501e-05
1.5629496e-05
1.3864226e-05
1.2286299e-05
1.0874751e-05
9.6108134e-06
8.4776807e-06
7.4603057e-06
6.5452246e-06
5.7203668e-06
4.9749372e-06
4.2992293e-06
3.6845547e-06
3.1230775e-06
2.6077698e-06
2.132284e-06
1.6909106e-06
1.2784805e-06
8.9032938e-07
5.2223645e-07
1.7039492e-07
0.00067032407
0.00060573269
0.00054689579
0.00049336144
0.00044470532
0.00040053256
0.00036046615
0.00032416474
0.00029130851
0.00026160009
0.00023476387
0.00021054497
0.00018870806
0.00016903627
0.00015133006
0.00013540614
0.00012109645
0.00010824707
9.6717321e-05
8.6378766e-05
7.7114333e-05
6.8817478e-05
6.1391338e-05
5.4748012e-05
4.8807784e-05
4.349851e-05
3.8754919e-05
3.4518083e-05
3.0734799e-05
2.7357143e-05
2.4341936e-05
2.1650363e-05
1.924751e-05
1.7102041e-05
1.518582e-05
1.3473613e-05
1.1942782e-05
1.0573075e-05
9.3463219e-06
8.2462656e-06
7.2583578e-06
6.3695475e-06
5.5681704e-06
4.843742e-06
4.1868885e-06
3.5891564e-06
3.0429795e-06
2.5415178e-06
2.0786368e-06
1.6487834e-06
1.2469517e-06
8.6859965e-07
5.0963e-07
1.6633229e-07
0.00064107242
0.00057951298
0.00052341579
0.00047235283
0.00042592296
0.00038374919
0.00034548776
0.00031080895
0.00027940856
0.00025100467
0.00022533615
0.00020216136
0.00018125718
0.00016241783
0.00014545395
0.00013019146
0.00011647068
0.00010414529
9.3081502e-05
8.3157048e-05
7.4260475e-05
6.6290229e-05
5.9153992e-05
5.2767865e-05
4.7055788e-05
4.1948812e-05
3.7384588e-05
3.3306731e-05
2.9664367e-05
2.6411587e-05
2.3507066e-05
2.091358e-05
1.8597682e-05
1.6529294e-05
1.4681446e-05
1.3029908e-05
1.1552878e-05
1.0231017e-05
9.0466695e-06
7.984316e-06
7.0299461e-06
6.1710389e-06
5.3963317e-06
4.6957657e-06
4.0602784e-06
3.4817531e-06
2.9528721e-06
2.4670619e-06
2.0183908e-06
1.6015178e-06
1.2115981e-06
8.4425269e-07
4.9551323e-07
1.6178473e-07
0.0006069373
0.00054891879
0.00049602398
0.00044785244
0.00040402978
0.00036420567
0.00032805359
0.00029526842
0.00026556639
0.0002386841
0.00021437727
0.00019241985
0.00017260289
0.00015473366
0.00013863455
0.00012414232
0.00011110711
9.9391525e-05
8.8869766e-05
7.9426879e-05
7.0957911e-05
6.3367218e-05
5.656772e-05
5.0480268e-05
4.5032994e-05
4.016074e-05
3.5804501e-05
3.1910908e-05
2.8431759e-05
2.5323548e-05
2.2547066e-05
2.0066982e-05
1.7851523e-05
1.5872104e-05
1.4103045e-05
1.2521286e-05
1.1106226e-05
9.8391802e-06
8.7037035e-06
7.6847849e-06
6.7690481e-06
5.9445248e-06
5.2004695e-06
4.5272734e-06
3.9162783e-06
3.3597165e-06
2.8506053e-06
2.3826312e-06
1.950146e-06
1.5480138e-06
1.1716111e-06
8.167307e-07
4.7956225e-07
1.56648e-07
0.00056722846
0.0005133119
0.00046412765
0.00041930799
0.00037850904
0.00034140905
0.00030770761
0.00027712453
0.00024939902
0.00022428872
0.00020156879
0.00018103097
0.00016248267
0.00014574609
0.00013065737
0.00011706571
0.00010483247
9.3830523e-05
8.3943388e-05
7.5064527e-05
6.7096583e-05
5.9950743e-05
5.3546042e-05
4.7808824e-05
4.267211e-05
3.8075143e-05
3.3962816e-05
3.0285283e-05
2.6997452e-05
2.4058634e-05
2.1432096e-05
1.9084748e-05
1.6986785e-05
1.5111385e-05
1.3434441e-05
1.1934276e-05
1.0591466e-05
9.3885046e-06
8.3097679e-06
7.3411646e-06
6.4701149e-06
5.6853076e-06
4.9765976e-06
4.334932e-06
3.7520703e-06
3.2207391e-06
2.7342514e-06
2.2866824e-06
1.8726606e-06
1.487313e-06
1.1262787e-06
7.8554074e-07
4.6149219e-07
1.5082837e-07
0.00052148567
0.00047225465
0.00042731291
0.00038633006
0.00034899629
0.00031502183
0.00028413589
0.00025608593
0.00023063672
0.00020756955
0.00018668137
0.00016778398
0.00015070324
0.00013527822
0.00012136057
0.00010881355
9.751152e-05
8.733904e-05
7.8190307e-05
6.9968389e-05
6.2584639e-05
5.5958027e-05
5.0014613e-05
4.4686979e-05
3.9913764e-05
3.5639204e-05
3.1812685e-05
2.8388385e-05
2.5324814e-05
2.2584535e-05
2.0133695e-05
1.7941835e-05
1.5981426e-05
1.4227758e-05
1.2658508e-05
1.1253678e-05
9.9952257e-06
8.8669815e-06
7.8544131e-06
6.9444462e-06
6.1254256e-06
5.3867586e-06
4.7191286e-06
4.1139442e-06
3.5636972e-06
3.061462e-06
2.6010655e-06
2.1769863e-06
1.7841306e-06
1.4180424e-06
1.0745627e-06
7.4998093e-07
4.4089083e-07
1.4419209e-07
0.00051777269
0.00046966789
0.0004256773
0.0003854889
0.00034881158
0.00031537265
0.00028491693
0.00025720596
0.00023201722
0.00020914339
0.00018839158
0.0001695826
0.00015255028
0.00013714076
0.00012321178
0.00011063204
9.9280542e-05
8.9045918e-05
7.9825836e-05
7.1526362e-05
6.4061346e-05
5.7351851e-05
5.1325584e-05
4.5916418e-05
4.106391e-05
3.6712939e-05
3.2813307e-05
2.931944e-05
2.619001e-05
2.3387655e-05
2.0878596e-05
1.863237e-05
1.6621468e-05
1.482111e-05
1.3208938e-05
1.1764824e-05
1.0470626e-05
9.3100239e-06
8.2683321e-06
7.3323358e-06
6.4901788e-06
5.7311774e-06
5.0457747e-06
4.4253435e-06
3.8621663e-06
3.3492662e-06
2.8803626e-06
2.4497986e-06
2.052458e-06
1.6837431e-06
1.3395019e-06
1.0159538e-06
7.0967634e-07
4.1753235e-07
1.3666246e-07
0.00045404943
0.0004122317
0.00037396055
0.00033896868
0.00030700674
0.0002778412
0.00025125349
0.00022703929
0.00020500792
0.00018498159
0.00016679487
0.00015029399
0.00013533626
0.0001217895
0.00010953144
9.8449158e-05
8.8438553e-05
7.9403752e-05
7.1256609e-05
6.3916104e-05
5.7307836e-05
5.1363444e-05
4.6020145e-05
4.1220262e-05
3.6910901e-05
3.3043629e-05
2.9574271e-05
2.6462654e-05
2.3672405e-05
2.1170649e-05
1.8927756e-05
1.6917003e-05
1.5114325e-05
1.3498003e-05
1.2048468e-05
1.0748041e-05
9.5808027e-06
8.53236e-06
7.589785e-06
6.741377e-06
5.976663e-06
5.2861525e-06
4.6613714e-06
4.0946523e-06
3.579103e-06
3.1085379e-06
2.677295e-06
2.2803706e-06
1.9131308e-06
1.5715065e-06
1.2517458e-06
9.5048857e-07
6.6465441e-07
3.9142963e-07
1.2824122e-07
0.00038530635
0.00035015342
0.0003179558
0.00028849217
0.00026155607
0.00023695414
0.0002145054
0.00019404064
0.00017540189
0.00015844184
0.00014302334
0.0001290189
0.00011631014
0.00010478738
9.4349134e-05
8.4901671e-05
7.635855e-05
6.8640197e-05
6.1673383e-05
5.5390791e-05
4.9730417e-05
4.4635152e-05
4.0052197e-05
3.5932808e-05
3.2231891e-05
2.8908009e-05
2.5923144e-05
2.3242812e-05
2.0835759e-05
1.8673978e-05
1.6732241e-05
1.4988025e-05
1.342099e-05
1.2012937e-05
1.0747342e-05
9.6093849e-06
8.5855653e-06
7.6637702e-06
6.832975e-06
6.0832714e-06
5.4057009e-06
4.7921562e-06
4.2354039e-06
3.7288108e-06
3.2665323e-06
2.8431269e-06
2.4538246e-06
2.0941683e-06
1.7602585e-06
1.4484837e-06
1.1556614e-06
8.7884992e-07
6.1540029e-07
3.6286613e-07
1.1901796e-07
0.00031314929
0.00028486181
0.00025893144
0.00023518278
0.00021345213
0.00019358623
0.00017544159
0.00015888408
0.00014378841
0.00013003775
0.00011752332
0.00010614392
9.5805656e-05
8.6421456e-05
7.7910825e-05
7.0199399e-05
6.3218719e-05
5.6905728e-05
5.1202543e-05
4.6055796e-05
4.1416367e-05
3.7238594e-05
3.3480077e-05
3.0101034e-05
2.7064423e-05
2.4335667e-05
2.1883072e-05
1.9677686e-05
1.7693626e-05
1.5907709e-05
1.4299503e-05
1.2850738e-05
1.154527e-05
1.0368505e-05
9.307419e-06
8.3501227e-06
7.4859336e-06
6.7050776e-06
5.9987438e-06
5.3589033e-06
4.7782976e-06
4.250369e-06
3.7691494e-06
3.3293343e-06
2.9259681e-06
2.554772e-06
2.2115911e-06
1.8929462e-06
1.5954382e-06
1.3162172e-06
1.0525822e-06
8.0216171e-07
5.6275665e-07
3.3236378e-07
1.0916517e-07
0.00023952103
0.0002181034
0.0001984549
0.00018044468
0.00016395057
0.0001488582
0.00013506046
0.00012245724
0.00011095504
0.00010046665
9.0910842e-05
8.2212113e-05
7.4300331e-05
6.7110584e-05
6.0582803e-05
5.4661696e-05
4.9296315e-05
4.4440007e-05
4.0049869e-05
3.6086559e-05
3.2513578e-05
2.9296938e-05
2.6404428e-05
2.3805497e-05
2.1470909e-05
1.937318e-05
1.7486641e-05
1.578811e-05
1.4256795e-05
1.2874633e-05
1.162576e-05
1.0496517e-05
9.4747663e-06
8.5498742e-06
7.7121645e-06
6.9529936e-06
6.2643912e-06
5.6391562e-06
5.0706757e-06
4.5529001e-06
4.0804012e-06
3.6480745e-06
3.2515509e-06
2.8865343e-06
2.5494725e-06
2.2368005e-06
1.945512e-06
1.6727309e-06
1.4159363e-06
1.1728579e-06
9.4148219e-07
7.1997554e-07
5.0667495e-07
3.0004349e-07
9.875223e-08
0.00016649815
0.00015176068
0.00013823035
0.00012581842
0.00011444197
0.00010402332
9.4489779e-05
8.5773362e-05
7.7810615e-05
7.0542314e-05
6.3913356e-05
5.7872454e-05
5.237208e-05
4.7368179e-05
4.2820145e-05
3.8690574e-05
3.4945245e-05
3.1552829e-05
2.8484799e-05
2.5714918e-05
2.3218976e-05
2.0974019e-05
1.8958075e-05
1.7149536e-05
1.5527368e-05
1.4071126e-05
1.276169e-05
1.1581575e-05
1.0515491e-05
9.5502543e-06
8.6747929e-06
7.8796692e-06
7.1568456e-06
6.4992485e-06
5.9005783e-06
5.3551297e-06
4.8576208e-06
4.4032761e-06
3.9875588e-06
3.6064471e-06
3.2560706e-06
2.9330279e-06
2.6341127e-06
2.3564253e-06
2.0973289e-06
1.8543555e-06
1.6252418e-06
1.4079747e-06
1.2006567e-06
1.0017483e-06
8.0983348e-07
6.2371871e-07
4.420043e-07
2.6351163e-07
8.7136496e-08
9.6077464e-05
8.7658398e-05
7.9923444e-05
7.2822649e-05
6.6309198e-05
6.0339265e-05
5.4871818e-05
4.9868519e-05
4.5293551e-05
4.1113528e-05
3.729735e-05
3.3816118e-05
3.064302e-05
2.7753268e-05
2.5124002e-05
2.2734279e-05
2.0564956e-05
1.8598699e-05
1.6819757e-05
1.5213833e-05
1.3767658e-05
1.2468615e-05
1.1304279e-05
1.0262112e-05
9.3294371e-06
8.4936649e-06
7.7427872e-06
7.0658573e-06
6.4533709e-06
5.8973626e-06
5.3913203e-06
4.9298917e-06
4.5086387e-06
4.12371e-06
3.7717194e-06
3.4495434e-06
3.1543107e-06
2.883331e-06
2.6340631e-06
2.4041747e-06
2.1914114e-06
1.9937465e-06
1.8092399e-06
1.6360755e-06
1.4726315e-06
1.3172293e-06
1.1684483e-06
1.0248228e-06
8.8514727e-07
7.4846132e-07
6.1435043e-07
4.828945e-07
3.4967462e-07
2.140296e-07
7.198296e-08
3.2820299e-05
2.9996932e-05
2.7399038e-05
2.5010362e-05
2.2815706e-05
2.0800832e-05
1.89524e-05
1.7257926e-05
1.5705742e-05
1.428495e-05
1.2985389e-05
1.1797594e-05
1.0712768e-05
9.7227494e-06
8.8199893e-06
7.997533e-06
7.2490075e-06
6.5686182e-06
5.9511312e-06
5.3918504e-06
4.8865422e-06
4.4313184e-06
4.0224711e-06
3.656285e-06
3.3289166e-06
3.036348e-06
2.7745018e-06
2.5394173e-06
2.3274803e-06
2.1355653e-06
1.9611045e-06
1.8020337e-06
1.6567092e-06
1.5237788e-06
1.4021005e-06
1.2906538e-06
1.1885091e-06
1.0947935e-06
1.0086779e-06
9.2938436e-07
8.5615328e-07
7.8828607e-07
7.2508615e-07
6.659114e-07
6.1012508e-07
5.5710007e-07
5.0622154e-07
4.5685604e-07
4.0838907e-07
3.6040062e-07
3.1317637e-07
2.7078558e-07
2.5428576e-07
2.0409294e-07
1.4488519e-07
5.240757e-08
)
;

boundaryField
{
    inletLow
    {
        type            calculated;
        value           nonuniform List<scalar> 0();
    }
    inletJet
    {
        type            calculated;
        value           nonuniform List<scalar> 0();
    }
    inletHigh
    {
        type            calculated;
        value           nonuniform List<scalar> 0();
    }
    outlet
    {
        type            calculated;
        value           uniform 0;
    }
    upperWall
    {
        type            calculated;
        value           nonuniform List<scalar> 
56
(
0
0
0
0
0
0
0
0
0
0
0
0
0
0
0
0
0
0
0
0
0
0
0
0
0
0
0
0
0
0
0
0
0
0
0
0
0
0
0
0
0
0
0
0
0
0
0
0
0
0
0
0
2.5428576e-07
2.0409294e-07
1.4488519e-07
5.240757e-08
)
;
    }
    lowerWall
    {
        type            calculated;
        value           nonuniform List<scalar> 0();
    }
    frontAndBack
    {
        type            empty;
    }
    procBoundary1to0
    {
        type            processor;
        value           nonuniform List<scalar> 
80
(
0.00027783216
0.00027783844
0.00027780684
0.00027773103
0.00027773103
0.00031046137
0.00031034609
0.00031020188
0.00031001015
0.00031001015
0.00034620095
0.00034591994
0.00034591994
0.0003859911
0.00038558858
0.00038558858
0.00042984142
0.00042927346
0.00042927346
0.00047803053
0.00047724844
0.00047724844
0.00053083071
0.00052977972
0.00052860856
0.00052730056
0.00052730056
0.00058536272
0.00064904155
0.00058361994
0.00058361994
0.00071887198
0.00071887198
0.00079531494
0.00079227405
0.00078898553
0.00078543065
0.00078159539
0.00077746746
0.00077303503
0.00076828659
0.0007632107
0.00075779637
0.00075203276
0.00074590966
0.00073941719
0.00073254617
0.00072528771
0.00071763327
0.00070957426
0.00070110099
0.00069220229
0.00068286239
0.00067305932
0.00066275881
0.00065190786
0.00064042493
0.00064042493
0.00069637576
0.00069637576
0.00075503881
0.00075503881
0.00081576898
0.00079394929
0.0007693431
0.00074115987
0.00070855511
0.00067050646
0.00062626817
0.00057536065
0.00057536065
0.0005703125
0.00049968657
0.00042363878
0.00034397033
0.00026283853
0.00018253093
0.00010522992
0.00010522992
3.5884055e-05
)
;
    }
    procBoundary1to4
    {
        type            processor;
        value           nonuniform List<scalar> 
41
(
0.00024843443
0.00022200864
0.00019828016
0.00017698817
0.00015789838
0.00014079668
0.00012548757
0.00011179287
9.9550492e-05
8.861319e-05
7.884743e-05
7.0132285e-05
6.2358404e-05
5.542703e-05
4.9249091e-05
4.3744349e-05
3.88406e-05
3.4472941e-05
3.0583087e-05
2.711875e-05
2.4033053e-05
2.1284009e-05
1.8834031e-05
1.6649494e-05
1.470033e-05
1.2959662e-05
1.1403471e-05
1.0010297e-05
8.7609637e-06
7.6383312e-06
6.627077e-06
5.7134928e-06
4.8853065e-06
4.1315199e-06
3.4422662e-06
2.8086805e-06
2.222788e-06
1.6774012e-06
1.1660319e-06
6.828086e-07
2.2239255e-07
)
;
    }
}


// ************************************************************************* //
