/*--------------------------------*- C++ -*----------------------------------*\
| =========                 |                                                 |
| \\      /  F ield         | OpenFOAM: The Open Source CFD Toolbox           |
|  \\    /   O peration     | Version:  2312                                  |
|   \\  /    A nd           | Website:  www.openfoam.com                      |
|    \\/     M anipulation  |                                                 |
\*---------------------------------------------------------------------------*/
FoamFile
{
    version     2.0;
    format      ascii;
    arch        "LSB;label=32;scalar=64";
    class       volScalarField;
    location    "0.07";
    object      CO2;
}
// * * * * * * * * * * * * * * * * * * * * * * * * * * * * * * * * * * * * * //

dimensions      [0 0 0 0 0 0 0];

internalField   nonuniform List<scalar> 
3221
(
3.8511575e-05
0.00011862821
0.00020086849
0.00028444145
0.00036858965
0.0004526418
0.00053604975
0.00061840819
0.00069945634
0.00077905567
0.00085709683
0.00093306451
0.0010037848
0.0010515117
0.00098153403
0.00093695545
0.00093569485
0.00091424698
0.00090832549
0.00089380594
0.00088716425
0.00087795286
0.00087332417
0.00086869034
0.00086706912
0.00086641391
0.00086789648
0.00087055244
0.000874794
0.00088012991
0.00088666182
0.00089410917
0.00090245371
0.00091152768
0.00092126059
0.00093153274
0.00094227495
0.0009533971
0.00096482841
0.0009764985
0.00098834959
0.0010003274
0.0010123856
0.0010244857
0.0010366041
0.0010487445
0.0010610222
0.0010741209
0.0010918753
0.0011358878
0.0013282602
0.0014866562
4.0416413e-05
0.00012456296
0.00021110655
0.00029929917
0.00038841622
0.0004778076
0.00056693389
0.00065538666
0.00074289321
0.00082930627
0.00091457102
0.00099862431
0.0010810426
0.0011599114
0.0012298532
0.0012959803
0.0013631945
0.0014255864
0.001488005
0.0015471299
0.0016062828
0.0016636312
0.0017211495
0.0017778629
0.0018348454
0.0018915728
0.00194854
0.0020054345
0.0020624554
0.0021193948
0.0021762977
0.0022330126
0.0022895166
0.0023456948
0.002401496
0.0024568265
0.0025116234
0.0025658029
0.0026192969
0.0026720315
0.002723944
0.002774974
0.0028250716
0.0028741933
0.002922307
0.002969394
0.0030154751
0.003060722
0.0031059109
0.0031539249
0.0032123747
0.0032748042
4.3897878e-05
0.00013540033
0.00022977457
0.00032634599
0.00042445048
0.00052347924
0.00062291249
0.00072234006
0.00082146882
0.00092011873
0.0010182091
0.0011157325
0.0012127019
0.0013090555
0.0014045722
0.0014995726
0.001594585
0.0016893342
0.0017843847
0.0018795681
0.0019753834
0.0020717205
0.002168922
0.0022668796
0.0023657579
0.0024654162
0.0025658629
0.0026669198
0.0027684964
0.0028703976
0.0029724818
0.0030745551
0.0031764589
0.003278013
0.003379061
0.0034794376
0.0035789916
0.0036775686
0.0037750243
0.0038712182
0.0039660215
0.0040593143
0.0041509904
0.004240954
0.0043291218
0.0044154201
0.0044997886
0.0045821927
0.0046626749
0.0047414757
0.0048191774
0.0048958316
4.8567733e-05
0.00014993309
0.00025478514
0.00036253338
0.00047258595
0.00058438608
0.00069744151
0.00081134406
0.00092577889
0.0010405245
0.0011554463
0.0012704852
0.0013856425
0.001500964
0.0016165263
0.0017324658
0.0018489582
0.0019661396
0.002084205
0.0022032897
0.0023235701
0.0024451416
0.0025681143
0.0026925103
0.0028183451
0.0029455554
0.0030740626
0.0032037298
0.0033344094
0.0034659183
0.0035980698
0.0037306594
0.0038634843
0.0039963353
0.0041290072
0.0042612934
0.0043929909
0.0045238978
0.0046538175
0.0047825586
0.0049099387
0.0050357851
0.0051599368
0.0052822443
0.0054025694
0.0055207838
0.0056367673
0.0057504061
0.0058615948
0.0059702433
0.0060763009
0.0061797724
5.40903e-05
0.00016711756
0.00028433536
0.00040523229
0.00052928634
0.00065599295
0.00078488938
0.00091557222
0.0010477073
0.0011810323
0.0013153545
0.0014505442
0.0015865273
0.001723277
0.001860806
0.0019991606
0.0021384132
0.0022786487
0.0024199629
0.0025624476
0.0027061892
0.0028512515
0.0029976781
0.0031454764
0.0032946246
0.0034450624
0.0035967002
0.0037494165
0.0039030682
0.0040574914
0.0042125094
0.004367934
0.0045235713
0.0046792221
0.0048346852
0.0049897574
0.0051442358
0.0052979176
0.0054506027
0.0056020949
0.0057522042
0.0059007478
0.0060475522
0.0061924528
0.0063352944
0.0064759301
0.0066142198
0.0067500281
0.0068832219
0.0070136687
0.0071412412
0.0072658517
6.0231336e-05
0.00018622572
0.00031716843
0.00045261209
0.00059209231
0.00073514866
0.00088134395
0.0010302792
0.0011816034
0.0013350174
0.0014902743
0.0016471762
0.0018055699
0.0019653416
0.0021264114
0.0022887275
0.0024522611
0.0026169982
0.0027829346
0.0029500688
0.0031183959
0.0032879005
0.0034585521
0.0036303003
0.003803073
0.0039767751
0.0041512901
0.0043264814
0.0045021964
0.0046782687
0.0048545226
0.0050307747
0.0052068371
0.0053825186
0.0055576268
0.0057319686
0.0059053518
0.0060775856
0.0062484825
0.0064178592
0.006585538
0.0067513483
0.0069151271
0.0070767198
0.0072359796
0.0073927675
0.0075469508
0.0076984021
0.0078469971
0.0079926134
0.0081351294
0.0082744389
6.6857915e-05
0.00020684524
0.00035257449
0.00050364263
0.00065962571
0.00082009415
0.00098462772
0.001152828
0.0013243271
0.0014987922
0.0016759274
0.0018554727
0.0020372016
0.0022209185
0.0024064543
0.0025936634
0.0027824189
0.0029726069
0.003164123
0.0033568678
0.0035507416
0.0037456401
0.0039414507
0.00413805
0.0043353017
0.0045330565
0.0047311525
0.0049294167
0.0051276669
0.0053257142
0.0055233654
0.0057204244
0.0059166948
0.0061119805
0.0063060873
0.0064988241
0.0066900034
0.0068794422
0.0070669636
0.0072523966
0.0074355783
0.0076163534
0.0077945754
0.0079701065
0.0081428174
0.0083125867
0.0084793
0.0086428492
0.0088031309
0.0089600453
0.0091134948
0.0092633863
7.3913912e-05
0.00022880369
0.00039025995
0.00055790383
0.00073133324
0.00091013397
0.0010938914
0.0012822005
0.0014746734
0.0016709441
0.0018706704
0.0020735349
0.0022792436
0.0024875249
0.0026981271
0.0029108169
0.0031253752
0.0033415929
0.0035592703
0.0037782128
0.0039982279
0.004219122
0.0044406984
0.0046627557
0.0048850868
0.005107479
0.0053297144
0.0055515713
0.0057728257
0.0059932534
0.0062126312
0.006430739
0.0066473608
0.006862286
0.0070753103
0.0072862367
0.0074948764
0.0077010491
0.007904584
0.00810532
0.0083031063
0.0084978024
0.0086892787
0.0088774156
0.0090621033
0.0092432413
0.0094207372
0.009594506
0.0097644688
0.0099305519
0.010092685
0.0102508
8.1392004e-05
0.00025208138
0.00043019641
0.00061536394
0.00080718602
0.0010052482
0.0012091286
0.0014184065
0.0016326679
0.0018515105
0.0020745456
0.0023013993
0.0025317129
0.0027651423
0.0030013572
0.0032400407
0.0034808846
0.0037235893
0.0039678632
0.0042134193
0.0044599739
0.0047072451
0.0049549515
0.0052028116
0.0054505442
0.0056978685
0.0059445051
0.0061901773
0.0064346129
0.0066775452
0.0069187152
0.0071578726
0.0073947767
0.0076291979
0.0078609182
0.0080897321
0.0083154468
0.0085378833
0.0087568758
0.0089722724
0.0091839349
0.0093917384
0.0095955709
0.0097953332
0.0099909373
0.010182306
0.010369372
0.010552076
0.010730365
0.010904195
0.011073523
0.011238313
8.9312298e-05
0.00027674463
0.00047250456
0.00067620858
0.00088744691
0.00110579
0.0013307959
0.001562017
0.0017990053
0.0020413159
0.0022885097
0.002540154
0.0027958239
0.0030551025
0.0033175814
0.0035828598
0.0038505411
0.004120236
0.004391561
0.0046641373
0.0049375899
0.0052115478
0.0054856438
0.0057595148
0.0060328031
0.0063051571
0.0065762327
0.0068456951
0.0071132206
0.0073784977
0.0076412293
0.0079011334
0.0081579441
0.0084114126
0.0086613076
0.0089074161
0.0091495436
0.0093875139
0.0096211693
0.0098503698
0.010074993
0.010294932
0.010510098
0.010720414
0.010925819
0.011126263
0.011321706
0.01151212
0.011697482
0.011877778
0.012052997
0.012223134
9.7709355e-05
0.00030290522
0.00051738349
0.00074073652
0.00097252859
0.0012123012
0.0014595792
0.0017138768
0.0019747017
0.0022415581
0.0025139487
0.0027913764
0.0030733449
0.0033593602
0.0036489322
0.0039415709
0.0042367891
0.0045341049
0.0048330401
0.005133121
0.0054338788
0.0057348509
0.0060355815
0.0063356238
0.006634541
0.0069319087
0.0072273167
0.0075203709
0.0078106956
0.0080979351
0.0083817551
0.0086618439
0.0089379128
0.0092096971
0.0094769564
0.0097394748
0.0099970606
0.010249546
0.010496787
0.010738661
0.010975066
0.011205922
0.011431166
0.011650751
0.011864646
0.012072835
0.012275313
0.012472082
0.012663158
0.012848559
0.013028311
0.013202442
0.00010662559
0.00033069979
0.00056507494
0.0008093072
0.0010629221
0.0013254192
0.0015962773
0.0018749601
0.0021609191
0.0024535967
0.0027524279
0.0030568414
0.0033662609
0.0036801083
0.0039978012
0.0043187541
0.004642383
0.0049681061
0.0052953443
0.0056235231
0.0059520749
0.0062804406
0.0066080722
0.0069344356
0.0072590131
0.0075813061
0.0079008379
0.008217156
0.0085298346
0.0088384764
0.0091427142
0.009442211
0.0097366609
0.01002579
0.010309355
0.010587144
0.010858978
0.011124704
0.011384198
0.011637366
0.011884133
0.012124451
0.012358292
0.012585646
0.01280652
0.013020936
0.013228929
0.013430541
0.013625827
0.013814844
0.013997655
0.014174331
0.00011610823
0.00036028055
0.00061584743
0.00088231792
0.0011591669
0.0014458391
0.0017417544
0.0020463125
0.0023588959
0.0026788722
0.0030055955
0.0033384081
0.0036766427
0.0040196229
0.0043666621
0.0047170699
0.0050701542
0.0054252228
0.0057815864
0.0061385614
0.0064954735
0.0068516613
0.0072064798
0.0075593043
0.0079095341
0.0082565964
0.008599949
0.008939084
0.0092735297
0.0096028529
0.0099266596
0.010244595
0.010556345
0.010861635
0.011160229
0.011451931
0.011736579
0.01201405
0.01228425
0.012547119
0.012802621
0.01305075
0.01329152
0.013524965
0.013751138
0.013970106
0.014181948
0.014386755
0.014584622
0.014775651
0.01495995
0.015137628
0.00012620828
0.00039181217
0.00066999127
0.00096019717
0.0012618423
0.001574304
0.0018969294
0.0022290397
0.0025699335
0.0029188881
0.0032751616
0.0036379948
0.0040066124
0.0043802222
0.0047580203
0.0051391963
0.005522935
0.0059084205
0.0062948409
0.0066813929
0.0070672866
0.0074517509
0.0078340387
0.0082134317
0.0085892456
0.0089608344
0.0093275944
0.009688967
0.010044442
0.010393558
0.010735906
0.011071121
0.011398894
0.01171896
0.012031105
0.012335157
0.01263099
0.012918516
0.013197686
0.013468484
0.013730926
0.013985053
0.014230931
0.014468649
0.014698311
0.014920036
0.015133955
0.015340208
0.015538941
0.015730303
0.015914446
0.016091525
0.00013698013
0.00042547079
0.00072781733
0.0010434035
0.0013715675
0.0017116057
0.0020627777
0.0024243102
0.0027954007
0.0031752183
0.0035629068
0.003957586
0.0043583501
0.0047642734
0.0051744163
0.0055878281
0.0060035527
0.0064206343
0.0068381235
0.0072550847
0.0076706022
0.008083788
0.0084937881
0.0088997891
0.0093010241
0.009696778
0.010086391
0.010469264
0.010844856
0.011212693
0.011572359
0.011923497
0.012265814
0.012599073
0.012923092
0.013237742
0.013542944
0.013838662
0.014124901
0.014401704
0.014669144
0.014927326
0.015176375
0.015416441
0.015647686
0.01587029
0.01608444
0.016290331
0.016488162
0.016678133
0.016860445
0.017035298
0.00014848144
0.00046144397
0.00078965726
0.0011324267
0.0014890035
0.0018585886
0.0022403375
0.0026333644
0.0030367453
0.0034495208
0.003870698
0.0042992485
0.0047341137
0.0051742121
0.005618443
0.0060656927
0.0065148427
0.0069647778
0.0074143945
0.007862611
0.0083083756
0.0087506767
0.0091885503
0.0096210885
0.010047446
0.010466845
0.010878582
0.011282026
0.011676624
0.0120619
0.01243745
0.012802942
0.013158117
0.013502781
0.013836805
0.014160118
0.014472701
0.014774586
0.015065847
0.015346595
0.015616977
0.015877165
0.016127356
0.016367767
0.016598627
0.016820179
0.017032673
0.017236363
0.017431503
0.017618347
0.017797147
0.01796815
0.00016077311
0.00049993091
0.00085586442
0.0012277894
0.0016148566
0.002016155
0.0024307172
0.0028575237
0.0032955067
0.0037435528
0.0042005013
0.0046651486
0.005136257
0.0056125581
0.0060927613
0.0065755632
0.0070596578
0.0075437486
0.00802656
0.0085068499
0.0089834214
0.009455134
0.0099209138
0.010379762
0.010830764
0.011273091
0.011706007
0.012128871
0.012541134
0.012942338
0.01333211
0.013710164
0.014076296
0.014430375
0.014772344
0.015102207
0.015420024
0.015725907
0.016020014
0.016302539
0.016573708
0.016833774
0.017083012
0.017321714
0.017550182
0.017768727
0.017977664
0.018177309
0.018367976
0.018549973
0.018723602
0.01888916
0.00017391939
0.00054114293
0.00092681508
0.0013300499
0.001749882
0.0021852703
0.0026351027
0.0030982015
0.0035733277
0.0040591791
0.0045543958
0.005057568
0.0055672414
0.006081926
0.0066001078
0.0071202621
0.0076408679
0.0081604234
0.0086774625
0.0091905697
0.0096983952
0.010199669
0.010693209
0.011177938
0.011652882
0.01211718
0.012570085
0.013010965
0.013439299
0.013854669
0.01425676
0.014645355
0.015020328
0.015381634
0.015729306
0.016063442
0.016384199
0.016691787
0.016986457
0.017268498
0.017538227
0.017795988
0.018042139
0.018277053
0.018501109
0.018714691
0.018918182
0.01911196
0.0192964
0.019471865
0.019638708
0.019797277
0.00018798795
0.0005853042
0.0010029101
0.0014398046
0.0018948889
0.0023669699
0.0028547662
0.0033569127
0.003871961
0.0043983846
0.004934588
0.0054789118
0.0060296432
0.0065850296
0.0071432946
0.0077026569
0.0082613498
0.0088176424
0.0093698597
0.0099164026
0.010455765
0.010986549
0.011507479
0.012017408
0.012515327
0.013000364
0.013471788
0.013929004
0.014371543
0.014799057
0.015211318
0.015608203
0.01598969
0.016355844
0.016706808
0.017042795
0.017364074
0.017670966
0.017963831
0.018243063
0.01850908
0.01876232
0.019003234
0.019232279
0.019449916
0.019656602
0.019852789
0.020038921
0.02021543
0.020382736
0.020541243
0.020691344
0.00020305012
0.00063265269
0.0010845771
0.001557692
0.0020507451
0.0025623669
0.0030910762
0.0036352802
0.0041932817
0.0047632885
0.0053434195
0.0059317162
0.0065261577
0.0071246807
0.0077252026
0.0083256464
0.0089239683
0.009518184
0.010106395
0.010686811
0.011257774
0.011817768
0.012365437
0.012899593
0.013419216
0.013923454
0.014411625
0.014883199
0.015337794
0.015775166
0.016195202
0.016597906
0.016983382
0.01735183
0.017703527
0.018038816
0.018358096
0.018661812
0.018950445
0.019224502
0.019484511
0.01973101
0.019964546
0.020185666
0.02039491
0.020592813
0.020779895
0.020956664
0.021123607
0.021281199
0.021429894
0.021570134
0.00021918108
0.00068344138
0.0011722731
0.0016843971
0.002218385
0.0027726612
0.0033455029
0.0039350471
0.0045393019
0.005156153
0.005783376
0.0064186536
0.0070595991
0.0077037838
0.0083487694
0.0089921426
0.0096315501
0.010264733
0.01088956
0.01150405
0.0121064
0.012694999
0.013268437
0.013825512
0.014365231
0.014886801
0.015389623
0.015873271
0.016337488
0.016782171
0.017207353
0.017613194
0.017999955
0.018367992
0.018717735
0.019049676
0.01936436
0.019662367
0.019944309
0.020210813
0.020462522
0.020700081
0.020924133
0.021135314
0.021334249
0.021521549
0.021697801
0.021863569
0.022019394
0.022165806
0.022303299
0.022432382
0.00023646023
0.00073793973
0.0012664873
0.0018206572
0.0023988174
0.0029991448
0.0036196309
0.004258093
0.0049121819
0.0055793948
0.0062570946
0.0069425358
0.007632898
0.0083253257
0.0090169719
0.0097050447
0.010386852
0.011059846
0.011721655
0.012370121
0.013003317
0.013619562
0.01421743
0.01479575
0.015353596
0.015890279
0.016405324
0.016898455
0.01736958
0.017818775
0.018246256
0.018652366
0.019037551
0.019402344
0.019747348
0.020073222
0.020380665
0.020670405
0.020943191
0.021199779
0.021440927
0.021667388
0.021879904
0.022079203
0.022265992
0.022440956
0.022604745
0.022757972
0.02290122
0.023035089
0.023160069
0.023276854
0.0002549715
0.00079643547
0.0013677463
0.0019672692
0.0025931298
0.0032432138
0.0039151756
0.0046064454
0.0053142423
0.0060355951
0.0067673711
0.0075063145
0.0082490948
0.0089923615
0.0097328038
0.010467211
0.011192527
0.011905906
0.012604748
0.013286735
0.013949849
0.014592384
0.015212945
0.015810439
0.016384064
0.01693328
0.017457787
0.017957508
0.018432563
0.018883241
0.019309978
0.019713328
0.020093946
0.020452566
0.020789978
0.021107021
0.021404561
0.02168348
0.02194467
0.022189017
0.022417396
0.022630671
0.02282968
0.02301524
0.02318814
0.023349134
0.023498943
0.023638206
0.023767502
0.023887623
0.02399875
0.024102576
0.0002748038
0.00085923719
0.0014766187
0.0021250917
0.0028024992
0.0035063851
0.0042339964
0.0049822951
0.0057479785
0.0065275105
0.0073171646
0.0081130801
0.00891133
0.0097079965
0.010499249
0.011281423
0.012051083
0.012805088
0.01354063
0.01425527
0.014946945
0.015613977
0.016255061
0.016869248
0.017455911
0.018014718
0.018545603
0.019048738
0.019524497
0.019973425
0.020396205
0.020793636
0.0211666
0.02151605
0.021842981
0.022148419
0.022433405
0.022698981
0.022946183
0.023176028
0.023389511
0.0235876
0.02377123
0.023941297
0.024098672
0.024244173
0.024378625
0.024502664
0.02461662
0.024722216
0.0248174
0.024906431
0.00029605193
0.00092667763
0.0015937159
0.0022950547
0.0030282084
0.0037903092
0.004578112
0.0053880119
0.0062160745
0.007058083
0.0079096017
0.0087660568
0.0096228308
0.010475363
0.011319253
0.012150352
0.012964844
0.013759313
0.014530782
0.015276738
0.015995141
0.01668441
0.0173434
0.017971371
0.018567937
0.019133044
0.019666917
0.020170028
0.020643048
0.021086815
0.021502293
0.021890545
0.022252705
0.022589956
0.022903509
0.023194587
0.02346441
0.02371418
0.023945077
0.024158249
0.02435481
0.024535821
0.024702315
0.024855248
0.02499559
0.025124159
0.02524205
0.025349976
0.02544656
0.025535593
0.025615386
0.025689327
0.00031881781
0.00099911269
0.0017196993
0.0024781735
0.0032716568
0.0040967857
0.004949719
0.005826163
0.0067214184
0.0076304496
0.008547978
0.0094685958
0.010386894
0.011297597
0.012195687
0.01307652
0.013935913
0.014770213
0.015576331
0.016351757
0.017094547
0.017803302
0.018477117
0.019115533
0.01971849
0.020286273
0.020819462
0.021318876
0.021785529
0.022220583
0.02262531
0.023001061
0.023349235
0.023671259
0.023968565
0.024242578
0.024494693
0.024726277
0.024938655
0.025133094
0.025310824
0.025472988
0.025620729
0.025754998
0.025876977
0.02598714
0.026087378
0.026176501
0.026255992
0.02632913
0.026392843
0.026450165
0.00034320738
0.0010769262
0.0018552916
0.0026755574
0.0035343755
0.0044277826
0.0053512117
0.0062995317
0.0072671169
0.0082479506
0.0092357577
0.010224164
0.011206866
0.012177803
0.013131313
0.014062259
0.014966128
0.015839093
0.016678031
0.017480525
0.018244828
0.018969812
0.0196549
0.020300009
0.020905481
0.021472013
0.022000593
0.022492438
0.022948942
0.023371623
0.023762087
0.024121988
0.024453
0.0247568
0.025035046
0.02528936
0.025521322
0.025732452
0.025924217
0.026097985
0.026255124
0.026396781
0.026524356
0.026638456
0.02674119
0.026831044
0.026911185
0.026983312
0.027044927
0.027100189
0.027147651
0.027188585
0.00036933544
0.0011605359
0.0020012816
0.0028884225
0.0038180454
0.0047854572
0.0057852054
0.0068111385
0.0078565119
0.008914137
0.0099765707
0.01103633
0.012086117
0.01311903
0.014128749
0.015109676
0.016057031
0.016966899
0.01783623
0.01866281
0.019445195
0.020182635
0.020874988
0.021522642
0.022126418
0.022687495
0.023207324
0.023687564
0.024130023
0.024536606
0.024909268
0.025249978
0.025560691
0.025843331
0.026099786
0.026331873
0.026541361
0.026729892
0.026899103
0.027050374
0.027185371
0.027304881
0.027411321
0.027503269
0.027584537
0.027654685
0.027715304
0.027768075
0.027811904
0.027848966
0.027878718
0.027902532
0.00039732525
0.0012503967
0.0021585338
0.0031181071
0.0041245179
0.0051721816
0.0062545616
0.0073642644
0.0084931958
0.0096327772
0.010774207
0.011908749
0.013028017
0.014124231
0.015190429
0.016220614
0.017209831
0.018154194
0.019050854
0.019897928
0.020694399
0.021440017
0.022135191
0.022780869
0.023378436
0.023929614
0.024436369
0.024900843
0.025325289
0.025712017
0.026063348
0.026381573
0.026668919
0.026927553
0.027159605
0.027367062
0.027551908
0.027715811
0.027860747
0.027987719
0.028099474
0.028194712
0.028277682
0.028347793
0.028407744
0.028457305
0.028497792
0.028530486
0.028554939
0.028573288
0.028585397
0.028592006
0.00042730936
0.0013470055
0.0023280003
0.0033660898
0.0044558399
0.0055905709
0.0067624176
0.007962475
0.0091810287
0.010407862
0.01163261
0.012845141
0.014035903
0.015196232
0.016318572
0.01739662
0.018425378
0.019401135
0.020321391
0.02118474
0.021990737
0.02273977
0.023432904
0.024071749
0.024658326
0.02519496
0.025684182
0.026128647
0.026531074
0.0268942
0.027220718
0.027513246
0.027774263
0.028006155
0.028211351
0.028391886
0.028550152
0.028687426
0.028806841
0.028907236
0.028993238
0.029064439
0.029124183
0.029171754
0.029209339
0.029236854
0.029256375
0.02926859
0.029273739
0.029272988
0.029266938
0.029255989
0.0004594308
0.0014509076
0.0025107338
0.003634012
0.0048142826
0.006043517
0.0073122193
0.0086096487
0.0099241552
0.011243607
0.012555867
0.013849271
0.015113055
0.016337697
0.01751514
0.018638912
0.019704136
0.020707449
0.021646872
0.022521648
0.023332068
0.024079285
0.024765138
0.025391988
0.025962565
0.026479855
0.02694699
0.027367161
0.02774357
0.028079395
0.028377697
0.028641439
0.028873321
0.029075836
0.02925196
0.029403291
0.029533532
0.029641716
0.029732872
0.029806955
0.029867298
0.029913797
0.029948799
0.029972303
0.029986793
0.02999237
0.029990421
0.029981865
0.029967147
0.029947217
0.029922689
0.029894078
0.00049384449
0.0015627046
0.0027079051
0.0039237045
0.0052023776
0.0065342284
0.0079077594
0.0093100068
0.010727022
0.012144458
0.013548193
0.014924923
0.01626266
0.017551096
0.018781813
0.019948351
0.021046154
0.022072411
0.023025868
0.023906608
0.024715816
0.025455549
0.026128532
0.026737963
0.02728735
0.027780382
0.02822083
0.02861243
0.028958861
0.029263771
0.029530553
0.029762604
0.029962778
0.030133249
0.030278611
0.030397975
0.030497116
0.030576566
0.030639455
0.030686501
0.030719151
0.030739539
0.030749185
0.030748576
0.030739529
0.030722516
0.030698811
0.030669254
0.030634503
0.030595307
0.030552281
0.030505962
0.00053071885
0.0016830636
0.0029208229
0.0042372198
0.0056229585
0.0070662767
0.0085532213
0.010068147
0.011594397
0.013115091
0.014613925
0.01607588
0.017487783
0.018838668
0.020119949
0.021325408
0.02245104
0.023494832
0.024456488
0.025337125
0.026138983
0.026865161
0.027519375
0.02810575
0.028628618
0.029092414
0.029501583
0.029860389
0.030172948
0.030443467
0.030675527
0.03087322
0.031039573
0.031174744
0.031285901
0.031373633
0.031441696
0.031491142
0.031523589
0.031541844
0.031546986
0.031540745
0.031524446
0.031499115
0.031466126
0.031426326
0.031380718
0.031330136
0.031275283
0.031216834
0.031155374
0.031091425
0.0005702379
0.0018127288
0.0031509594
0.0045768724
0.0060792125
0.0076436521
0.0092532295
0.010889081
0.012531388
0.014160416
0.015757504
0.017305897
0.018791335
0.02020239
0.021530556
0.022770123
0.023917934
0.024973051
0.025936372
0.026810252
0.027598151
0.028304334
0.028933619
0.029491135
0.029982077
0.030411634
0.030785
0.031106911
0.031381757
0.031614673
0.031808797
0.0319697
0.032097725
0.032197691
0.032274611
0.032329226
0.032363714
0.032381401
0.032383481
0.03237235
0.032349107
0.03231558
0.032273084
0.03222276
0.032165768
0.03210305
0.032035516
0.031963961
0.03188908
0.031811497
0.03173176
0.031650357
0.00061260367
0.001952536
0.0033999823
0.0049452886
0.0065747436
0.0082708299
0.010012909
0.011778278
0.013543469
0.015285577
0.016983463
0.018618675
0.020176045
0.021643942
0.023014241
0.024282083
0.025445495
0.026504911
0.027462676
0.028322585
0.029089479
0.029768911
0.030366888
0.030889647
0.031343231
0.031733552
0.032066735
0.032347879
0.032581098
0.032773799
0.032926398
0.033046331
0.033137452
0.033201131
0.033240828
0.033260293
0.033261197
0.033246422
0.03321718
0.03317588
0.033123936
0.033062898
0.032994083
0.032918647
0.032837664
0.032752068
0.032662709
0.032570338
0.032475615
0.032379122
0.032281354
0.03218276
0.0006580393
0.0021034312
0.0036697943
0.0053454683
0.007113649
0.0089528501
0.010837953
0.012741716
0.014636504
0.016495962
0.018296413
0.02001784
0.02164442
0.02316465
0.024571172
0.025860382
0.027031861
0.02808773
0.029032045
0.029870249
0.03060871
0.031254362
0.031814485
0.032296564
0.032707425
0.03305349
0.033342346
0.033579369
0.033766421
0.033913997
0.034025726
0.034104686
0.034155331
0.034179786
0.034182257
0.034165758
0.034131978
0.034083776
0.034022863
0.033951191
0.033870309
0.033781666
0.033686537
0.033586047
0.033481206
0.033372906
0.033261941
0.033149014
0.03303474
0.032919654
0.032804186
0.032688741
0.00070679281
0.0022664936
0.003962585
0.0057808637
0.0077006151
0.0096954138
0.01173471
0.013785938
0.015816781
0.017797208
0.019701037
0.021506912
0.023198698
0.024765444
0.026201037
0.027503577
0.0286746
0.02971826
0.030640589
0.03144888
0.032151158
0.032755801
0.033271374
0.033706944
0.034069926
0.034366524
0.034607233
0.03479354
0.034934551
0.03503689
0.035103998
0.035139071
0.035147739
0.035132486
0.035096475
0.035042848
0.034973926
0.034892075
0.034799185
0.034697047
0.0345872
0.034471023
0.034349729
0.034224387
0.034095946
0.033965238
0.033832998
0.033699871
0.033566426
0.033433159
0.03330039
0.033168507
0.00075914181
0.0024429656
0.0042808953
0.0062554783
0.0083410356
0.010505002
0.012710279
0.014918129
0.017091058
0.019195217
0.021202071
0.023089257
0.024840787
0.026446806
0.027902976
0.029209608
0.030370649
0.031392634
0.032283842
0.033053599
0.03371171
0.034268005
0.034732149
0.035115624
0.035426134
0.035667333
0.035853726
0.035991121
0.036083425
0.036136342
0.036156601
0.036147201
0.036112779
0.036056197
0.03598097
0.035889937
0.035785501
0.035669877
0.035544952
0.035412421
0.035273763
0.035130279
0.034983111
0.034833257
0.034681593
0.034528883
0.034375796
0.034222916
0.034070757
0.00081539952
0.0026342917
0.0046277031
0.0067739932
0.0090411605
0.011389021
0.013772637
0.016146204
0.018466614
0.020696179
0.022804283
0.024768038
0.026572215
0.02820868
0.029675482
0.030975713
0.032116229
0.033106304
0.033956712
0.034678989
0.035284825
0.035785499
0.036190935
0.03651717
0.036766485
0.036952183
0.037083952
0.037167102
0.03720646
0.037209514
0.037181619
0.037125881
0.037047248
0.036948895
0.03683401
0.036705357
0.036565308
0.03641597
0.036259163
0.036096487
0.035929336
0.035758923
0.035586306
0.0354124
0.035238001
0.035063798
0.034890385
0.034718275
0.034547906
0.00087592221
0.0028421697
0.0050065334
0.0073419301
0.0098082842
0.012355985
0.014930794
0.017478931
0.01995133
0.022306582
0.024512439
0.026546161
0.028394025
0.030050352
0.031516274
0.032798296
0.033906744
0.034853967
0.035653443
0.036319066
0.036864518
0.037302766
0.037641159
0.037902025
0.038091902
0.038218557
0.038290153
0.038316272
0.038301787
0.038253077
0.038175128
0.038072437
0.037949159
0.037808646
0.037653936
0.037487678
0.037312155
0.037129361
0.036941015
0.036748611
0.036553439
0.036356614
0.036159097
0.035961713
0.035765169
0.035570071
0.035376934
0.035186193
0.034998216
0.00094111879
0.0030686177
0.0054216044
0.0079658624
0.010650985
0.013415751
0.016195
0.018926089
0.021553781
0.024033237
0.026331261
0.028426154
0.030306617
0.031970273
0.033422127
0.034672777
0.035736677
0.036629497
0.037367575
0.037967257
0.038444263
0.038807431
0.039077989
0.039272932
0.039396559
0.039458101
0.039468853
0.03943614
0.03936536
0.039263233
0.039134854
0.038984624
0.038816482
0.038633745
0.038439314
0.038235702
0.038025066
0.037809267
0.037589904
0.037368346
0.037145769
0.036923176
0.036701423
0.036481237
0.036263229
0.036047916
0.03583573
0.035627026
0.0354221
0.001011463
0.0033160648
0.005878022
0.0086536909
0.011579435
0.014579819
0.017577009
0.020498678
0.023283345
0.025883285
0.028265335
0.030409992
0.03230952
0.033965834
0.035388673
0.036593411
0.037599471
0.038425891
0.03909193
0.039616431
0.040011326
0.040299841
0.040499127
0.04062073
0.040673204
0.040668487
0.040615872
0.040521821
0.04039375
0.040237585
0.040058364
0.039860407
0.039647466
0.039422733
0.039188948
0.038948463
0.038703282
0.038455117
0.038205421
0.037955431
0.037706194
0.037458594
0.037213372
0.036971149
0.036732438
0.036497662
0.036267163
0.036041217
0.035820048
0.0010875089
0.0035874742
0.0063820416
0.0094150091
0.012605808
0.015861741
0.019090459
0.022209193
0.025150346
0.02786419
0.030318931
0.032498799
0.034401078
0.036033064
0.037410171
0.038553077
0.039487445
0.040235245
0.040818631
0.041252581
0.04156651
0.041776236
0.041894361
0.04193871
0.041918754
0.041844973
0.041726086
0.041570236
0.041384158
0.041173621
0.040943517
0.040698003
0.040440631
0.040174406
0.039901883
0.039625226
0.039346264
0.039066539
0.038787349
0.038509783
0.038234748
0.037963002
0.037695167
0.037431753
0.037173169
0.036919739
0.036671718
0.036429297
0.036192628
0.0011699113
0.0038865135
0.0069414259
0.010261592
0.013744826
0.017277679
0.020751391
0.024072006
0.027166213
0.02998362
0.032495682
0.034692417
0.036578027
0.038166284
0.039479296
0.040543037
0.041391755
0.042048764
0.042532244
0.042878005
0.043103264
0.043223524
0.043258932
0.043223381
0.043127626
0.042982219
0.042796542
0.042578272
0.042333952
0.042069127
0.04178847
0.041495912
0.041194768
0.040887822
0.040577409
0.040265485
0.039953684
0.039643364
0.039335654
0.039031483
0.038731617
0.038436677
0.038147162
0.037863469
0.0375859
0.037314678
0.037049966
0.036791873
0.036540477
0.0012594521
0.0042177954
0.007565941
0.011208065
0.015014512
0.018847191
0.022578615
0.026103082
0.029342647
0.032248369
0.034797554
0.036988644
0.038834979
0.040357694
0.041587005
0.042552639
0.043302455
0.043849188
0.044235954
0.044482732
0.044609069
0.044638396
0.044586905
0.044468108
0.044294575
0.044076886
0.043823924
0.043543145
0.04324082
0.042922205
0.042591687
0.04225292
0.041908948
0.041562295
0.041215056
0.040868956
0.040525419
0.040185609
0.039850472
0.039520775
0.039197131
0.038880024
0.038569829
0.038266825
0.037971206
0.037683093
0.037402554
0.037129618
0.036864289
0.0013570761
0.0045872239
0.0082680557
0.012272833
0.016437262
0.020593563
0.024593062
0.028318739
0.031690087
0.034662773
0.037223419
0.03938206
0.041163761
0.042596934
0.043722626
0.04456886
0.045200133
0.045640468
0.04591686
0.046054043
0.046079909
0.046013763
0.04587115
0.045667741
0.04541577
0.04512543
0.044805275
0.044462425
0.044102794
0.043731286
0.043351947
0.04296811
0.042582513
0.042197396
0.041814587
0.041435571
0.041061546
0.04069347
0.040332105
0.039978046
0.039631753
0.03929357
0.038963745
0.038642442
0.038329747
0.038025673
0.037730196
0.037443264
0.03716481
0.0014639401
0.0050025062
0.0090639494
0.013479433
0.018040414
0.02254331
0.026816896
0.030734444
0.034216268
0.037227216
0.039767658
0.041862807
0.04355278
0.044870596
0.045857981
0.046581612
0.047090467
0.047406936
0.047561354
0.047587199
0.047507786
0.047341401
0.047106579
0.046817948
0.046487384
0.046124707
0.045738038
0.045334061
0.044918265
0.044495141
0.044068348
0.043640859
0.043215078
0.04279294
0.042375994
0.041965466
0.041562322
0.041167311
0.040781003
0.04040382
0.040036067
0.039677947
0.039329583
0.038991026
0.038662257
0.038343173
0.03803366
0.037733593
0.037442828
0.0015814835
0.0054739277
0.0099749981
0.014857667
0.019856339
0.024725837
0.029272378
0.033362978
0.036924114
0.039936237
0.042418784
0.044415593
0.045986831
0.047146103
0.047993943
0.048584745
0.048953427
0.04913324
0.049163849
0.049073186
0.048883313
0.048615942
0.04828837
0.047914606
0.047506053
0.047072014
0.046620076
0.046156405
0.045685998
0.045212885
0.044740301
0.044270829
0.043806519
0.043348983
0.042899478
0.042458968
0.04202818
0.04160765
0.041197754
0.040798742
0.040410763
0.040033882
0.039668098
0.039313355
0.038969534
0.038636403
0.038313765
0.038001423
0.037699166
0.0017115366
0.006015557
0.011029595
0.016444711
0.02192283
0.027172522
0.031979622
0.036211495
0.039808867
0.042776368
0.045158182
0.047018756
0.048428433
0.049423435
0.050121055
0.050556043
0.05077112
0.050812783
0.050714029
0.050501403
0.050200617
0.049831998
0.049412057
0.048954113
0.048468916
0.047965122
0.047449695
0.046928214
0.04640513
0.045883973
0.045367526
0.044857962
0.04435696
0.043865801
0.043385443
0.042916583
0.04245971
0.042015143
0.041583069
0.041163566
0.040756628
0.040362186
0.039980119
0.039610268
0.039252432
0.038906217
0.038571361
0.038247607
0.03793467
0.0018564997
0.0066471161
0.012265444
0.018286523
0.024282934
0.029914363
0.03495252
0.039277167
0.042854582
0.045723996
0.047959386
0.049647372
0.050855145
0.051688804
0.05221176
0.052474959
0.052535877
0.052433551
0.052200002
0.051865209
0.051453707
0.050984678
0.050473767
0.04993344
0.049373647
0.048802297
0.048225654
0.047648654
0.047075165
0.046508191
0.04595004
0.045402463
0.044866761
0.04434388
0.043834476
0.04333898
0.042857642
0.042390572
0.041937767
0.041499138
0.04107453
0.040663739
0.04026653
0.039882651
0.039511851
0.039153498
0.038807326
0.038473015
0.038150208
0.0020196573
0.0073965923
0.013732477
0.020439311
0.026983274
0.032976884
0.038192051
0.042541541
0.046030529
0.048743818
0.050787666
0.052249317
0.05326991
0.053910829
0.054241051
0.05433287
0.054233588
0.053982329
0.053613985
0.053158009
0.05263723
0.0520698
0.051470284
0.050850162
0.050218477
0.049582306
0.048947159
0.048317294
0.047695967
0.04708564
0.046488138
0.045904783
0.045336499
0.044783893
0.044247327
0.043726968
0.043222834
0.042734828
0.042262763
0.041806388
0.041365405
0.040939482
0.040528269
0.040131422
0.0022056748
0.0083045765
0.015497159
0.022970073
0.030068799
0.036370428
0.041676636
0.045964498
0.04928854
0.051788653
0.053574545
0.054828264
0.055632745
0.056058253
0.056198892
0.056113089
0.055849765
0.055449734
0.054948784
0.054373929
0.053746674
0.05308395
0.052399088
0.051702483
0.051002193
0.050304411
0.049613857
0.048934087
0.048267738
0.047616719
0.046982375
0.046365601
0.045766945
0.045186688
0.044624898
0.044081489
0.043556253
0.043048894
0.042559049
0.042086313
0.041630248
0.041190401
0.040766311
0.040357517
0.0024217567
0.0094315056
0.017647577
0.02595373
0.033570049
0.040074294
0.04535078
0.049479935
0.052562698
0.054767235
0.056319361
0.057338767
0.057902132
0.058119542
0.058065181
0.057800022
0.057372823
0.056828036
0.056197977
0.055508114
0.054778436
0.054024521
0.053258373
0.052489236
0.051724136
0.050968356
0.050225813
0.049499355
0.048790995
0.048102103
0.047433544
0.046785798
0.04615905
0.045553259
0.044968217
0.044403592
0.043858959
0.043333833
0.042827686
0.042339964
0.0418701
0.041417523
0.040981665
0.040561964
0.0026803028
0.010869382
0.020297872
0.029460367
0.037477683
0.044015871
0.049115842
0.052996254
0.055727846
0.057668867
0.058973254
0.059725584
0.060064608
0.060070517
0.059823665
0.059378962
0.058794656
0.058110263
0.057356385
0.056556789
0.055729858
0.054889729
0.054047045
0.053209866
0.052384177
0.051574346
0.050783488
0.050013754
0.049266549
0.048542712
0.047842649
0.047166438
0.046513915
0.045884735
0.045278424
0.044694417
0.044132088
0.043590772
0.043069785
0.042568435
0.042086032
0.041621898
0.041175365
0.040745778
0.0030053409
0.01276032
0.023585534
0.033518958
0.041702392
0.048052331
0.052829145
0.05634523
0.058751232
0.060449643
0.06145883
0.061973731
0.062091784
0.061894728
0.061455362
0.060841818
0.0601078
0.059290974
0.058420132
0.057517295
0.05659923
0.055678598
0.054764696
0.053864407
0.052982688
0.052123007
0.051287703
0.05047825
0.049695468
0.04893969
0.048210881
0.047508741
0.046832775
0.046182352
0.045556748
0.044955183
0.044376839
0.043820887
0.043286497
0.042772849
0.042279142
0.041804595
0.04134845
0.040909972
0.0034490715
0.01532351
0.027637523
0.038040959
0.04603285
0.05196951
0.056325177
0.059408448
0.061581054
0.063000037
0.063759585
0.064053472
0.063963631
0.063571212
0.062952263
0.062180746
0.061306693
0.060366307
0.059386657
0.058388075
0.057385756
0.056390924
0.055411569
0.05445344
0.053520498
0.052615356
0.051739606
0.050894082
0.050079052
0.049294369
0.048539591
0.047814059
0.047116973
0.046447436
0.045804494
0.045187165
0.044594458
0.044025391
0.043479002
0.042954353
0.042450539
0.04196669
0.041501964
0.041055555
0.0041373568
0.01887863
0.032442012
0.042714753
0.05012709
0.055511146
0.05935988
0.062183072
0.064117819
0.065280954
0.065847748
0.065938327
0.065664224
0.06508813
0.064306946
0.06339035
0.062387693
0.061333958
0.060254676
0.059168619
0.058089516
0.057027224
0.055988509
0.054978043
0.053998856
0.053052753
0.052140631
0.051262727
0.050418794
0.049608247
0.048830261
0.048083854
0.047367942
0.046681385
0.04602302
0.045391682
0.044786223
0.044205521
0.043648494
0.043114098
0.042601337
0.042109257
0.041636945
0.041183528
0.0054046278
0.023751665
0.037563478
0.046960459
0.053576833
0.058332683
0.061930934
0.064568278
0.06628363
0.067300042
0.06769292
0.06761832
0.067178528
0.066441075
0.065514688
0.064467575
0.063349011
0.062193106
0.061024105
0.059859397
0.058711385
0.057588672
0.056496895
0.055439738
0.054419371
0.053436857
0.052492458
0.051585862
0.050716357
0.049882953
0.049084485
0.048319673
0.04758718
0.046885649
0.046213727
0.045570084
0.044953432
0.044362526
0.043796175
0.043253242
0.042732648
0.042233366
0.041754419
0.041294877
0.0082174817
0.029558756
0.041904797
0.050065555
0.055893055
0.06041052
0.063998941
0.066456247
0.068115136
0.069031155
0.069288654
0.069086811
0.068501887
0.06762706
0.06657363
0.06541155
0.064190569
0.062944291
0.06169595
0.060461759
0.059252955
0.058077021
0.056938582
0.055840433
0.054783968
0.053769585
0.052796974
0.051865332
0.05097353
0.050120222
0.049303935
0.048523127
0.047776237
0.047061714
0.046378038
0.045723736
0.045097393
0.044497657
0.043923243
0.043372932
0.042845571
0.042340071
0.041855398
0.041390574
0.01466952
0.033626374
0.044031109
0.051327802
0.057080166
0.061805923
0.065423537
0.067920473
0.069618224
0.070473064
0.0706382
0.070341397
0.069636123
0.068646352
0.06748444
0.066223348
0.06491381
0.063589259
0.062272182
0.060977829
0.05971644
0.058494528
0.05731583
0.056182359
0.055094832
0.054053059
0.053056229
0.052103112
0.051192211
0.050321869
0.049490345
0.048695872
0.047936692
0.047211086
0.046517389
0.045854005
0.04521941
0.044612161
0.044030888
0.043474303
0.04294119
0.042430407
0.041940872
0.041471564
0.017763992
0.033120661
0.043132967
0.050997367
0.057435568
0.06252223
0.066326735
0.069120885
0.070888758
0.071733811
0.071839533
0.071469399
0.070661068
0.069569893
0.068310566
0.06695976
0.065569624
0.064173689
0.062793893
0.061444656
0.06013533
0.058871542
0.057656215
0.056490643
0.055374916
0.054308303
0.05328953
0.052316972
0.051388798
0.050503061
0.049657779
0.048850974
0.048080709
0.047345114
0.04664239
0.045970829
0.045328809
0.0447148
0.04412736
0.043565135
0.043026855
0.042511327
0.042017425
0.041544096
0.011410624
0.028525219
0.03923892
0.048971918
0.056796669
0.062412389
0.066886238
0.069991627
0.071891546
0.072772722
0.072851605
0.072430296
0.071540093
0.070364309
0.069022155
0.067594296
0.066134582
0.064676873
0.06324275
0.061845977
0.060495153
0.059195143
0.057948162
0.056754876
0.055614826
0.054526808
0.053489143
0.052499864
0.051556842
0.050657884
0.049800793
0.04898341
0.048203644
0.04745949
0.046749037
0.046070477
0.045422104
0.044802314
0.044209602
0.043642558
0.043099863
0.042580282
0.042082655
0.041605895
0.0061676393
0.021913536
0.034928048
0.046260643
0.055386237
0.062104761
0.067111759
0.070530874
0.072588151
0.073527943
0.073603436
0.073151402
0.07220419
0.070966125
0.069561943
0.068075852
0.066563308
0.065058582
0.063583073
0.062150082
0.060767651
0.059440068
0.058169009
0.056954656
0.055796129
0.054691864
0.05363987
0.052637914
0.051683645
0.050774676
0.049908649
0.049083266
0.048296317
0.047545695
0.046829403
0.046145559
0.045492391
0.044868239
0.04427155
0.043700872
0.043154848
0.042632212
0.042131777
0.041652435
0.0033357385
0.01682442
0.031094855
0.043825078
0.054077331
0.061664917
0.067143443
0.070827724
0.073021629
0.074017736
0.074100135
0.073631763
0.072649077
0.071370189
0.069924773
0.068399684
0.066851627
0.065315235
0.06381183
0.062354421
0.060950684
0.059604521
0.058317243
0.057088707
0.055917749
0.054802557
0.05374093
0.052730456
0.051768632
0.050852943
0.049980919
0.049150168
0.048358401
0.047603444
0.046883239
0.046195853
0.045539473
0.0449124
0.044313048
0.043739937
0.043191684
0.042667003
0.042164689
0.041683625
0.0023176626
0.014093795
0.028932465
0.042425352
0.053309334
0.061371882
0.067120248
0.070955514
0.073227881
0.074257785
0.074346716
0.073871605
0.072872113
0.071573111
0.070107168
0.068562563
0.066996682
0.065444373
0.063926934
0.062457237
0.061042778
0.059687265
0.058391826
0.057156155
0.055978944
0.054858256
0.053791786
0.052777031
0.05181141
0.050892343
0.050017306
0.049183859
0.048389673
0.047632538
0.046910369
0.046221206
0.045563214
0.044934675
0.044333987
0.043759654
0.043210283
0.042684575
0.042181318
0.041699394
)
;

boundaryField
{
    inletLow
    {
        type            fixedValue;
        value           uniform 0;
    }
    inletJet
    {
        type            fixedValue;
        value           uniform 0;
    }
    inletHigh
    {
        type            fixedValue;
        value           nonuniform List<scalar> 0();
    }
    outlet
    {
        type            inletOutlet;
        inletValue      nonuniform List<scalar> 0();
        value           nonuniform List<scalar> 0();
    }
    upperWall
    {
        type            inletOutlet;
        inletValue      nonuniform List<scalar> 0();
        value           nonuniform List<scalar> 0();
    }
    lowerWall
    {
        type            inletOutlet;
        inletValue      uniform 0;
        value           nonuniform List<scalar> 
52
(
3.8511575e-05
0.00011862821
0.00020086849
0.00028444145
0.00036858965
0.0004526418
0.00053604975
0.00061840819
0.00069945634
0.00077905567
0.00085709683
0.00093306451
0.0010037848
0.0010515117
0
0
0
0
0
0
0
0
0
0
0
0
0
0
0
0
0
0
0
0
0
0
0
0
0
0
0
0
0
0
0
0
0
0
0
0
0.0013282602
0.0014866562
)
;
    }
    frontAndBack
    {
        type            empty;
    }
    procBoundary7to3
    {
        type            processor;
        value           nonuniform List<scalar> 
44
(
0.0023175399
0.014093007
0.028931419
0.042424493
0.053308824
0.06137169
0.067120308
0.070955749
0.073228233
0.074258212
0.07434719
0.073872102
0.072872627
0.071573629
0.070107683
0.068563071
0.066997179
0.065444856
0.063927402
0.062457689
0.061043211
0.05968768
0.058392223
0.057156534
0.055979304
0.054858599
0.053792112
0.052777341
0.051811704
0.050892623
0.050017571
0.049184111
0.048389912
0.047632765
0.046910585
0.046221411
0.045563408
0.044934859
0.044334161
0.043759818
0.043210436
0.042684716
0.042181447
0.041699496
)
;
    }
    procBoundary7to6
    {
        type            processor;
        value           nonuniform List<scalar> 
73
(
0.0016031571
0.0033390102
0.0049717438
0.0062807418
0.0073874354
0.0084104378
0.009409621
0.010404822
0.011398518
0.012388179
0.01337098
0.014344934
0.015308789
0.016261687
0.017202883
0.018131593
0.019046929
0.019947895
0.020833407
0.021702321
0.022553444
0.023385482
0.024196897
0.024986755
0.025756226
0.026501691
0.02722394
0.027921328
0.028593843
0.029240865
0.02986195
0.030456855
0.031025451
0.031567713
0.032083721
0.032573645
0.033919746
0.033770111
0.033037742
0.033622223
0.033919746
0.034379629
0.034813287
0.035221172
0.03560381
0.0359618
0.036295801
0.036606523
0.036894722
0.037161187
0.037406734
0.037632197
0.039748569
0.039378992
0.039022389
0.038678359
0.037838412
0.038346453
0.039748569
0.039963512
0.040157818
0.040332459
0.040488413
0.040626653
0.040748142
0.040853828
0.040944642
0.041021489
0.041090303
0.041148931
0.041193085
0.041222683
0.041237662
)
;
    }
}


// ************************************************************************* //
