/*--------------------------------*- C++ -*----------------------------------*\
| =========                 |                                                 |
| \\      /  F ield         | OpenFOAM: The Open Source CFD Toolbox           |
|  \\    /   O peration     | Version:  2312                                  |
|   \\  /    A nd           | Website:  www.openfoam.com                      |
|    \\/     M anipulation  |                                                 |
\*---------------------------------------------------------------------------*/
FoamFile
{
    version     2.0;
    format      ascii;
    arch        "LSB;label=32;scalar=64";
    class       volVectorField;
    location    "0.07";
    object      U;
}
// * * * * * * * * * * * * * * * * * * * * * * * * * * * * * * * * * * * * * //

dimensions      [0 1 -1 0 0 0 0];

internalField   nonuniform List<vector> 
3275
(
(54.963358 0.36736107 0)
(48.117719 0.87134369 0)
(39.999626 0.91123114 0)
(33.077157 0.77877971 0)
(27.622372 0.60620695 0)
(23.477932 0.46082874 0)
(20.304167 0.35256627 0)
(17.828325 0.27277069 0)
(15.87092 0.21418171 0)
(14.288699 0.17071747 0)
(13.014993 0.13897479 0)
(11.999281 0.11468825 0)
(11.142352 0.095086375 0)
(10.407238 0.080326603 0)
(9.7865873 0.068720655 0)
(9.2531637 0.059516812 0)
(8.7901133 0.052089661 0)
(8.384047 0.045982325 0)
(8.0248871 0.040879059 0)
(7.7047931 0.036560243 0)
(7.4175946 0.032869606 0)
(7.1583149 0.029688098 0)
(6.9229106 0.026923481 0)
(6.7080931 0.024505121 0)
(6.5111322 0.022377649 0)
(6.3297531 0.020496512 0)
(6.1620418 0.018826213 0)
(6.006378 0.017337486 0)
(5.8613803 0.016006534 0)
(5.7258641 0.014813231 0)
(5.5988074 0.013741028 0)
(5.4793246 0.012775664 0)
(5.3666437 0.011905226 0)
(5.2600894 0.011119196 0)
(5.1590681 0.010408811 0)
(5.063056 0.0097661699 0)
(4.9715893 0.0091845915 0)
(4.8842563 0.0086579215 0)
(4.8006891 0.0081809492 0)
(4.7205593 0.0077488075 0)
(4.6435718 0.0073573812 0)
(4.5694613 0.0070027768 0)
(4.4979886 0.0066818988 0)
(4.4289369 0.0063913761 0)
(4.3621102 0.0061286444 0)
(4.2973309 0.0058924593 0)
(4.2344395 0.005680849 0)
(4.173289 0.0054909768 0)
(4.1137441 0.0053220522 0)
(4.0556831 0.0051717723 0)
(3.9989928 0.0050385274 0)
(3.9435703 0.0049211569 0)
(54.202769 1.2100893 0)
(46.351994 2.6518703 0)
(38.295631 2.6817542 0)
(31.829098 2.257485 0)
(26.778388 1.7523682 0)
(22.918633 1.3356033 0)
(19.92812 1.0243607 0)
(17.568961 0.79399357 0)
(15.687256 0.62397311 0)
(14.15554 0.49733678 0)
(12.915966 0.40461012 0)
(11.923285 0.3334964 0)
(11.083111 0.27603236 0)
(10.360433 0.23279994 0)
(9.7488158 0.19883595 0)
(9.2222124 0.17195733 0)
(8.7643923 0.15033028 0)
(8.3624115 0.13261077 0)
(8.0064895 0.11786787 0)
(7.6889964 0.10545298 0)
(7.4039113 0.094903586 0)
(7.1463679 0.085866319 0)
(6.9124044 0.078065269 0)
(6.6987932 0.071288369 0)
(6.5028506 0.065368695 0)
(6.3223377 0.060171593 0)
(6.1553687 0.05558916 0)
(6.0003451 0.051532533 0)
(5.8559028 0.047929272 0)
(5.7208713 0.04471838 0)
(5.5942399 0.04184966 0)
(5.475132 0.039280155 0)
(5.3627832 0.036974091 0)
(5.2565241 0.034900241 0)
(5.1557665 0.033032555 0)
(5.0599908 0.031347952 0)
(4.9687369 0.029826961 0)
(4.8815956 0.028451971 0)
(4.7982021 0.027208125 0)
(4.7182298 0.026081837 0)
(4.6413857 0.02506161 0)
(4.5674062 0.024136804 0)
(4.4960531 0.02329851 0)
(4.4271111 0.022538257 0)
(4.3603856 0.021849195 0)
(4.2956996 0.021225131 0)
(4.2328942 0.020661335 0)
(4.1718232 0.020150761 0)
(4.1123522 0.019690319 0)
(4.0543594 0.019274514 0)
(3.9977326 0.018899424 0)
(3.942369 0.018561489 0)
(52.000613 2.6189811 0)
(42.535041 4.5816563 0)
(34.93628 4.3018372 0)
(29.445765 3.5289703 0)
(25.177429 2.7385063 0)
(21.852653 2.1065425 0)
(19.205856 1.6287219 0)
(17.067335 1.2716934 0)
(15.329943 1.0054153 0)
(13.895256 0.80513209 0)
(12.721654 0.65736879 0)
(11.773717 0.5432367 0)
(10.966254 0.45056558 0)
(10.267932 0.38062561 0)
(9.6740598 0.32549575 0)
(9.1608888 0.28177296 0)
(8.7133916 0.24653807 0)
(8.3194872 0.21763877 0)
(7.9699757 0.19357895 0)
(7.6576372 0.17331309 0)
(7.3767452 0.15609371 0)
(7.1226497 0.14134821 0)
(6.8915487 0.12862736 0)
(6.6803353 0.11758515 0)
(6.4864177 0.10794833 0)
(6.3076279 0.09949647 0)
(6.1421353 0.09205215 0)
(5.988385 0.085469214 0)
(5.8450473 0.079628138 0)
(5.7109796 0.074428681 0)
(5.5851933 0.069787819 0)
(5.4668301 0.065634923 0)
(5.3551405 0.061910803 0)
(5.2494674 0.05856427 0)
(5.1492327 0.055552306 0)
(5.0539255 0.052837015 0)
(4.9630925 0.050386286 0)
(4.8763308 0.048171464 0)
(4.7932806 0.046168099 0)
(4.7136196 0.044354148 0)
(4.6370586 0.042710801 0)
(4.5633372 0.041220818 0)
(4.4922201 0.0398696 0)
(4.4234943 0.038643535 0)
(4.3569674 0.037531512 0)
(4.2924645 0.036522765 0)
(4.2298278 0.035609206 0)
(4.1689127 0.03478052 0)
(4.1095859 0.034030454 0)
(4.0517268 0.033350921 0)
(3.9952241 0.032735717 0)
(3.9399762 0.032178853 0)
(46.36752 5.3566671 0)
(36.180868 6.597426 0)
(30.089471 5.5658035 0)
(26.163393 4.4457569 0)
(22.986404 3.4776816 0)
(20.377238 2.7199742 0)
(18.192452 2.1299963 0)
(16.355583 1.6819618 0)
(14.818073 1.3425095 0)
(13.519432 1.0832316 0)
(12.439296 0.88963522 0)
(11.555293 0.73846285 0)
(10.794937 0.61478665 0)
(10.131882 0.52091917 0)
(9.5638221 0.44653248 0)
(9.0702754 0.38730264 0)
(8.6379087 0.33941627 0)
(8.2558739 0.30003804 0)
(7.9158051 0.26718544 0)
(7.6110744 0.23946797 0)
(7.3363812 0.21588682 0)
(7.0873897 0.19567445 0)
(6.8605316 0.17822462 0)
(6.6528758 0.16307001 0)
(6.4619652 0.14983944 0)
(6.2857358 0.13823359 0)
(6.1224384 0.12800996 0)
(5.970582 0.11896927 0)
(5.8288881 0.11094745 0)
(5.6962547 0.10380744 0)
(5.5717265 0.097434904 0)
(5.4544719 0.09173312 0)
(5.3437636 0.086620388 0)
(5.2389627 0.082026594 0)
(5.1395062 0.077892122 0)
(5.0448959 0.074165136 0)
(4.954689 0.070801124 0)
(4.8684917 0.067760905 0)
(4.7859517 0.065010609 0)
(4.7067533 0.062520176 0)
(4.6306128 0.060263478 0)
(4.5572746 0.05821707 0)
(4.4865076 0.05636058 0)
(4.4181026 0.054675615 0)
(4.3518701 0.053146545 0)
(4.2876382 0.051758718 0)
(4.2252514 0.050500127 0)
(4.1645668 0.049357677 0)
(4.1054535 0.048321866 0)
(4.047792 0.047382296 0)
(3.9914727 0.046530211 0)
(3.9363953 0.045757556 0)
(33.59782 6.7246235 0)
(27.000584 7.778728 0)
(24.199867 6.1284128 0)
(22.347703 4.8927214 0)
(20.428708 3.9164837 0)
(18.620571 3.1395111 0)
(16.960687 2.506467 0)
(15.476682 2.0088715 0)
(14.177622 1.6233787 0)
(13.044079 1.3230712 0)
(12.079031 1.0951728 0)
(11.274699 0.91460939 0)
(10.57367 0.76533709 0)
(9.9553761 0.65113327 0)
(9.4202947 0.56000333 0)
(8.9519637 0.48704135 0)
(8.539127 0.42778071 0)
(8.1724699 0.37886354 0)
(7.8446734 0.33792508 0)
(7.5498567 0.30329597 0)
(7.28326 0.27377166 0)
(7.0409482 0.24842055 0)
(6.819652 0.2265025 0)
(6.6166665 0.20744423 0)
(6.4297082 0.19078902 0)
(6.2568476 0.17616696 0)
(6.0964408 0.16327764 0)
(5.9470802 0.1518731 0)
(5.8075535 0.14174907 0)
(5.6768121 0.13273428 0)
(5.5539438 0.12468583 0)
(5.4381523 0.11748235 0)
(5.3287392 0.11102145 0)
(5.2250896 0.10521494 0)
(5.1266602 0.099987957 0)
(5.0329694 0.095275071 0)
(4.9435886 0.091020327 0)
(4.8581356 0.087174275 0)
(4.7762683 0.083694314 0)
(4.6976795 0.080542424 0)
(4.6220929 0.077685753 0)
(4.5492592 0.075094626 0)
(4.478953 0.07274341 0)
(4.4109698 0.070608793 0)
(4.3451244 0.068670959 0)
(4.2812485 0.066911291 0)
(4.2191895 0.065314264 0)
(4.1588074 0.06386383 0)
(4.0999738 0.062547533 0)
(4.0425713 0.061352526 0)
(3.9864922 0.060267884 0)
(3.9316384 0.059283388 0)
(10.763265 7.343579 0)
(17.397233 6.9051616 0)
(18.586373 5.7573846 0)
(18.686611 4.8445462 0)
(17.898285 4.041614 0)
(16.829223 3.3411482 0)
(15.670402 2.7334245 0)
(14.535758 2.2317523 0)
(13.480758 1.8286046 0)
(12.519964 1.5074792 0)
(11.677487 1.2593191 0)
(10.959273 1.059303 0)
(10.323215 0.89175935 0)
(9.7544577 0.76232784 0)
(9.2561831 0.65823255 0)
(8.8161912 0.57433911 0)
(8.4254291 0.50581594 0)
(8.0762355 0.44898924 0)
(7.7624322 0.40124693 0)
(7.4789584 0.36073164 0)
(7.2216519 0.32609443 0)
(6.9870237 0.29628497 0)
(6.7721391 0.2704619 0)
(6.5745472 0.24797079 0)
(6.3921604 0.22828753 0)
(6.2232016 0.21098607 0)
(6.0661468 0.1957187 0)
(5.919683 0.18219792 0)
(5.7826738 0.17018571 0)
(5.6541316 0.15948233 0)
(5.5331939 0.14992043 0)
(5.4191049 0.14135786 0)
(5.3111993 0.13367419 0)
(5.2088898 0.12676582 0)
(5.1116562 0.12054438 0)
(5.019036 0.11493288 0)
(4.930617 0.10986507 0)
(4.8460307 0.10528262 0)
(4.7649465 0.101135 0)
(4.6870674 0.097377322 0)
(4.6121254 0.093970548 0)
(4.5398789 0.090879645 0)
(4.4701087 0.088074097 0)
(4.4026161 0.085526333 0)
(4.3372207 0.083212575 0)
(4.2737584 0.08111077 0)
(4.2120803 0.079202122 0)
(4.1520496 0.077468044 0)
(4.0935409 0.075893332 0)
(4.0364391 0.074462972 0)
(3.980639 0.073163909 0)
(3.9260441 0.071984048 0)
(4.1246247 3.0944188 0)
(11.527095 4.5627751 0)
(14.168396 4.8318497 0)
(15.471993 4.4763264 0)
(15.549474 3.9455761 0)
(15.102693 3.3814857 0)
(14.392635 2.8436009 0)
(13.582142 2.3710363 0)
(12.761692 1.9723195 0)
(11.971901 1.6455994 0)
(11.252965 1.3883363 0)
(10.62281 1.1770897 0)
(10.054076 0.99754084 0)
(9.5372684 0.85710073 0)
(9.0779346 0.74329907 0)
(8.6681369 0.6508922 0)
(8.3010361 0.57493466 0)
(7.9706553 0.51161198 0)
(7.6719904 0.45817965 0)
(7.4008319 0.41266902 0)
(7.153643 0.37363996 0)
(6.927405 0.33996225 0)
(6.7195373 0.31072232 0)
(6.5278597 0.28520561 0)
(6.3504944 0.26283697 0)
(6.185828 0.24314655 0)
(6.0324652 0.22574917 0)
(5.8891959 0.21032508 0)
(5.7549658 0.19660866 0)
(5.6288535 0.18437642 0)
(5.5100506 0.17344055 0)
(5.3978454 0.16364113 0)
(5.2916091 0.15484239 0)
(5.1907847 0.14692733 0)
(5.094877 0.13979591 0)
(5.0034449 0.13336083 0)
(4.9160937 0.12754689 0)
(4.8324701 0.12228785 0)
(4.7522564 0.11752623 0)
(4.6751664 0.11321094 0)
(4.6009419 0.10929746 0)
(4.5293492 0.10574584 0)
(4.4601763 0.10252122 0)
(4.3932306 0.099592121 0)
(4.3283372 0.096931223 0)
(4.2653366 0.094513364 0)
(4.2040839 0.092316732 0)
(4.1444459 0.090320379 0)
(4.0863004 0.088506626 0)
(4.0295351 0.08685849 0)
(3.9740472 0.085361092 0)
(3.919743 0.084000584 0)
(2.4423736 1.2055093 0)
(7.9195876 2.6591475 0)
(10.725353 3.7443903 0)
(12.620979 3.9012942 0)
(13.317863 3.6770984 0)
(13.385935 3.2911249 0)
(13.079203 2.8574364 0)
(12.576232 2.4402717 0)
(11.987044 2.0667211 0)
(11.372101 1.7481627 0)
(10.782589 1.4911892 0)
(10.246257 1.2758814 0)
(9.7502139 1.0899829 0)
(9.2903403 0.94187547 0)
(8.8741924 0.82100951 0)
(8.4981186 0.72197533 0)
(8.1576388 0.63994289 0)
(7.8485517 0.57112513 0)
(7.5671082 0.51275225 0)
(7.3100197 0.46281383 0)
(7.0744321 0.41982678 0)
(6.8578449 0.38261507 0)
(6.6580704 0.3502181 0)
(6.4732303 0.32187892 0)
(6.3016822 0.29698489 0)
(6.141997 0.27503197 0)
(5.9929257 0.25560524 0)
(5.8533745 0.23835819 0)
(5.7223827 0.2230022 0)
(5.5991051 0.20929309 0)
(5.4827949 0.19702538 0)
(5.3727912 0.18602321 0)
(5.2685074 0.17613722 0)
(5.169421 0.16723806 0)
(5.0750662 0.15921519 0)
(4.9850262 0.15197167 0)
(4.8989269 0.14542414 0)
(4.8164327 0.13949878 0)
(4.7372407 0.13413169 0)
(4.6610775 0.12926575 0)
(4.587696 0.12485138 0)
(4.5168718 0.12084383 0)
(4.4484014 0.1172042 0)
(4.3820993 0.11389708 0)
(4.3177967 0.11089189 0)
(4.2553399 0.10816024 0)
(4.1945883 0.10567764 0)
(4.1354131 0.10342064 0)
(4.077696 0.10136937 0)
(4.0213276 0.099504688 0)
(3.9662084 0.097809996 0)
(3.912247 0.096269738 0)
(1.9192542 0.58021796 0)
(5.6359615 1.4688877 0)
(8.1440265 2.7500401 0)
(10.209523 3.2431137 0)
(11.285902 3.293651 0)
(11.741779 3.0959516 0)
(11.773376 2.7847079 0)
(11.547164 2.4418405 0)
(11.17636 2.1107908 0)
(10.732713 1.8138968 0)
(10.274054 1.5658181 0)
(9.8348259 1.3534932 0)
(9.4148459 1.1672929 0)
(9.0155666 1.015157 0)
(8.6461319 0.89002182 0)
(8.3067974 0.78646901 0)
(7.9955642 0.69990689 0)
(7.7100377 0.62674867 0)
(7.4477617 0.56431191 0)
(7.2064113 0.51061897 0)
(6.9838562 0.46419437 0)
(6.7781504 0.42385492 0)
(6.58753 0.38861994 0)
(6.4104452 0.357711 0)
(6.2455109 0.33049239 0)
(6.0915011 0.30643806 0)
(5.9473282 0.28511133 0)
(5.8120276 0.26614622 0)
(5.6847435 0.24923558 0)
(5.5647151 0.23411916 0)
(5.4512653 0.22057634 0)
(5.3437904 0.20841832 0)
(5.2417509 0.19748356 0)
(5.1446639 0.18763242 0)
(5.0520967 0.17874457 0)
(4.96366 0.17071488 0)
(4.8790035 0.16345216 0)
(4.7978113 0.15687609 0)
(4.7197976 0.15091645 0)
(4.6447038 0.14551097 0)
(4.5722952 0.14060493 0)
(4.5023583 0.13614943 0)
(4.434699 0.1321014 0)
(4.3691402 0.12842207 0)
(4.3055203 0.12507737 0)
(4.2436916 0.12203623 0)
(4.1835192 0.11927122 0)
(4.1248791 0.11675678 0)
(4.0676571 0.11447061 0)
(4.0117478 0.1123918 0)
(3.9570549 0.1105019 0)
(3.9034903 0.10878373 0)
(1.6672046 0.27378245 0)
(4.1647994 0.74293672 0)
(6.2517947 1.928412 0)
(8.2374972 2.5894507 0)
(9.4976036 2.8490778 0)
(10.215816 2.8243542 0)
(10.512367 2.6395956 0)
(10.52216 2.3821809 0)
(10.349049 2.1059849 0)
(10.066899 1.8423056 0)
(9.7359144 1.6114778 0)
(9.3945011 1.4085694 0)
(9.0519686 1.2277633 0)
(8.715388 1.075707 0)
(8.3953341 0.94910834 0)
(8.095165 0.84329361 0)
(7.8153865 0.75390028 0)
(7.5554087 0.67768882 0)
(7.3140591 0.61218013 0)
(7.08999 0.55550402 0)
(6.8818159 0.50624602 0)
(6.6881686 0.463255 0)
(6.5077303 0.42556061 0)
(6.3392992 0.39238431 0)
(6.1817659 0.36308452 0)
(6.0341225 0.33712531 0)
(5.8954563 0.31405864 0)
(5.7649435 0.293506 0)
(5.6418422 0.27514817 0)
(5.5254851 0.25871284 0)
(5.4152714 0.24396841 0)
(5.3106606 0.23071547 0)
(5.2111657 0.21878307 0)
(5.1163478 0.20802261 0)
(5.0258106 0.1983059 0)
(4.9391962 0.18952037 0)
(4.8561803 0.18156839 0)
(4.7764695 0.17436348 0)
(4.6997973 0.16783017 0)
(4.6259212 0.16190112 0)
(4.5546208 0.15651731 0)
(4.4856951 0.15162569 0)
(4.4189606 0.14717964 0)
(4.3542493 0.14313698 0)
(4.2914078 0.13946066 0)
(4.2302957 0.13611676 0)
(4.170784 0.13307541 0)
(4.1127544 0.13030875 0)
(4.0560975 0.12779244 0)
(4.0007121 0.12550364 0)
(3.9465059 0.12342217 0)
(3.893394 0.12152956 0)
(1.5165531 0.079053291 0)
(3.2161318 0.29165635 0)
(4.8871115 1.2817605 0)
(6.6651419 1.9901379 0)
(7.9663111 2.3865622 0)
(8.8368631 2.504522 0)
(9.324983 2.4387921 0)
(9.5252174 2.2702806 0)
(9.5232324 2.0562991 0)
(9.3880174 1.8342927 0)
(9.1774912 1.6283639 0)
(8.9316171 1.4406298 0)
(8.6661913 1.2700261 0)
(8.3928543 1.1224658 0)
(8.1237867 0.99730809 0)
(7.864563 0.89148337 0)
(7.6179613 0.80105926 0)
(7.385181 0.7231885 0)
(7.166282 0.65569654 0)
(6.9608738 0.59689572 0)
(6.7683166 0.54548445 0)
(6.5878272 0.50038441 0)
(6.4185465 0.46066595 0)
(6.2596334 0.42557383 0)
(6.1102663 0.39447793 0)
(5.9696678 0.36684662 0)
(5.8371103 0.34223068 0)
(5.7119204 0.32024783 0)
(5.5934788 0.30057285 0)
(5.4812184 0.28292696 0)
(5.3746216 0.26707123 0)
(5.2732163 0.25279934 0)
(5.1765729 0.23993312 0)
(5.0843002 0.2283175 0)
(4.9960426 0.21781774 0)
(4.9114759 0.20831558 0)
(4.8303053 0.19970768 0)
(4.7522618 0.19190272 0)
(4.6771001 0.18482036 0)
(4.6045962 0.17838916 0)
(4.5345452 0.17254603 0)
(4.4667599 0.16723445 0)
(4.4010686 0.16240436 0)
(4.3373138 0.1580107 0)
(4.2753512 0.15401349 0)
(4.2150481 0.15037639 0)
(4.1562828 0.14706703 0)
(4.0989429 0.14405563 0)
(4.0429245 0.14131574 0)
(3.9881312 0.13882281 0)
(3.9344753 0.13655526 0)
(3.8818755 0.13449242 0)
(1.4189971 -0.041766377 0)
(2.5998908 0.011697471 0)
(3.911342 0.78919451 0)
(5.4346441 1.4689521 0)
(6.6835675 1.9377044 0)
(7.61857 2.161954 0)
(8.2312271 2.1995666 0)
(8.5757285 2.1166331 0)
(8.7152398 1.9676473 0)
(8.7086544 1.7924279 0)
(8.6082558 1.617229 0)
(8.4529147 1.4498718 0)
(8.262468 1.2935097 0)
(8.0515879 1.1545263 0)
(7.8338793 1.0339479 0)
(7.6166415 0.93023341 0)
(7.4044283 0.84060694 0)
(7.2001051 0.7625435 0)
(7.0049007 0.69423152 0)
(6.819333 0.63423528 0)
(6.6434855 0.58141663 0)
(6.4771515 0.53480921 0)
(6.3199318 0.49355481 0)
(6.1713502 0.4569446 0)
(6.0308801 0.42437827 0)
(5.8979816 0.39534275 0)
(5.7721201 0.36939905 0)
(5.6527796 0.34616985 0)
(5.5394701 0.32533116 0)
(5.431731 0.30660318 0)
(5.3291329 0.28974432 0)
(5.2312773 0.27454476 0)
(5.1377961 0.26082223 0)
(5.0483498 0.24841735 0)
(4.9626264 0.23719093 0)
(4.8803388 0.22702043 0)
(4.8012237 0.21779827 0)
(4.7250391 0.20942915 0)
(4.6515629 0.20182892 0)
(4.580591 0.19492261 0)
(4.511936 0.18864376 0)
(4.4454256 0.18293283 0)
(4.3809011 0.17773683 0)
(4.3182167 0.17300808 0)
(4.2572379 0.16870405 0)
(4.1978409 0.16478618 0)
(4.1399117 0.16121989 0)
(4.0833448 0.15797358 0)
(4.0280422 0.15501889 0)
(3.9739131 0.15232985 0)
(3.9208742 0.14988283 0)
(3.8688489 0.14765699 0)
(1.3515455 -0.11231086 0)
(2.1928044 -0.15978058 0)
(3.2143454 0.4232009 0)
(4.4838822 1.0327056 0)
(5.627336 1.5231531 0)
(6.5622911 1.8175238 0)
(7.2427218 1.9382292 0)
(7.6880947 1.9323293 0)
(7.9386875 1.8469571 0)
(8.0402755 1.7204781 0)
(8.0373219 1.5798269 0)
(7.9653752 1.4370192 0)
(7.8459521 1.2984169 0)
(7.695541 1.171432 0)
(7.528407 1.0584039 0)
(7.3533304 0.95897955 0)
(7.1761971 0.87189462 0)
(7.0011688 0.79512542 0)
(6.8305845 0.72720429 0)
(6.6658031 0.66699393 0)
(6.5075872 0.6135659 0)
(6.3562799 0.5661027 0)
(6.2119327 0.52384688 0)
(6.0744293 0.48615854 0)
(5.9435385 0.45248529 0)
(5.8189607 0.42234718 0)
(5.7003583 0.39532702 0)
(5.5873774 0.3710617 0)
(5.4796618 0.34923586 0)
(5.3768622 0.32957471 0)
(5.2786417 0.31183876 0)
(5.1846794 0.29581871 0)
(5.0946722 0.28133128 0)
(5.0083357 0.26821545 0)
(4.9254043 0.25632966 0)
(4.8456309 0.24554885 0)
(4.7687858 0.23576261 0)
(4.6946562 0.2268729 0)
(4.6230451 0.21879271 0)
(4.55377 0.21144442 0)
(4.4866623 0.20475889 0)
(4.4215659 0.1986741 0)
(4.3583366 0.19313465 0)
(4.2968408 0.18809065 0)
(4.2369553 0.18349737 0)
(4.1785657 0.17931433 0)
(4.1215666 0.17550502 0)
(4.0658597 0.1720362 0)
(4.0113541 0.16887788 0)
(3.9579645 0.1660024 0)
(3.9056135 0.16338554 0)
(3.8542285 0.16100348 0)
(1.3025718 -0.15163312 0)
(1.918428 -0.26325149 0)
(2.7143087 0.15624183 0)
(3.7548967 0.67777338 0)
(4.7688111 1.1542247 0)
(5.6604955 1.4867717 0)
(6.3637856 1.6689321 0)
(6.8717837 1.7281933 0)
(7.2041676 1.7015481 0)
(7.392841 1.6231228 0)
(7.473108 1.518907 0)
(7.4757616 1.4033993 0)
(7.4219808 1.2854145 0)
(7.3287499 1.1731873 0)
(7.2104674 1.0702058 0)
(7.0768815 0.97734378 0)
(6.9349008 0.89446758 0)
(6.7895823 0.82041035 0)
(6.6442 0.75409886 0)
(6.5008883 0.69468558 0)
(6.3610286 0.64148247 0)
(6.2254716 0.59385322 0)
(6.0946974 0.55116865 0)
(5.9689358 0.51287856 0)
(5.8482446 0.47849587 0)
(5.7325625 0.44758777 0)
(5.6217486 0.41977062 0)
(5.5156129 0.39470458 0)
(5.4139358 0.37209081 0)
(5.3164818 0.35166548 0)
(5.22301 0.33319653 0)
(5.1332797 0.31647908 0)
(5.0470559 0.30133243 0)
(4.964112 0.28759654 0)
(4.8842314 0.27512995 0)
(4.8072089 0.26380684 0)
(4.7328509 0.25351572 0)
(4.6609756 0.24415696 0)
(4.5914126 0.23564196 0)
(4.5240027 0.22789122 0)
(4.4585974 0.2208338 0)
(4.3950582 0.2144058 0)
(4.3332563 0.20855004 0)
(4.2730716 0.20321479 0)
(4.2143926 0.19835367 0)
(4.1571156 0.19392446 0)
(4.1011442 0.18988918 0)
(4.0463884 0.18621306 0)
(3.9927643 0.18286469 0)
(3.9401937 0.17981537 0)
(3.8886038 0.17703899 0)
(3.8379285 0.17451164 0)
(1.2661138 -0.1716952 0)
(1.7297719 -0.32393517 0)
(2.3528533 -0.035600534 0)
(3.1979614 0.3951293 0)
(4.0774153 0.83514173 0)
(4.9000242 1.1801086 0)
(5.5929627 1.4030808 0)
(6.131726 1.5140444 0)
(6.5192642 1.5388053 0)
(6.7744457 1.5055204 0)
(6.9231134 1.4378016 0)
(6.9904018 1.3510131 0)
(6.9957171 1.2555287 0)
(6.9553517 1.1601377 0)
(6.8833242 1.0693092 0)
(6.7898185 0.98503959 0)
(6.682391 0.90804825 0)
(6.56674 0.83802403 0)
(6.4467984 0.77448573 0)
(6.3253589 0.71688122 0)
(6.2043612 0.66475575 0)
(6.0851104 0.61767509 0)
(5.9684812 0.57516237 0)
(5.8550266 0.53677623 0)
(5.74508 0.50211013 0)
(5.6388109 0.47079217 0)
(5.5362714 0.4424829 0)
(5.4374337 0.41687523 0)
(5.342215 0.39369405 0)
(5.2504949 0.37269312 0)
(5.1621296 0.35365262 0)
(5.076961 0.33637677 0)
(4.9948239 0.32069069 0)
(4.9155516 0.30643848 0)
(4.8389784 0.29348102 0)
(4.7649431 0.28169402 0)
(4.6932899 0.27096633 0)
(4.6238693 0.26119846 0)
(4.5565395 0.25230114 0)
(4.4911656 0.24419426 0)
(4.4276206 0.23680575 0)
(4.3657848 0.23007072 0)
(4.3055457 0.22393064 0)
(4.2467976 0.21833269 0)
(4.1894419 0.21322905 0)
(4.1333859 0.20857642 0)
(4.0785433 0.20433543 0)
(4.0248327 0.20047026 0)
(3.9721783 0.19694826 0)
(3.9205082 0.19373961 0)
(3.8697571 0.19081715 0)
(3.8198635 0.18815664 0)
(1.2386228 -0.17956075 0)
(1.5974647 -0.35720888 0)
(2.0890415 -0.17141264 0)
(2.7726011 0.17384441 0)
(3.5239794 0.56532081 0)
(4.2648161 0.90355207 0)
(4.9246324 1.1492074 0)
(5.4690336 1.298258 0)
(5.8886742 1.3657238 0)
(6.1912442 1.3729652 0)
(6.3936467 1.340174 0)
(6.5150293 1.2822716 0)
(6.5720299 1.2102152 0)
(6.5794337 1.1330415 0)
(6.5503081 1.0560183 0)
(6.4948053 0.98199207 0)
(6.4207419 0.91243436 0)
(6.3342036 0.84774965 0)
(6.2395868 0.78805485 0)
(6.1401406 0.73322461 0)
(6.0382768 0.6830254 0)
(5.9357046 0.63721795 0)
(5.833648 0.59549456 0)
(5.7329525 0.55753831 0)
(5.6342076 0.52303723 0)
(5.5378003 0.49169195 0)
(5.4439677 0.46321772 0)
(5.3528397 0.43734834 0)
(5.2644675 0.41384014 0)
(5.178845 0.39247024 0)
(5.0959257 0.3730366 0)
(5.0156346 0.3553565 0)
(4.9378775 0.3392648 0)
(4.8625485 0.32461254 0)
(4.7895346 0.3112657 0)
(4.7187196 0.29910341 0)
(4.6499869 0.28801698 0)
(4.583221 0.27790826 0)
(4.5183096 0.26868891 0)
(4.4551435 0.26027902 0)
(4.3936182 0.25260657 0)
(4.3336338 0.24560626 0)
(4.275095 0.23921912 0)
(4.2179116 0.23339157 0)
(4.1619983 0.22807512 0)
(4.1072745 0.22322556 0)
(4.0536643 0.21880274 0)
(4.0010961 0.2147699 0)
(3.9495017 0.21109362 0)
(3.8988177 0.20774288 0)
(3.8489846 0.20469075 0)
(3.7999477 0.2019098 0)
(1.2176461 -0.17968464 0)
(1.502761 -0.37260622 0)
(1.8943181 -0.26576443 0)
(2.4469637 0.0031213415 0)
(3.0824421 0.34130218 0)
(3.7379532 0.65968187 0)
(4.3505024 0.91315074 0)
(4.8818256 1.0875697 0)
(5.3145279 1.1885397 0)
(5.6474767 1.2305836 0)
(5.8897223 1.2298494 0)
(6.0546014 1.1998375 0)
(6.1554134 1.1512733 0)
(6.204884 1.0930347 0)
(6.2147268 1.0309146 0)
(6.1945637 0.96840616 0)
(6.1521634 0.90756575 0)
(6.0937165 0.84944285 0)
(6.0239058 0.79463598 0)
(5.9462918 0.74345844 0)
(5.8636 0.69599382 0)
(5.7778837 0.65217665 0)
(5.6906696 0.6118644 0)
(5.6030604 0.57487486 0)
(5.5158744 0.54100162 0)
(5.4296987 0.51002853 0)
(5.3449428 0.48173415 0)
(5.2618862 0.4559009 0)
(5.1807095 0.43232326 0)
(5.1015177 0.41080766 0)
(5.0243598 0.39117461 0)
(4.9492433 0.37325896 0)
(4.8761448 0.35690871 0)
(4.80502 0.341985 0)
(4.7358088 0.32836141 0)
(4.6684413 0.31592282 0)
(4.6028408 0.30456471 0)
(4.5389268 0.29419205 0)
(4.4766173 0.28471861 0)
(4.4158301 0.27606603 0)
(4.3564839 0.26816314 0)
(4.2984994 0.26094525 0)
(4.2417996 0.25435354 0)
(4.1863102 0.24833444 0)
(4.1319603 0.24283923 0)
(4.0786817 0.23782335 0)
(4.0264098 0.23324619 0)
(3.9750828 0.22907056 0)
(3.9246417 0.22526215 0)
(3.8750306 0.22179018 0)
(3.8261976 0.21862501 0)
(3.778095 0.21574311 0)
(1.2013923 -0.17504597 0)
(1.4334846 -0.37624248 0)
(1.7487528 -0.32955611 0)
(2.1965217 -0.12673157 0)
(2.7305144 0.1581844 0)
(3.3030398 0.44860408 0)
(3.86086 0.6984281 0)
(4.3660582 0.88705723 0)
(4.7968138 1.0125332 0)
(5.1456113 1.083085 0)
(5.415051 1.1106185 0)
(5.6131993 1.1065434 0)
(5.7498483 1.0807124 0)
(5.8353368 1.0415103 0)
(5.8797465 0.99487273 0)
(5.8918114 0.94472524 0)
(5.8789186 0.8936054 0)
(5.847143 0.84306214 0)
(5.8012462 0.7941252 0)
(5.7449793 0.74744885 0)
(5.6812691 0.70344712 0)
(5.6123907 0.66230114 0)
(5.5401227 0.62401165 0)
(5.4657912 0.58852603 0)
(5.3904116 0.55574961 0)
(5.3147487 0.5255583 0)
(5.2393676 0.49780119 0)
(5.1646866 0.4723157 0)
(5.0910079 0.4489405 0)
(5.0185424 0.42751662 0)
(4.9474316 0.40789174 0)
(4.877763 0.38992237 0)
(4.8095832 0.37347306 0)
(4.7429085 0.35841808 0)
(4.677732 0.34464118 0)
(4.6140302 0.3320352 0)
(4.5517667 0.32050171 0)
(4.4908967 0.30995043 0)
(4.4313691 0.30029865 0)
(4.3731292 0.29147074 0)
(4.3161199 0.28339747 0)
(4.2602831 0.27601562 0)
(4.2055607 0.26926732 0)
(4.1518951 0.2630997 0)
(4.0992301 0.25746434 0)
(4.0475108 0.25231693 0)
(3.9966843 0.24761681 0)
(3.946699 0.24332656 0)
(3.8975056 0.23941208 0)
(3.8490563 0.23584111 0)
(3.8013078 0.23258591 0)
(3.7542184 0.2296193 0)
(1.1885633 -0.16764864 0)
(1.3816301 -0.37214333 0)
(1.6383862 -0.37087764 0)
(2.0026493 -0.22396484 0)
(2.4497029 0.010584945 0)
(2.9450261 0.2687947 0)
(3.4455332 0.50669227 0)
(3.916283 0.70025705 0)
(4.3338462 0.84194798 0)
(4.6865664 0.9346085 0)
(4.9720972 0.98605555 0)
(5.1940035 1.0052483 0)
(5.3587108 1.0007043 0)
(5.4740723 0.98002452 0)
(5.5483515 0.94897349 0)
(5.5891685 0.91163735 0)
(5.6032793 0.87091289 0)
(5.5963974 0.82874626 0)
(5.573207 0.78649629 0)
(5.5374978 0.74512129 0)
(5.492314 0.70528051 0)
(5.4400677 0.66741424 0)
(5.3826834 0.63172556 0)
(5.3216781 0.59826907 0)
(5.2582343 0.56705579 0)
(5.1932684 0.53805867 0)
(5.1274807 0.51120301 0)
(5.0614141 0.48638595 0)
(4.9954828 0.46349576 0)
(4.9299958 0.44241237 0)
(4.8651822 0.42301482 0)
(4.8012062 0.40518503 0)
(4.7381815 0.38880733 0)
(4.676184 0.37377188 0)
(4.6152591 0.35997522 0)
(4.5554289 0.3473202 0)
(4.4966977 0.3357165 0)
(4.4390561 0.32508009 0)
(4.3824846 0.31533335 0)
(4.3269562 0.30640449 0)
(4.2724383 0.2982274 0)
(4.2188946 0.29074118 0)
(4.1662864 0.28388981 0)
(4.1145733 0.27762173 0)
(4.0637144 0.27188956 0)
(4.0136685 0.26664967 0)
(3.9643948 0.26186185 0)
(3.9158527 0.25748913 0)
(3.8680023 0.25349698 0)
(3.8208053 0.24985422 0)
(3.7742255 0.24653224 0)
(3.7282304 0.24350532 0)
(1.1782318 -0.15881599 0)
(1.3418907 -0.3630158 0)
(1.553425 -0.39570606 0)
(1.8513282 -0.29538036 0)
(2.2249902 -0.10677206 0)
(2.6506127 0.1177735 0)
(3.0945698 0.33819691 0)
(3.5262844 0.52936878 0)
(3.9227239 0.6800043 0)
(4.269977 0.78863691 0)
(4.5621914 0.85940097 0)
(4.7993117 0.89871052 0)
(4.9847438 0.91347748 0)
(5.1239351 0.91027231 0)
(5.2232767 0.89443274 0)
(5.2891363 0.87000905 0)
(5.3274504 0.840053 0)
(5.3434089 0.8067975 0)
(5.341433 0.7718715 0)
(5.3252388 0.73646186 0)
(5.2978747 0.70144172 0)
(5.2618339 0.66743519 0)
(5.219114 0.63486001 0)
(5.1713411 0.60392599 0)
(5.119839 0.57472865 0)
(5.0656508 0.54733346 0)
(5.0095886 0.52174377 0)
(4.9523035 0.49791971 0)
(4.8943089 0.47580342 0)
(4.8360032 0.45531732 0)
(4.7776962 0.43637515 0)
(4.7196235 0.41888767 0)
(4.6619627 0.40276172 0)
(4.6048466 0.38790599 0)
(4.5483711 0.37423214 0)
(4.4926032 0.36165518 0)
(4.4375869 0.35009464 0)
(4.3833481 0.33947446 0)
(4.3298986 0.3297234 0)
(4.2772392 0.32077485 0)
(4.225362 0.31256682 0)
(4.1742529 0.30504176 0)
(4.1238928 0.29814627 0)
(4.0742588 0.29183089 0)
(4.0253257 0.2860499 0)
(3.9770663 0.28076094 0)
(3.9294524 0.2759248 0)
(3.8824544 0.27150502 0)
(3.836043 0.267468 0)
(3.7901886 0.2637828 0)
(3.7448649 0.2604211 0)
(1.1697378 -0.14940364 0)
(1.3107062 -0.35071136 0)
(1.4869773 -0.40845523 0)
(1.732082 -0.34648184 0)
(2.0443707 -0.19874035 0)
(2.4083678 -0.0074021764 0)
(2.7986727 0.19221537 0)
(3.1895806 0.37549712 0)
(3.5597476 0.52897693 0)
(3.8944777 0.64796864 0)
(4.1856868 0.73348268 0)
(4.4305913 0.78949872 0)
(4.6300482 0.82121318 0)
(4.7873053 0.83400912 0)
(4.9069512 0.83259893 0)
(4.9940409 0.82082751 0)
(5.0535569 0.80173842 0)
(5.0900623 0.77768857 0)
(5.1075882 0.75051237 0)
(5.1096365 0.72158119 0)
(5.0991794 0.6919275 0)
(5.0787041 0.6623297 0)
(5.0502455 0.63335415 0)
(5.0154764 0.6053777 0)
(4.9757994 0.5786179 0)
(4.9323621 0.55321815 0)
(4.8860656 0.52925278 0)
(4.8376511 0.50674454 0)
(4.7877178 0.48569283 0)
(4.7367411 0.46606498 0)
(4.6851037 0.44781198 0)
(4.6331066 0.43087644 0)
(4.580986 0.41518986 0)
(4.5289284 0.40068178 0)
(4.4770778 0.38728117 0)
(4.4255441 0.37491704 0)
(4.3744099 0.36352057 0)
(4.3237354 0.35302512 0)
(4.2735632 0.34336726 0)
(4.2239216 0.33448673 0)
(4.1748275 0.32632676 0)
(4.1262887 0.31883409 0)
(4.0783058 0.3119588 0)
(4.0308739 0.30565428 0)
(3.9839835 0.29987712 0)
(3.9376217 0.29458684 0)
(3.8917728 0.28974565 0)
(3.8464193 0.28531837 0)
(3.8015417 0.28127221 0)
(3.7571207 0.27757652 0)
(3.7131381 0.27420597 0)
(1.1626137 -0.13994649 0)
(1.2856626 -0.33650458 0)
(1.4341746 -0.41240037 0)
(1.637135 -0.38165602 0)
(1.8983632 -0.2696174 0)
(2.2086667 -0.10980271 0)
(2.5494432 0.067390956 0)
(2.899789 0.23890085 0)
(3.2407723 0.39031773 0)
(3.5579747 0.51473966 0)
(3.8421335 0.61067604 0)
(4.0885676 0.67992303 0)
(4.2961051 0.72597843 0)
(4.4660908 0.75298185 0)
(4.6014671 0.7648972 0)
(4.7059756 0.76519656 0)
(4.7835973 0.75678252 0)
(4.8381882 0.74201949 0)
(4.8733073 0.72282599 0)
(4.8921452 0.70071205 0)
(4.8974948 0.67684031 0)
(4.8917728 0.65210441 0)
(4.8769936 0.62718857 0)
(4.8548405 0.60257917 0)
(4.8267564 0.57862774 0)
(4.7939376 0.55558697 0)
(4.757352 0.53358889 0)
(4.7178153 0.51271148 0)
(4.6759974 0.49301215 0)
(4.6324377 0.47450352 0)
(4.5875825 0.45717571 0)
(4.5417902 0.44100572 0)
(4.4953494 0.42595125 0)
(4.4484966 0.41196453 0)
(4.4014202 0.39899381 0)
(4.3542706 0.38698369 0)
(4.3071669 0.37587865 0)
(4.2602025 0.3656228 0)
(4.2134499 0.35616187 0)
(4.166964 0.34744303 0)
(4.120786 0.33941582 0)
(4.0749457 0.33203218 0)
(4.0294631 0.32524655 0)
(3.984351 0.31901583 0)
(3.939616 0.31329969 0)
(3.8952594 0.30806007 0)
(3.8512785 0.30326121 0)
(3.8076673 0.2988695 0)
(3.764417 0.29485332 0)
(3.7215189 0.29118397 0)
(3.6789636 0.28783468 0)
(1.1565301 -0.13076349 0)
(1.2651078 -0.32127572 0)
(1.3915475 -0.4099803 0)
(1.5607348 -0.40438422 0)
(1.7795894 -0.32309368 0)
(2.0435481 -0.19241399 0)
(2.3394856 -0.038002795 0)
(2.6508743 0.11921439 0)
(2.9614901 0.26479459 0)
(3.2578934 0.39047797 0)
(3.5304574 0.49289124 0)
(3.7733302 0.57198046 0)
(3.9838313 0.62967306 0)
(4.161744 0.66888859 0)
(4.3085595 0.69276791 0)
(4.4267813 0.70429013 0)
(4.5194001 0.70610339 0)
(4.5895282 0.70047828 0)
(4.6401888 0.68932663 0)
(4.6741998 0.67421249 0)
(4.6941063 0.6563928 0)
(4.7021728 0.63685729 0)
(4.7003442 0.61637791 0)
(4.6902664 0.5955183 0)
(4.6734065 0.57472816 0)
(4.6509724 0.55436749 0)
(4.62395 0.53464751 0)
(4.5932144 0.51569945 0)
(4.5594928 0.49763236 0)
(4.5233741 0.48049981 0)
(4.4853587 0.46433154 0)
(4.4458533 0.44914158 0)
(4.4051916 0.43491429 0)
(4.363655 0.42162616 0)
(4.3214724 0.40924636 0)
(4.2788314 0.39773635 0)
(4.2358853 0.38705531 0)
(4.1927585 0.37715928 0)
(4.1495518 0.36800434 0)
(4.1063462 0.35954617 0)
(4.0632063 0.35174156 0)
(4.020183 0.34454857 0)
(3.9773156 0.33792678 0)
(3.9346346 0.33183739 0)
(3.892162 0.32624376 0)
(3.8499137 0.3211109 0)
(3.8078997 0.31640554 0)
(3.7661259 0.31209617 0)
(3.7245942 0.30815318 0)
(3.6833054 0.30454863 0)
(3.6422603 0.3012585 0)
(1.1512542 -0.12203061 0)
(1.2479007 -0.30563025 0)
(1.3566038 -0.40301496 0)
(1.4986035 -0.41743486 0)
(1.6823489 -0.36229017 0)
(1.9065666 -0.2579986 0)
(2.1624528 -0.12584967 0)
(2.4373154 0.015638131 0)
(2.7176463 0.15261566 0)
(2.9913895 0.27615886 0)
(3.2491398 0.38157979 0)
(3.4844626 0.4673432 0)
(3.6936538 0.53400253 0)
(3.8752804 0.58333094 0)
(4.0296079 0.61762851 0)
(4.1580295 0.63931237 0)
(4.2626015 0.6506883 0)
(4.3456943 0.65384294 0)
(4.4097652 0.65060593 0)
(4.4572127 0.64253066 0)
(4.4902873 0.63090746 0)
(4.5110522 0.61678959 0)
(4.5213137 0.60100826 0)
(4.5226529 0.58421299 0)
(4.5165184 0.5669223 0)
(4.5041126 0.54954335 0)
(4.4864134 0.53237391 0)
(4.464323 0.5156235 0)
(4.4386044 0.49945153 0)
(4.4098835 0.48394269 0)
(4.3787072 0.46916268 0)
(4.3455203 0.45516466 0)
(4.3106929 0.44195903 0)
(4.274546 0.42954765 0)
(4.237344 0.41792205 0)
(4.1993077 0.40706129 0)
(4.1606215 0.39694055 0)
(4.1214384 0.38752863 0)
(4.0818861 0.3787931 0)
(4.0420697 0.37069897 0)
(4.0020762 0.36321123 0)
(3.961977 0.3562949 0)
(3.9218301 0.34991545 0)
(3.8816827 0.34403902 0)
(3.8415727 0.33863341 0)
(3.8015297 0.33366723 0)
(3.7615767 0.32911022 0)
(3.7217309 0.32493351 0)
(3.682005 0.32110961 0)
(3.6424111 0.31761333 0)
(1.1466208 -0.11383214 0)
(1.2332455 -0.28998099 0)
(1.3275398 -0.39286436 0)
(1.4475424 -0.42300859 0)
(1.6022211 -0.38984397 0)
(1.792542 -0.30905199 0)
(2.0130272 -0.19804979 0)
(2.2542436 -0.072890088 0)
(2.5052457 0.053582521 0)
(2.7555562 0.17231585 0)
(2.9963862 0.27779823 0)
(3.2211698 0.36737443 0)
(3.4255878 0.44045062 0)
(3.6073207 0.49777507 0)
(3.7656497 0.54083728 0)
(3.9010158 0.57146333 0)
(4.0146283 0.59155782 0)
(4.1081498 0.60295411 0)
(4.18347 0.60733454 0)
(4.2425471 0.60618375 0)
(4.2873003 0.60077844 0)
(4.3195473 0.59218757 0)
(4.3409318 0.58127287 0)
(4.3529326 0.56876485 0)
(4.3569198 0.55523725 0)
(4.3540666 0.54111271 0)
(4.345346 0.52675725 0)
(4.3316626 0.51245288 0)
(4.313783 0.49840303 0)
(4.2923496 0.48474719 0)
(4.2679514 0.47157394 0)
(4.2410615 0.45897349 0)
(4.2120763 0.44698036 0)
(4.1813515 0.43562203 0)
(4.1491809 0.42491381 0)
(4.1158139 0.41485247 0)
(4.0814626 0.40543034 0)
(4.0463058 0.39662945 0)
(4.0104954 0.38842984 0)
(3.974159 0.3808065 0)
(3.9374048 0.37373345 0)
(3.9003233 0.36718342 0)
(3.8629902 0.3611285 0)
(3.8254692 0.35554031 0)
(3.7878131 0.35039179 0)
(3.7500651 0.3456557 0)
(3.7122605 0.34130525 0)
(3.6744281 0.33731459 0)
(3.6365919 0.333659 0)
(3.5987723 0.33031538 0)
(1.1425107 -0.10619522 0)
(1.2205803 -0.27460452 0)
(1.30304 -0.38054439 0)
(1.4051468 -0.42285218 0)
(1.5357636 -0.40796873 0)
(1.6972978 -0.34781055 0)
(1.8867639 -0.25645266 0)
(2.097421 -0.14757411 0)
(2.3206396 -0.032781131 0)
(2.5475639 0.079137047 0)
(2.7702668 0.18225389 0)
(2.9823818 0.27313074 0)
(3.1793089 0.35026502 0)
(3.3581378 0.41352783 0)
(3.5174024 0.46366226 0)
(3.6567615 0.50190845 0)
(3.7766865 0.52973958 0)
(3.878191 0.54868848 0)
(3.9626191 0.56023931 0)
(4.0314863 0.56575862 0)
(4.0863637 0.56646222 0)
(4.1287965 0.5634005 0)
(4.1602373 0.55744826 0)
(4.1820382 0.54936484 0)
(4.1954539 0.53976739 0)
(4.2015942 0.52911163 0)
(4.2014183 0.51781123 0)
(4.1958038 0.50618113 0)
(4.1855178 0.49446674 0)
(4.1712014 0.48286136 0)
(4.1534609 0.47149724 0)
(4.1327917 0.46048728 0)
(4.109607 0.44989049 0)
(4.0842931 0.43975675 0)
(4.0571663 0.43012654 0)
(4.0284994 0.42101358 0)
(3.9985281 0.41242851 0)
(3.9674536 0.40436647 0)
(3.9354497 0.39682097 0)
(3.9026638 0.38977733 0)
(3.8692239 0.38321929 0)
(3.8352382 0.37712796 0)
(3.8007988 0.37148266 0)
(3.765985 0.36626098 0)
(3.7308641 0.36144167 0)
(3.6954917 0.35700211 0)
(3.6599154 0.3529194 0)
(3.624175 0.34917114 0)
(3.5883047 0.34573535 0)
(3.5523357 0.34259146 0)
(1.1388368 -0.099113524 0)
(1.2095029 -0.2596819 0)
(1.2821366 -0.36681375 0)
(1.3695994 -0.41835117 0)
(1.4802855 -0.41851251 0)
(1.6174561 -0.37625203 0)
(1.7799394 -0.30281975 0)
(1.9631595 -0.20970407 0)
(2.1605097 -0.10717223 0)
(2.364698 -0.0034838181 0)
(2.5687835 0.095343064 0)
(2.7668303 0.18538359 0)
(2.9542196 0.26445853 0)
(3.1277045 0.33172125 0)
(3.2852902 0.38725653 0)
(3.4260236 0.43175127 0)
(3.5497587 0.4662426 0)
(3.6569355 0.49193655 0)
(3.7483933 0.51008332 0)
(3.8252198 0.52189224 0)
(3.8886352 0.52848095 0)
(3.9399027 0.53084623 0)
(3.9802644 0.52985399 0)
(4.0109127 0.52625985 0)
(4.0329761 0.52069441 0)
(4.0474797 0.5136564 0)
(4.0553302 0.50558079 0)
(4.0573711 0.49681926 0)
(4.0543502 0.48763991 0)
(4.0469069 0.47827433 0)
(4.0356467 0.46890275 0)
(4.0210673 0.45965164 0)
(4.003592 0.45062235 0)
(3.9836322 0.44187644 0)
(3.961521 0.43347973 0)
(3.9375487 0.42546064 0)
(3.9119705 0.41784923 0)
(3.8850058 0.41065289 0)
(3.8568473 0.40387986 0)
(3.8276602 0.39752551 0)
(3.7975898 0.39158411 0)
(3.7667605 0.38604559 0)
(3.7352792 0.38089708 0)
(3.70324 0.37612237 0)
(3.6707234 0.37170679 0)
(3.6377969 0.3676327 0)
(3.6045194 0.36388143 0)
(3.5709415 0.36043439 0)
(3.5371077 0.3572727 0)
(3.5030574 0.35437844 0)
(1.1355334 -0.092562424 0)
(1.1997205 -0.24532706 0)
(1.2641107 -0.3522381 0)
(1.339518 -0.410603 0)
(1.4336764 -0.42301021 0)
(1.5502796 -0.39610476 0)
(1.6894323 -0.33878838 0)
(1.8482548 -0.26058918 0)
(2.0218558 -0.17043099 0)
(2.204385 -0.075877395 0)
(2.3899232 0.017202946 0)
(2.5731106 0.10464894 0)
(2.7495075 0.18381803 0)
(2.9157386 0.25330594 0)
(3.069474 0.3126415 0)
(3.20931 0.36201174 0)
(3.3346062 0.40203437 0)
(3.4453151 0.43358132 0)
(3.541825 0.4576479 0)
(3.6248254 0.47525834 0)
(3.6951962 0.48740277 0)
(3.7539195 0.49499748 0)
(3.8020146 0.4988676 0)
(3.8404979 0.49974388 0)
(3.8703551 0.49825443 0)
(3.8925099 0.49491801 0)
(3.9078026 0.49018076 0)
(3.9170177 0.48442788 0)
(3.9208692 0.47794564 0)
(3.9199873 0.47099741 0)
(3.9149566 0.46378054 0)
(3.9062785 0.45644996 0)
(3.8943758 0.44913406 0)
(3.8796684 0.44192714 0)
(3.862503 0.43490951 0)
(3.8431819 0.42812431 0)
(3.8219754 0.42161891 0)
(3.7991172 0.4154122 0)
(3.7748162 0.40952845 0)
(3.7492512 0.40397212 0)
(3.7225839 0.39874895 0)
(3.6949523 0.39385785 0)
(3.6664765 0.38929435 0)
(3.6372638 0.38504839 0)
(3.6074074 0.3811127 0)
(3.5769851 0.37747484 0)
(3.5460666 0.37412064 0)
(3.5147123 0.37103569 0)
(3.4829758 0.36820436 0)
(3.4509071 0.36561191 0)
(1.1325498 -0.086508861 0)
(1.1910154 -0.23160777 0)
(1.2484222 -0.33723874 0)
(1.3138445 -0.40047635 0)
(1.3942747 -0.42273198 0)
(1.4935473 -0.40886578 0)
(1.6126277 -0.36585417 0)
(1.7499306 -0.30151234 0)
(1.9019809 -0.22348093 0)
(2.0642116 -0.13854149 0)
(2.231699 -0.052242581 0)
(2.3997342 0.031216377 0)
(2.5641961 0.1089173 0)
(2.7217458 0.1790501 0)
(2.8698825 0.24069593 0)
(3.0068981 0.29360889 0)
(3.1317774 0.3380206 0)
(3.244075 0.37447771 0)
(3.3437912 0.40371357 0)
(3.4312568 0.4265506 0)
(3.5070342 0.44383025 0)
(3.5718335 0.45636558 0)
(3.6264483 0.46491466 0)
(3.6717102 0.47016541 0)
(3.7084537 0.47272472 0)
(3.737488 0.47311481 0)
(3.7595691 0.47178474 0)
(3.7754136 0.46912968 0)
(3.7856889 0.46546314 0)
(3.7909914 0.46105926 0)
(3.7918856 0.45613977 0)
(3.7888584 0.45087837 0)
(3.7823344 0.44541533 0)
(3.772736 0.43988671 0)
(3.760405 0.43437285 0)
(3.7456535 0.42895408 0)
(3.7287616 0.42367797 0)
(3.7099745 0.41858056 0)
(3.6895136 0.41369941 0)
(3.6675682 0.40904733 0)
(3.6443138 0.40464251 0)
(3.6199003 0.40049261 0)
(3.5944583 0.39660235 0)
(3.5681073 0.39296717 0)
(3.540952 0.38958834 0)
(3.5130789 0.3864585 0)
(3.4845672 0.38356816 0)
(3.4554867 0.38090757 0)
(3.4259003 0.37846445 0)
(3.3958659 0.37622734 0)
(1.1298456 -0.080916967 0)
(1.1832223 -0.21856027 0)
(1.2346605 -0.3221285 0)
(1.2917626 -0.38865783 0)
(1.3607667 -0.41872488 0)
(1.445454 -0.41582161 0)
(1.5473361 -0.3853641 0)
(1.6657879 -0.33369876 0)
(1.7984748 -0.26728318 0)
(1.9419379 -0.1920913 0)
(2.0921821 -0.1132409 0)
(2.2451715 -0.034819331 0)
(2.3971901 0.040135061 0)
(2.5450602 0.10954508 0)
(2.6862441 0.1721513 0)
(2.8188569 0.22734919 0)
(2.9416192 0.27502929 0)
(3.0537768 0.31543482 0)
(3.1550089 0.34904228 0)
(3.2453353 0.37646591 0)
(3.3250308 0.39838525 0)
(3.3945505 0.41549292 0)
(3.4544685 0.42846064 0)
(3.5054305 0.43791684 0)
(3.548116 0.44443195 0)
(3.5832093 0.4485125 0)
(3.6113739 0.45060162 0)
(3.6332455 0.45109278 0)
(3.6494316 0.45031281 0)
(3.6604918 0.44854386 0)
(3.6669536 0.44602893 0)
(3.6692782 0.4429496 0)
(3.6678912 0.43947617 0)
(3.6631997 0.43574645 0)
(3.6555488 0.43185815 0)
(3.6452498 0.42792371 0)
(3.6325784 0.42398316 0)
(3.6177954 0.42011007 0)
(3.6011265 0.41633739 0)
(3.58277 0.41269204 0)
(3.5629138 0.40920268 0)
(3.5417162 0.40588546 0)
(3.5193159 0.40275557 0)
(3.4958434 0.39981235 0)
(3.4714137 0.39706719 0)
(3.4461195 0.39451726 0)
(3.4200495 0.39215785 0)
(3.3932813 0.38998461 0)
(3.3658851 0.3879881 0)
(3.3379299 0.38616067 0)
(1.1273882 -0.075751625 0)
(1.1762127 -0.20619979 0)
(1.2225084 -0.30713918 0)
(1.2726369 -0.37568983 0)
(1.3321092 -0.41184975 0)
(1.4045303 -0.41807104 0)
(1.4917259 -0.39851776 0)
(1.5937608 -0.35829614 0)
(1.7091958 -0.30280175 0)
(1.8355043 -0.23721847 0)
(1.9695268 -0.16617174 0)
(2.1078859 -0.093528834 0)
(2.2473145 -0.022325074 0)
(2.3848813 0.045214725 0)
(2.5181178 0.10759168 0)
(2.6450694 0.16391892 0)
(2.7642912 0.2137982 0)
(2.8748046 0.25720071 0)
(2.9760354 0.29436117 0)
(3.0677432 0.32568858 0)
(3.1499517 0.35169509 0)
(3.2228843 0.37294192 0)
(3.2869084 0.39000086 0)
(3.3424892 0.40342709 0)
(3.3901522 0.41374078 0)
(3.430453 0.42141741 0)
(3.4639524 0.42688286 0)
(3.4912026 0.43051872 0)
(3.5127411 0.43265585 0)
(3.5290773 0.43357976 0)
(3.5406956 0.43353887 0)
(3.5480325 0.43273005 0)
(3.5514925 0.43134281 0)
(3.5514641 0.42951642 0)
(3.5482959 0.42737229 0)
(3.5422814 0.42501624 0)
(3.5337034 0.4225196 0)
(3.5228271 0.41997301 0)
(3.5098694 0.4174008 0)
(3.495044 0.41486126 0)
(3.4785444 0.41237794 0)
(3.4605368 0.40998177 0)
(3.4411646 0.40769697 0)
(3.4205675 0.40552462 0)
(3.3988701 0.40348903 0)
(3.3761685 0.40158984 0)
(3.3525599 0.3998276 0)
(3.3281289 0.39820451 0)
(3.3029526 0.39671321 0)
(3.2771089 0.39534966 0)
(1.1251501 -0.070980063 0)
(1.1698842 -0.19452769 0)
(1.2117179 -0.29244185 0)
(1.2559683 -0.36200022 0)
(1.3074693 -0.40281236 0)
(1.3695776 -0.41654721 0)
(1.4442656 -0.40637307 0)
(1.5320744 -0.37636227 0)
(1.6322508 -0.33097686 0)
(1.7430323 -0.27465665 0)
(1.8619897 -0.21151136 0)
(1.9863629 -0.14511738 0)
(2.113347 -0.078412393 0)
(2.2403079 -0.013671125 0)
(2.3649233 0.04745843 0)
(2.4852567 0.10388155 0)
(2.5997826 0.15496657 0)
(2.7073749 0.20045051 0)
(2.8072709 0.24034896 0)
(2.8990222 0.27487636 0)
(2.9824411 0.30437912 0)
(3.0575473 0.32928235 0)
(3.1245198 0.35004944 0)
(3.1836544 0.367152 0)
(3.2353274 0.38104858 0)
(3.2799664 0.39217136 0)
(3.3180254 0.40091804 0)
(3.3499687 0.40765067 0)
(3.3762597 0.41269219 0)
(3.3973481 0.41632496 0)
(3.4136701 0.41879909 0)
(3.4256288 0.42032084 0)
(3.433604 0.4210846 0)
(3.4379596 0.42124332 0)
(3.4390264 0.42092637 0)
(3.4370956 0.42024031 0)
(3.4324511 0.41929025 0)
(3.4253382 0.41814988 0)
(3.4159832 0.41687241 0)
(3.404604 0.41552724 0)
(3.391391 0.41412903 0)
(3.3765246 0.41273996 0)
(3.3601432 0.41137926 0)
(3.3423976 0.41005318 0)
(3.3234205 0.40880126 0)
(3.3033067 0.40762104 0)
(3.282164 0.40652014 0)
(3.260081 0.40550933 0)
(3.2371388 0.4045807 0)
(3.2134291 0.40373458 0)
(1.1231081 -0.066572744 0)
(1.1641537 -0.18353661 0)
(1.2020914 -0.27816218 0)
(1.2413606 -0.34792631 0)
(1.286178 -0.39219017 0)
(1.3396152 -0.41203898 0)
(1.4036748 -0.40985556 0)
(1.4792085 -0.38885954 0)
(1.565974 -0.3527061 0)
(1.662821 -0.30515409 0)
(1.7679418 -0.24980192 0)
(1.879135 -0.18989507 0)
(1.9940469 -0.12820614 0)
(2.1103668 -0.066981523 0)
(2.2259691 -0.0079419475 0)
(2.3390019 0.047678497 0)
(2.4479303 0.099070354 0)
(2.5515481 0.1457775 0)
(2.6489645 0.18762444 0)
(2.7395739 0.22464778 0)
(2.8230179 0.25703598 0)
(2.8991437 0.28507901 0)
(2.9679642 0.30912816 0)
(3.0296206 0.32956495 0)
(3.0843495 0.3467779 0)
(3.1324548 0.36114653 0)
(3.1742842 0.37303069 0)
(3.2102113 0.38276543 0)
(3.2406231 0.3906562 0)
(3.2659053 0.39697624 0)
(3.2864398 0.40197072 0)
(3.3025919 0.40584943 0)
(3.3147083 0.40880636 0)
(3.3231231 0.41100152 0)
(3.3281492 0.41257221 0)
(3.3300688 0.413636 0)
(3.3291487 0.41430155 0)
(3.32563 0.41464564 0)
(3.3197418 0.41475044 0)
(3.311684 0.41466844 0)
(3.3016638 0.41443915 0)
(3.2898666 0.41413667 0)
(3.2764129 0.41376566 0)
(3.2614746 0.41335883 0)
(3.2451857 0.41296009 0)
(3.2276353 0.4125618 0)
(3.2089464 0.41218421 0)
(3.1892066 0.41184609 0)
(3.1684997 0.41153593 0)
(3.1469321 0.41125949 0)
(1.1212421 -0.062503345 0)
(1.1589521 -0.17321395 0)
(1.1934696 -0.26439171 0)
(1.2284966 -0.33373359 0)
(1.267695 -0.38045463 0)
(1.3138391 -0.40521045 0)
(1.3688826 -0.40976916 0)
(1.433863 -0.39665369 0)
(1.5089062 -0.36883141 0)
(1.5933406 -0.3294516 0)
(1.6858746 -0.28162517 0)
(1.7847984 -0.22825057 0)
(1.8881807 -0.17189151 0)
(1.9940401 -0.11470692 0)
(2.100478 -0.058427158 0)
(2.205773 -0.0043662113 0)
(2.3084372 0.046541073 0)
(2.407242 0.093687594 0)
(2.5012221 0.13673781 0)
(2.5896625 0.17557165 0)
(2.6720743 0.21023224 0)
(2.7481647 0.24088025 0)
(2.817805 0.2677557 0)
(2.8810002 0.29114717 0)
(2.9378595 0.31136787 0)
(2.9885712 0.32873793 0)
(3.0333802 0.34357178 0)
(3.0725702 0.35617024 0)
(3.1064502 0.36681441 0)
(3.1353411 0.37576171 0)
(3.1595673 0.38324643 0)
(3.179449 0.38947584 0)
(3.1952971 0.39463842 0)
(3.2074142 0.39889881 0)
(3.2160874 0.40239892 0)
(3.2215823 0.40526039 0)
(3.2241525 0.40759526 0)
(3.2240299 0.40949267 0)
(3.2214295 0.41103747 0)
(3.2165488 0.41228673 0)
(3.209606 0.41330782 0)
(3.2007669 0.41415012 0)
(3.1901546 0.4148362 0)
(3.1779623 0.415422 0)
(3.1643052 0.41592946 0)
(3.1492746 0.4163696 0)
(3.133012 0.416777 0)
(3.1155944 0.41716738 0)
(3.0971061 0.41752768 0)
(3.0776774 0.41787394 0)
(1.1195349 -0.058748775 0)
(1.1542212 -0.16354403 0)
(1.1857221 -0.25119644 0)
(1.217119 -0.3196307 0)
(1.2515808 -0.36798989 0)
(1.2915875 -0.3966187 0)
(1.3389929 -0.40680804 0)
(1.3949282 -0.40051627 0)
(1.4597739 -0.38013122 0)
(1.5332231 -0.34826616 0)
(1.6144031 -0.30758046 0)
(1.7020251 -0.2606274 0)
(1.7945415 -0.20973739 0)
(1.8902891 -0.1569403 0)
(1.9876104 -0.1039264 0)
(2.0849447 -0.0520391 0)
(2.1808915 -0.0022922311 0)
(2.2742464 0.044596742 0)
(2.3640166 0.088164628 0)
(2.4494207 0.12815851 0)
(2.5298774 0.16449245 0)
(2.6049859 0.1972076 0)
(2.6745024 0.22643733 0)
(2.7383156 0.25237798 0)
(2.7964225 0.27526524 0)
(2.848906 0.29535564 0)
(2.8959147 0.31291285 0)
(2.9376464 0.32819772 0)
(2.9743332 0.34146108 0)
(3.0062297 0.35293859 0)
(3.0336035 0.3628487 0)
(3.0567257 0.37138974 0)
(3.0758674 0.3787431 0)
(3.0912968 0.38507121 0)
(3.1032722 0.39051583 0)
(3.1120396 0.39520302 0)
(3.1178331 0.39924606 0)
(3.1208709 0.40273903 0)
(3.1213588 0.40577073 0)
(3.1194887 0.40841234 0)
(3.115467 0.41073478 0)
(3.1094535 0.41277414 0)
(3.1015847 0.41458596 0)
(3.0920403 0.41622031 0)
(3.0809308 0.41768252 0)
(3.0683669 0.41902124 0)
(3.0544854 0.42027042 0)
(3.0393479 0.42142999 0)
(3.02305 0.42251092 0)
(3.0057436 0.42353607 0)
(1.1179712 -0.055288767 0)
(1.1499114 -0.15450959 0)
(1.1787405 -0.23862306 0)
(1.2070177 -0.30578108 0)
(1.2374758 -0.35510822 0)
(1.2723136 -0.38672937 0)
(1.3132549 -0.40156817 0)
(1.3614577 -0.40112908 0)
(1.4174688 -0.3873163 0)
(1.4812514 -0.36227875 0)
(1.5522644 -0.3282667 0)
(1.6295718 -0.287503 0)
(1.7119638 -0.24207536 0)
(1.7980746 -0.1938584 0)
(1.8864873 -0.14446526 0)
(1.9758191 -0.095227811 0)
(2.0647847 -0.047198466 0)
(2.1522385 -0.0011686971 0)
(2.2371989 0.042302528 0)
(2.3188563 0.08285463 0)
(2.3965719 0.12029124 0)
(2.4698676 0.15454666 0)
(2.5384104 0.18565546 0)
(2.6019941 0.21372549 0)
(2.6605199 0.23891553 0)
(2.7139782 0.2614169 0)
(2.7624301 0.28143921 0)
(2.8059929 0.29919934 0)
(2.8448256 0.31491322 0)
(2.879118 0.32878978 0)
(2.9090802 0.34102725 0)
(2.9349346 0.35180997 0)
(2.9569095 0.36130879 0)
(2.9752361 0.36967953 0)
(2.9901423 0.37706124 0)
(3.0018494 0.38357983 0)
(3.0105706 0.38934723 0)
(3.0165089 0.3944625 0)
(3.0198566 0.39901627 0)
(3.0207957 0.40308585 0)
(3.0195177 0.40674465 0)
(3.0161804 0.41003302 0)
(3.0109233 0.4130154 0)
(3.0039059 0.41573616 0)
(2.9952504 0.41821301 0)
(2.985078 0.42050426 0)
(2.9735 0.42263219 0)
(2.9605848 0.42460289 0)
(2.9464439 0.4264588 0)
(2.9312282 0.42821797 0)
(1.1165375 -0.052105664 0)
(1.1459798 -0.14609273 0)
(1.1724339 -0.22670369 0)
(1.1980187 -0.29231212 0)
(1.2250836 -0.3420628 0)
(1.2555642 -0.37593024 0)
(1.2910384 -0.39455868 0)
(1.3326451 -0.39909003 0)
(1.3810294 -0.39102874 0)
(1.4363473 -0.3721259 0)
(1.4983146 -0.34426832 0)
(1.5662838 -0.30937071 0)
(1.6393355 -0.26928085 0)
(1.7163728 -0.22570368 0)
(1.7962094 -0.18015033 0)
(1.8776458 -0.13390916 0)
(1.9595291 -0.088037791 0)
(2.0407978 -0.043369196 0)
(2.1205105 -0.00052954169 0)
(2.1978615 0.040038302 0)
(2.2721857 0.078047237 0)
(2.3429559 0.11333967 0)
(2.4097751 0.14586128 0)
(2.4723634 0.17563795 0)
(2.5305441 0.20275456 0)
(2.5842284 0.22733802 0)
(2.6334009 0.24954258 0)
(2.6781057 0.26953892 0)
(2.7184344 0.28750483 0)
(2.7545148 0.30361883 0)
(2.7865014 0.318055 0)
(2.8145678 0.33097977 0)
(2.8388995 0.3425499 0)
(2.8596892 0.35291128 0)
(2.8771325 0.36219706 0)
(2.8914237 0.37052921 0)
(2.902753 0.37801776 0)
(2.9113052 0.3847625 0)
(2.917257 0.39085323 0)
(2.9207798 0.39637158 0)
(2.922046 0.40139148 0)
(2.9212074 0.40596131 0)
(2.9184043 0.41014503 0)
(2.9137823 0.41398863 0)
(2.9074664 0.41752534 0)
(2.8995751 0.4208031 0)
(2.8902101 0.42384391 0)
(2.8794557 0.42667869 0)
(2.8674234 0.42935442 0)
(2.8542354 0.43187906 0)
(1.115222 -0.049183845 0)
(1.1423888 -0.13827559 0)
(1.1667252 -0.21545924 0)
(1.1899775 -0.27932255 0)
(1.2141585 -0.32905789 0)
(1.2409617 -0.36454303 0)
(1.2718136 -0.38621198 0)
(1.3078028 -0.39491982 0)
(1.3496222 -0.39184258 0)
(1.3975592 -0.37839464 0)
(1.4515231 -0.35614396 0)
(1.511097 -0.32672508 0)
(1.5756054 -0.29175571 0)
(1.6441883 -0.25276746 0)
(1.715873 -0.21115352 0)
(1.7896398 -0.16813646 0)
(1.8644763 -0.12475188 0)
(1.9394213 -0.08184724 0)
(2.0135957 -0.040089597 0)
(2.0862223 1.8415649e-05 0)
(2.1566359 0.038119506 0)
(2.2242863 0.073979639 0)
(2.2887352 0.10746793 0)
(2.34965 0.13853605 0)
(2.4067934 0.16720065 0)
(2.4600124 0.19352654 0)
(2.5092264 0.2176138 0)
(2.5544156 0.23958584 0)
(2.5956107 0.25958091 0)
(2.6328824 0.27774429 0)
(2.6663328 0.29422341 0)
(2.6960879 0.30916311 0)
(2.7222908 0.32270357 0)
(2.7450967 0.33497745 0)
(2.7646675 0.34610909 0)
(2.7811686 0.35621376 0)
(2.7947663 0.36539751 0)
(2.8056243 0.37375761 0)
(2.8139026 0.38138279 0)
(2.8197578 0.38835459 0)
(2.8233452 0.39474551 0)
(2.8248087 0.40061313 0)
(2.8242823 0.40601897 0)
(2.8218998 0.41101176 0)
(2.8177846 0.41563331 0)
(2.8120505 0.41992509 0)
(2.8047986 0.42391778 0)
(2.796121 0.42765457 0)
(2.7861143 0.43117641 0)
(2.7748854 0.43448711 0)
(1.114014 -0.046509739 0)
(1.1391058 -0.13104045 0)
(1.1615482 -0.20490213 0)
(1.1827721 -0.26688777 0)
(1.2044949 -0.31625755 0)
(1.2281901 -0.35283308 0)
(1.2551337 -0.37689355 0)
(1.2863443 -0.3890684 0)
(1.322526 -0.39026651 0)
(1.3640496 -0.38161918 0)
(1.4109653 -0.36441894 0)
(1.4630365 -0.34004917 0)
(1.5197883 -0.30991382 0)
(1.5805642 -0.27537371 0)
(1.6445837 -0.23769736 0)
(1.7109969 -0.19802588 0)
(1.7789328 -0.15735355 0)
(1.8475394 -0.11651935 0)
(1.9160147 -0.076209352 0)
(1.9836287 -0.036964537 0)
(2.0497371 0.00080544799 0)
(2.1137882 0.036806953 0)
(2.1753241 0.070844794 0)
(2.2339782 0.1028067 0)
(2.2894699 0.13264726 0)
(2.3415966 0.16037425 0)
(2.3902247 0.18603541 0)
(2.4352807 0.20970834 0)
(2.476742 0.23149086 0)
(2.5146281 0.2514943 0)
(2.5489932 0.26983705 0)
(2.5799184 0.28664056 0)
(2.6075062 0.30202545 0)
(2.6318746 0.3161094 0)
(2.6531529 0.32900465 0)
(2.6714771 0.3408178 0)
(2.6869875 0.35164839 0)
(2.6998262 0.36158915 0)
(2.7101342 0.37072579 0)
(2.7180518 0.3791377 0)
(2.7237175 0.38689628 0)
(2.7272639 0.39406333 0)
(2.7288164 0.40069788 0)
(2.7284996 0.40685263 0)
(2.7264287 0.41257262 0)
(2.7227121 0.41789905 0)
(2.7174529 0.4228695 0)
(2.7107451 0.42753 0)
(2.7026687 0.43191946 0)
(2.693319 0.43604192 0)
(1.1129043 -0.044071228 0)
(1.1361019 -0.12437016 0)
(1.156846 -0.19503794 0)
(1.1762993 -0.25506455 0)
(1.1959204 -0.30379216 0)
(1.2169837 -0.34101809 0)
(1.2406207 -0.36690988 0)
(1.2677687 -0.38192196 0)
(1.2991167 -0.38674676 0)
(1.3350825 -0.38228037 0)
(1.3758148 -0.36957906 0)
(1.4212143 -0.3498054 0)
(1.4709674 -0.32416786 0)
(1.5245889 -0.29386536 0)
(1.5814668 -0.26004009 0)
(1.6409071 -0.22374381 0)
(1.7021749 -0.18591496 0)
(1.7645303 -0.14736757 0)
(1.8272572 -0.10878751 0)
(1.8896861 -0.07073632 0)
(1.9512095 -0.033658539 0)
(2.0112916 0.0021068864 0)
(2.0694732 0.036314316 0)
(2.1253712 0.06879748 0)
(2.1786776 0.099457478 0)
(2.2291545 0.12825012 0)
(2.2766276 0.15517531 0)
(2.32098 0.18026644 0)
(2.3621444 0.2035825 0)
(2.4000962 0.22520018 0)
(2.4348464 0.2452086 0)
(2.4664356 0.26370384 0)
(2.494928 0.28078584 0)
(2.5204065 0.29655474 0)
(2.5429682 0.31110933 0)
(2.5627206 0.32454486 0)
(2.5797778 0.33695263 0)
(2.5942591 0.34841878 0)
(2.6062858 0.35902439 0)
(2.61598 0.368845 0)
(2.6234641 0.37795026 0)
(2.6288571 0.38640241 0)
(2.6322742 0.39425996 0)
(2.6338286 0.40157627 0)
(2.6336274 0.4083975 0)
(2.6317742 0.41476745 0)
(2.628371 0.42072725 0)
(2.6235096 0.4263223 0)
(2.61725 0.43159248 0)
(2.6096826 0.43654424 0)
(1.1118843 -0.041857715 0)
(1.1333514 -0.11824791 0)
(1.152569 -0.18586718 0)
(1.1704709 -0.24389408 0)
(1.1882884 -0.29176423 0)
(1.2071177 -0.32927461 0)
(1.2279536 -0.35651618 0)
(1.2516468 -0.37380862 0)
(1.2788538 -0.38167122 0)
(1.3100117 -0.38080532 0)
(1.3453346 -0.37206741 0)
(1.3848243 -0.35642748 0)
(1.4282945 -0.3349193 0)
(1.4754008 -0.30859107 0)
(1.525676 -0.27846276 0)
(1.5785654 -0.24549305 0)
(1.6334613 -0.21055642 0)
(1.6897334 -0.17442906 0)
(1.7467554 -0.1377826 0)
(1.8039268 -0.10118315 0)
(1.8606883 -0.065095618 0)
(1.9165338 -0.029889907 0)
(1.9710169 0.0041494401 0)
(2.0237538 0.036813743 0)
(2.0744232 0.067958635 0)
(2.1227653 0.097495367 0)
(2.1685772 0.1253801 0)
(2.2117089 0.15160627 0)
(2.2520574 0.17619525 0)
(2.289561 0.19919097 0)
(2.3241939 0.22065261 0)
(2.3559605 0.24065119 0)
(2.3848904 0.25926423 0)
(2.411034 0.27657383 0)
(2.434458 0.29266294 0)
(2.455242 0.30761469 0)
(2.473475 0.32150977 0)
(2.4892532 0.33442653 0)
(2.5026773 0.34643946 0)
(2.5138511 0.35761949 0)
(2.5228802 0.36803258 0)
(2.5298693 0.37773991 0)
(2.5349216 0.38679852 0)
(2.5381386 0.39526151 0)
(2.5396181 0.40317633 0)
(2.5394568 0.41058843 0)
(2.5377535 0.41753836 0)
(2.5345971 0.42406679 0)
(2.5300307 0.4302108 0)
(2.5241372 0.4360011 0)
(1.1109467 -0.039859807 0)
(1.1308317 -0.11265755 0)
(1.1486737 -0.17738556 0)
(1.1652107 -0.23340472 0)
(1.1814741 -0.28025213 0)
(1.1984006 -0.31774399 0)
(1.2168581 -0.34592199 0)
(1.2376098 -0.36500429 0)
(1.2612681 -0.37537266 0)
(1.2882698 -0.37756884 0)
(1.318868 -0.37228157 0)
(1.353137 -0.36031509 0)
(1.3909879 -0.34254911 0)
(1.4321904 -0.31989464 0)
(1.476399 -0.29325638 0)
(1.5231808 -0.26350072 0)
(1.5720434 -0.23143385 0)
(1.6224608 -0.19778605 0)
(1.6738961 -0.16320369 0)
(1.7258216 -0.12824548 0)
(1.7777342 -0.093383373 0)
(1.8291672 -0.059006354 0)
(1.8796986 -0.025425903 0)
(1.9289557 0.0071160926 0)
(1.9766174 0.038439894 0)
(2.0224135 0.068418408 0)
(2.0661238 0.096970867 0)
(2.1075752 0.12405375 0)
(2.1466378 0.14965516 0)
(2.1832207 0.17378692 0)
(2.2172673 0.19648062 0)
(2.2487513 0.21778134 0)
(2.2776718 0.23774515 0)
(2.3040498 0.25643433 0)
(2.327924 0.27391613 0)
(2.3493479 0.2902593 0)
(2.3683861 0.30553362 0)
(2.3851126 0.3198076 0)
(2.3996078 0.33314836 0)
(2.411957 0.34562046 0)
(2.4222485 0.35728562 0)
(2.4305724 0.36820171 0)
(2.437019 0.37842378 0)
(2.441678 0.38800339 0)
(2.4446373 0.39698848 0)
(2.4459843 0.40542475 0)
(2.4458083 0.41335265 0)
(2.4441914 0.42080614 0)
(2.4411807 0.42781836 0)
(2.4368509 0.43444295 0)
(1.1100846 -0.038068986 0)
(1.1285228 -0.10758304 0)
(1.145122 -0.16958517 0)
(1.1604525 -0.22361345 0)
(1.1753699 -0.26931357 0)
(1.1906681 -0.30653651 0)
(1.2070987 -0.33529634 0)
(1.2253389 -0.35573727 0)
(1.2459509 -0.36813241 0)
(1.269357 -0.37289466 0)
(1.2958295 -0.37057238 0)
(1.3254923 -0.36182955 0)
(1.3583293 -0.34741085 0)
(1.3942004 -0.32810549 0)
(1.4328609 -0.30471111 0)
(1.4739822 -0.27800624 0)
(1.5171746 -0.24872735 0)
(1.5620079 -0.21755465 0)
(1.6080313 -0.18510144 0)
(1.6547909 -0.15190982 0)
(1.7018433 -0.11844843 0)
(1.7487684 -0.085114403 0)
(1.795177 -0.052236233 0)
(1.8407173 -0.020079102 0)
(1.8850781 0.011149512 0)
(1.9279899 0.041292757 0)
(1.9692251 0.070238059 0)
(2.008597 0.097910895 0)
(2.0459572 0.1242687 0)
(2.0811928 0.14929508 0)
(2.1142235 0.17299478 0)
(2.1449973 0.1953891 0)
(2.1734876 0.21651213 0)
(2.1996898 0.23640734 0)
(2.2236175 0.25512495 0)
(2.2453001 0.2727195 0)
(2.2647798 0.28924826 0)
(2.2821091 0.30476946 0)
(2.2973488 0.31934151 0)
(2.310566 0.33302181 0)
(2.3218325 0.34586636 0)
(2.3312231 0.35792889 0)
(2.3388147 0.36926103 0)
(2.3446849 0.37991197 0)
(2.3489113 0.38992837 0)
(2.3515711 0.39935455 0)
(2.3527416 0.40823119 0)
(2.3524959 0.4165919 0)
(2.3508894 0.42447006 0)
(2.3479896 0.43191817 0)
(1.1092921 -0.036477865 0)
(1.1264061 -0.10300843 0)
(1.1418798 -0.16245467 0)
(1.1561384 -0.2145274 0)
(1.1698819 -0.25898814 0)
(1.1837776 -0.29573475 0)
(1.1984707 -0.32477227 0)
(1.2145567 -0.34619199 0)
(1.2325441 -0.36018403 0)
(1.2528313 -0.36705684 0)
(1.2756959 -0.36724402 0)
(1.3012926 -0.36129045 0)
(1.3296588 -0.34982563 0)
(1.3607242 -0.33353055 0)
(1.394326 -0.31310699 0)
(1.4302235 -0.28925044 0)
(1.4681166 -0.26263027 0)
(1.5076616 -0.23387402 0)
(1.5484883 -0.20355807 0)
(1.590214 -0.17220054 0)
(1.6324571 -0.14025928 0)
(1.6748474 -0.10813026 0)
(1.7170346 -0.076150429 0)
(1.7586947 -0.044599301 0)
(1.7995347 -0.013704641 0)
(1.8392942 0.016354364 0)
(1.8777473 0.045439615 0)
(1.9147017 0.073450947 0)
(1.9499986 0.10031923 0)
(1.9835105 0.12600331 0)
(2.0151391 0.15048345 0)
(2.0448129 0.17375906 0)
(2.0724842 0.19584326 0)
(2.0981267 0.21676141 0)
(2.1217323 0.23654674 0)
(2.1433092 0.25523958 0)
(2.1628787 0.27288402 0)
(2.1804738 0.28952767 0)
(2.1961366 0.30521915 0)
(2.2099169 0.32000827 0)
(2.2218702 0.33394411 0)
(2.2320565 0.34707533 0)
(2.2405393 0.3594492 0)
(2.2473836 0.37111173 0)
(2.2526561 0.38210688 0)
(2.2564237 0.39247714 0)
(2.2587528 0.40226223 0)
(2.2597077 0.41149806 0)
(2.2593451 0.4202196 0)
(2.2577271 0.42847109 0)
(1.1085636 -0.035079676 0)
(1.1244652 -0.098918264 0)
(1.1389165 -0.15597907 0)
(1.1522165 -0.20614494 0)
(1.1649273 -0.2492987 0)
(1.1776036 -0.28539671 0)
(1.1907947 -0.31444915 0)
(1.205019 -0.33651301 0)
(1.2207309 -0.35171525 0)
(1.2382993 -0.36028205 0)
(1.2579966 -0.36255298 0)
(1.2799951 -0.35897422 0)
(1.3043692 -0.35007685 0)
(1.3311024 -0.33644843 0)
(1.3600968 -0.31870491 0)
(1.3911853 -0.2974665 0)
(1.4241443 -0.27333831 0)
(1.4587071 -0.24689637 0)
(1.4945768 -0.21867709 0)
(1.5314387 -0.18917109 0)
(1.5689714 -0.15881851 0)
(1.6068561 -0.12800829 0)
(1.644785 -0.097077173 0)
(1.6824671 -0.066312674 0)
(1.7196332 -0.035954265 0)
(1.756039 -0.0061984265 0)
(1.791467 0.022798911 0)
(1.8257271 0.050915956 0)
(1.8586568 0.078062976 0)
(1.8901205 0.1041763 0)
(1.9200082 0.12921612 0)
(1.948234 0.15316085 0)
(1.9747342 0.17600564 0)
(1.9994646 0.19775759 0)
(2.0223993 0.21843481 0)
(2.0435277 0.23806259 0)
(2.0628533 0.25667288 0)
(2.0803909 0.27430141 0)
(2.0961657 0.29098749 0)
(2.1102111 0.30677191 0)
(2.1225673 0.32169695 0)
(2.1332801 0.33580488 0)
(2.1423996 0.34913812 0)
(2.1499787 0.36173845 0)
(2.1560728 0.37364688 0)
(2.1607383 0.38490317 0)
(2.164032 0.39554568 0)
(2.1660097 0.40561112 0)
(2.1667243 0.41513463 0)
(2.1662315 0.42415596 0)
(1.1078944 -0.033868483 0)
(1.1226854 -0.095296456 0)
(1.1362042 -0.15014003 0)
(1.1486397 -0.19845486 0)
(1.1604316 -0.24025234 0)
(1.1720341 -0.27555647 0)
(1.1839104 -0.30439525 0)
(1.1965077 -0.32680626 0)
(1.2102276 -0.34287043 0)
(1.2254068 -0.35274989 0)
(1.2423054 -0.35670863 0)
(1.2611031 -0.35511161 0)
(1.2818995 -0.34840731 0)
(1.3047178 -0.33710321 0)
(1.3295119 -0.32174025 0)
(1.3561749 -0.30287079 0)
(1.3845483 -0.28104083 0)
(1.4144323 -0.25677649 0)
(1.4455962 -0.23057431 0)
(1.4777882 -0.20289426 0)
(1.5107443 -0.17415549 0)
(1.5441969 -0.14473364 0)
(1.5778818 -0.11496038 0)
(1.6115441 -0.085123529 0)
(1.6449427 -0.055469197 0)
(1.6778543 -0.02620357 0)
(1.7100752 0.002503516 0)
(1.7414233 0.030515694 0)
(1.7717384 0.057725635 0)
(1.8008827 0.084052691 0)
(1.82874 0.10943866 0)
(1.855215 0.1338452 0)
(1.8802323 0.15725006 0)
(1.9037344 0.17964509 0)
(1.9256806 0.20103304 0)
(1.9460452 0.22142608 0)
(1.9648158 0.24084329 0)
(1.9819917 0.25930962 0)
(1.9975828 0.27685403 0)
(2.0116074 0.29350879 0)
(2.0240916 0.30930821 0)
(2.0350678 0.32428818 0)
(2.0445733 0.33848537 0)
(2.0526494 0.35193693 0)
(2.0593405 0.36468001 0)
(2.0646928 0.37675149 0)
(2.0687539 0.388188 0)
(2.0715708 0.39902438 0)
(2.0731912 0.40929691 0)
(2.0736629 0.41904008 0)
(1.1072801 -0.032838722 0)
(1.121053 -0.092126084 0)
(1.1337173 -0.14491452 0)
(1.1453647 -0.19143651 0)
(1.156326 -0.23183971 0)
(1.1669664 -0.26622485 0)
(1.1776717 -0.29464814 0)
(1.1888242 -0.31714044 0)
(1.200776 -0.33375116 0)
(1.2138302 -0.3445937 0)
(1.2282307 -0.34987246 0)
(1.2441576 -0.34988644 0)
(1.2617264 -0.34501584 0)
(1.2809897 -0.33570038 0)
(1.3019418 -0.32241631 0)
(1.3245248 -0.30565611 0)
(1.3486349 -0.28591205 0)
(1.3741305 -0.2636636 0)
(1.4008395 -0.23936817 0)
(1.428567 -0.21345436 0)
(1.4571032 -0.18631739 0)
(1.4862296 -0.15831624 0)
(1.5157256 -0.12977225 0)
(1.5453733 -0.10096894 0)
(1.5749624 -0.072152812 0)
(1.6042936 -0.043534978 0)
(1.6331815 -0.015293196 0)
(1.6614562 0.012425501 0)
(1.6889647 0.039501736 0)
(1.7155716 0.065841003 0)
(1.7411593 0.091370997 0)
(1.7656277 0.11603865 0)
(1.7888939 0.13980756 0)
(1.8108909 0.16265541 0)
(1.8315669 0.18457182 0)
(1.8508836 0.2055562 0)
(1.8688159 0.2256161 0)
(1.8853497 0.24476552 0)
(1.9004813 0.26302372 0)
(1.914216 0.28041399 0)
(1.9265669 0.29696279 0)
(1.937554 0.31269897 0)
(1.9472029 0.32765319 0)
(1.9555439 0.34185747 0)
(1.9626109 0.3553446 0)
(1.9684409 0.36814836 0)
(1.9730715 0.38030192 0)
(1.976543 0.39184002 0)
(1.9788947 0.4027951 0)
(1.9801688 0.4132035 0)
(1.1067167 -0.031985298 0)
(1.1195557 -0.089388574 0)
(1.1314316 -0.14027406 0)
(1.1423504 -0.18505841 0)
(1.1525455 -0.22403446 0)
(1.1623034 -0.25738853 0)
(1.1719413 -0.28521451 0)
(1.1817833 -0.30754711 0)
(1.1921353 -0.32441641 0)
(1.2032678 -0.33590041 0)
(1.2154068 -0.34215745 0)
(1.2287282 -0.34343406 0)
(1.2433567 -0.34005472 0)
(1.2593662 -0.33240277 0)
(1.2767828 -0.32089943 0)
(1.2955883 -0.30598509 0)
(1.3157249 -0.28810408 0)
(1.3371007 -0.267693 0)
(1.3595952 -0.24517198 0)
(1.3830651 -0.22093835 0)
(1.4073502 -0.19536209 0)
(1.4322782 -0.16878282 0)
(1.4576707 -0.14150808 0)
(1.4833468 -0.11381274 0)
(1.5091279 -0.085939263 0)
(1.5348408 -0.058098675 0)
(1.5603206 -0.030472133 0)
(1.5854128 -0.0032127363 0)
(1.6099753 0.023552208 0)
(1.6338788 0.049718449 0)
(1.6570082 0.075202776 0)
(1.6792624 0.099940675 0)
(1.7005548 0.12388391 0)
(1.7208122 0.1469984 0)
(1.7399747 0.16926208 0)
(1.757995 0.1906632 0)
(1.7748373 0.21119853 0)
(1.7904766 0.23087199 0)
(1.8048976 0.24969336 0)
(1.8180944 0.26767725 0)
(1.8300685 0.28484213 0)
(1.840829 0.30120973 0)
(1.8503908 0.31680439 0)
(1.8587741 0.33165249 0)
(1.8660035 0.34578246 0)
(1.8721063 0.35922365 0)
(1.8771132 0.37200738 0)
(1.8810546 0.38416422 0)
(1.8839655 0.39572771 0)
(1.8858794 0.4067305 0)
(1.1062008 -0.031303316 0)
(1.1181814 -0.087062897 0)
(1.1293235 -0.13618319 0)
(1.1395561 -0.17927639 0)
(1.149026 -0.21679118 0)
(1.1579501 -0.24900849 0)
(1.1665859 -0.27606856 0)
(1.1752058 -0.29801927 0)
(1.1840741 -0.31488158 0)
(1.1934311 -0.32670944 0)
(1.2034843 -0.33362688 0)
(1.2144031 -0.33583952 0)
(1.2263172 -0.33362728 0)
(1.2393159 -0.32732729 0)
(1.2534502 -0.31731466 0)
(1.2687344 -0.30398512 0)
(1.2851492 -0.28774082 0)
(1.3026455 -0.26897957 0)
(1.3211482 -0.24808669 0)
(1.3405598 -0.2254291 0)
(1.3607653 -0.201351 0)
(1.3816354 -0.17617097 0)
(1.4030313 -0.15018014 0)
(1.4248082 -0.12364141 0)
(1.4468187 -0.096789362 0)
(1.4689163 -0.069830908 0)
(1.490958 -0.04294636 0)
(1.5128067 -0.016290831 0)
(1.5343331 0.010004139 0)
(1.5554172 0.035828335 0)
(1.5759491 0.061091088 0)
(1.59583 0.085719379 0)
(1.6149722 0.10965584 0)
(1.6332996 0.1328568 0)
(1.6507471 0.15529052 0)
(1.6672606 0.17693551 0)
(1.6827963 0.19777901 0)
(1.6973204 0.21781568 0)
(1.7108084 0.23704645 0)
(1.7232442 0.25547753 0)
(1.73462 0.27311958 0)
(1.7449352 0.28998713 0)
(1.7541951 0.30609791 0)
(1.7624115 0.32147276 0)
(1.7695999 0.33613476 0)
(1.7757807 0.35010978 0)
(1.780975 0.36342484 0)
(1.785209 0.37610975 0)
(1.7885093 0.38819469 0)
(1.1057292 -0.030787781 0)
(1.1169187 -0.085124146 0)
(1.1273689 -0.13259706 0)
(1.1369399 -0.17403061 0)
(1.1457011 -0.21004212 0)
(1.1538093 -0.24101669 0)
(1.1614702 -0.26714912 0)
(1.168912 -0.2885087 0)
(1.1763624 -0.30511618 0)
(1.1840349 -0.31701083 0)
(1.1921196 -0.32429241 0)
(1.2007788 -0.32713572 0)
(1.2101445 -0.3257857 0)
(1.2203177 -0.32054229 0)
(1.2313691 -0.31174257 0)
(1.2433398 -0.29974445 0)
(1.2562433 -0.28491351 0)
(1.2700676 -0.26761287 0)
(1.2847771 -0.24819573 0)
(1.3003154 -0.22699991 0)
(1.3166081 -0.2043439 0)
(1.3335655 -0.18052418 0)
(1.3510857 -0.15581355 0)
(1.3690575 -0.13046032 0)
(1.3873637 -0.1046881 0)
(1.4058839 -0.078696239 0)
(1.4244972 -0.052660619 0)
(1.4430845 -0.026734725 0)
(1.4615308 -0.0010509416 0)
(1.4797269 0.024278018 0)
(1.4975701 0.049157189 0)
(1.514966 0.073507976 0)
(1.5318285 0.097266465 0)
(1.5480807 0.12038175 0)
(1.5636546 0.14281432 0)
(1.5784916 0.16453462 0)
(1.5925421 0.18552166 0)
(1.6057654 0.20576184 0)
(1.6181293 0.22524793 0)
(1.6296099 0.24397818 0)
(1.6401913 0.26195565 0)
(1.6498644 0.27918764 0)
(1.6586273 0.29568539 0)
(1.6664835 0.3114635 0)
(1.6734424 0.32654028 0)
(1.6795159 0.34093657 0)
(1.6847214 0.35467703 0)
(1.6890763 0.36778761 0)
(1.6926029 0.38029804 0)
(1.1052989 -0.030433091 0)
(1.1157558 -0.083541525 0)
(1.1255424 -0.12945809 0)
(1.1344562 -0.16924123 0)
(1.1424989 -0.20369239 0)
(1.149776 -0.23331121 0)
(1.1564503 -0.25835505 0)
(1.1627128 -0.27892205 0)
(1.1687613 -0.29504028 0)
(1.1747864 -0.30674233 0)
(1.1809634 -0.31411189 0)
(1.1874479 -0.31730141 0)
(1.1943731 -0.31652916 0)
(1.2018493 -0.31206568 0)
(1.2099634 -0.30421712 0)
(1.2187795 -0.29330988 0)
(1.2283391 -0.27967807 0)
(1.2386626 -0.26365412 0)
(1.2497496 -0.24556181 0)
(1.2615804 -0.22571132 0)
(1.2741171 -0.20439577 0)
(1.2873059 -0.1818889 0)
(1.3010785 -0.15844369 0)
(1.3153551 -0.13429177 0)
(1.3300463 -0.10964321 0)
(1.3450563 -0.084686968 0)
(1.3602855 -0.059591423 0)
(1.3756325 -0.034505283 0)
(1.3909971 -0.0095585278 0)
(1.4062811 0.015136493 0)
(1.4213905 0.039483492 0)
(1.4362365 0.06340104 0)
(1.4507363 0.086821208 0)
(1.4648136 0.10968809 0)
(1.4783995 0.13195641 0)
(1.4914326 0.15359017 0)
(1.5038591 0.17456152 0)
(1.515633 0.19484963 0)
(1.5267164 0.21443984 0)
(1.5370789 0.23332292 0)
(1.5466977 0.25149454 0)
(1.5555577 0.26895489 0)
(1.56365 0.28570831 0)
(1.5709727 0.30176351 0)
(1.5775285 0.31713287 0)
(1.5833261 0.33183347 0)
(1.588375 0.345885 0)
(1.5926911 0.35931263 0)
(1.5962892 0.37214225 0)
(1.1049071 -0.030232279 0)
(1.11468 -0.082275429 0)
(1.1238149 -0.12669111 0)
(1.1320523 -0.16480223 0)
(1.1393365 -0.19761302 0)
(1.145731 -0.22574918 0)
(1.1513646 -0.24953865 0)
(1.1564 -0.26911495 0)
(1.1610117 -0.2845198 0)
(1.1653727 -0.29578556 0)
(1.1696469 -0.30298644 0)
(1.1739846 -0.30625925 0)
(1.1785206 -0.3058025 0)
(1.183373 -0.30186393 0)
(1.1886428 -0.29472495 0)
(1.1944141 -0.28468597 0)
(1.2007534 -0.27205433 0)
(1.2077098 -0.25713541 0)
(1.2153147 -0.24022606 0)
(1.2235813 -0.22161024 0)
(1.232505 -0.20155602 0)
(1.2420641 -0.18031386 0)
(1.2522209 -0.15811571 0)
(1.2629233 -0.1351747 0)
(1.2741073 -0.11168526 0)
(1.2856995 -0.087823505 0)
(1.2976196 -0.063747757 0)
(1.309783 -0.039599234 0)
(1.3221032 -0.015502782 0)
(1.3344932 0.0084322713 0)
(1.3468679 0.032110983 0)
(1.3591444 0.055451638 0)
(1.371244 0.078384651 0)
(1.3830924 0.10085127 0)
(1.3946207 0.12280231 0)
(1.4057658 0.144197 0)
(1.416471 0.16500189 0)
(1.4266864 0.18518992 0)
(1.4363693 0.20473971 0)
(1.4454842 0.22363495 0)
(1.4540033 0.24186407 0)
(1.4619059 0.25941998 0)
(1.4691788 0.27630019 0)
(1.4758149 0.29250656 0)
(1.4818145 0.30804627 0)
(1.4871801 0.32293048 0)
(1.491922 0.33717691 0)
(1.496049 0.35080578 0)
(1.4995754 0.36384462 0)
(1.1045513 -0.030175751 0)
(1.1136767 -0.081273052 0)
(1.1221509 -0.12419631 0)
(1.1296638 -0.1605725 0)
(1.1361127 -0.19163121 0)
(1.1415302 -0.21813706 0)
(1.1460219 -0.24049648 0)
(1.1497313 -0.2588841 0)
(1.1528178 -0.27336014 0)
(1.155443 -0.28396131 0)
(1.1577635 -0.29075718 0)
(1.1599267 -0.29387391 0)
(1.1620697 -0.29349538 0)
(1.1643178 -0.28985202 0)
(1.1667851 -0.28320575 0)
(1.1695735 -0.27383579 0)
(1.1727726 -0.26202691 0)
(1.176458 -0.24806063 0)
(1.1806902 -0.23220905 0)
(1.1855127 -0.21473093 0)
(1.1909512 -0.19586942 0)
(1.1970127 -0.17585101 0)
(1.2036864 -0.15488535 0)
(1.2109448 -0.13316547 0)
(1.2187456 -0.11086826 0)
(1.2270349 -0.088154973 0)
(1.2357492 -0.065171702 0)
(1.2448185 -0.042049922 0)
(1.2541686 -0.018906996 0)
(1.263723 0.0041531661 0)
(1.2734044 0.02703929 0)
(1.2831363 0.049671675 0)
(1.2928439 0.071981258 0)
(1.302455 0.093908426 0)
(1.3119012 0.11540187 0)
(1.3211185 0.1364175 0)
(1.3300478 0.15691746 0)
(1.338636 0.17686936 0)
(1.3468366 0.19624562 0)
(1.35461 0.21502312 0)
(1.361924 0.23318291 0)
(1.3687545 0.25071049 0)
(1.3750841 0.26759562 0)
(1.3809043 0.28383352 0)
(1.3862112 0.29942412 0)
(1.3910097 0.31437472 0)
(1.3953046 0.32869688 0)
(1.3991087 0.34241164 0)
(1.4024323 0.35554242 0)
(1.1042285 -0.030249132 0)
(1.1127273 -0.08046152 0)
(1.1205046 -0.12183851 0)
(1.1272063 -0.1563626 0)
(1.1326967 -0.18551599 0)
(1.1369907 -0.21021642 0)
(1.1401833 -0.23095646 0)
(1.1424103 -0.24795626 0)
(1.1438253 -0.26129733 0)
(1.1445855 -0.27102314 0)
(1.144845 -0.27720107 0)
(1.1447511 -0.27994954 0)
(1.1444439 -0.27944127 0)
(1.1440561 -0.27589339 0)
(1.1437135 -0.26955278 0)
(1.1435351 -0.26068172 0)
(1.1436324 -0.24954611 0)
(1.1441064 -0.23640639 0)
(1.1450455 -0.22151151 0)
(1.1465217 -0.20509557 0)
(1.1485883 -0.18737629 0)
(1.1512782 -0.16855511 0)
(1.1546037 -0.14881789 0)
(1.1585575 -0.12833595 0)
(1.1631154 -0.10726693 0)
(1.168239 -0.085755513 0)
(1.1738783 -0.063933793 0)
(1.1799755 -0.041921636 0)
(1.1864663 -0.019826956 0)
(1.1932828 0.0022538253 0)
(1.2003549 0.024235163 0)
(1.2076112 0.046041419 0)
(1.2149803 0.067606018 0)
(1.2223919 0.088870276 0)
(1.2297777 0.10978234 0)
(1.2370727 0.13029607 0)
(1.2442155 0.15037026 0)
(1.25115 0.16996779 0)
(1.2578261 0.18905525 0)
(1.2642006 0.20760256 0)
(1.2702381 0.22558316 0)
(1.2759107 0.24297406 0)
(1.2812005 0.25975698 0)
(1.2860961 0.27591817 0)
(1.2905968 0.29145132 0)
(1.2947044 0.3063556 0)
(1.2984317 0.32064129 0)
(1.3017887 0.33432354 0)
(1.3047909 0.34743059 0)
(1.1039353 -0.030429466 0)
(1.1118063 -0.079736744 0)
(1.1188119 -0.1194304 0)
(1.1245634 -0.15191461 0)
(1.1289104 -0.1789568 0)
(1.1318678 -0.20164309 0)
(1.133536 -0.2205589 0)
(1.134057 -0.235972 0)
(1.1335895 -0.24798513 0)
(1.1322946 -0.25664761 0)
(1.1303287 -0.26202394 0)
(1.1278415 -0.26422506 0)
(1.1249764 -0.26341402 0)
(1.1218726 -0.25979723 0)
(1.118667 -0.25361023 0)
(1.1154952 -0.24510245 0)
(1.1124902 -0.23452435 0)
(1.1097789 -0.22211772 0)
(1.1074777 -0.20810932 0)
(1.1056865 -0.19270811 0)
(1.1044843 -0.17610509 0)
(1.1039265 -0.15847479 0)
(1.1040444 -0.1399774 0)
(1.1048463 -0.12076078 0)
(1.1063211 -0.10096183 0)
(1.1084412 -0.080707273 0)
(1.1111665 -0.06011382 0)
(1.1144474 -0.039288281 0)
(1.1182275 -0.018327515 0)
(1.1224453 0.0026812855 0)
(1.1270356 0.023660108 0)
(1.131931 0.044539199 0)
(1.1370623 0.065256177 0)
(1.1423599 0.085754852 0)
(1.147755 0.10598412 0)
(1.1531804 0.12589692 0)
(1.1585721 0.14544936 0)
(1.1638704 0.1646 0)
(1.1690213 0.18330953 0)
(1.1739779 0.20154053 0)
(1.1787013 0.21925771 0)
(1.1831621 0.23642871 0)
(1.1873399 0.25302453 0)
(1.1912266 0.26902224 0)
(1.1948205 0.28440455 0)
(1.1981342 0.29916542 0)
(1.2011796 0.31330613 0)
(1.2039803 0.32684476 0)
(1.2065547 0.33980598 0)
(1.1036671 -0.03067839 0)
(1.1108765 -0.0789449 0)
(1.1169796 -0.11670563 0)
(1.1215678 -0.14687052 0)
(1.1245027 -0.17153034 0)
(1.1258231 -0.19195521 0)
(1.1256559 -0.20882757 0)
(1.124167 -0.22246099 0)
(1.1215334 -0.23297461 0)
(1.1179286 -0.24041784 0)
(1.113516 -0.24484727 0)
(1.1084487 -0.24636289 0)
(1.1028722 -0.24511707 0)
(1.0969301 -0.24130698 0)
(1.0907683 -0.23516014 0)
(1.0845383 -0.22691764 0)
(1.0783961 -0.21681853 0)
(1.072497 -0.20508811 0)
(1.0669872 -0.19193097 0)
(1.0619952 -0.17752923 0)
(1.0576244 -0.16204434 0)
(1.0539491 -0.14562109 0)
(1.0510144 -0.12839153 0)
(1.0488384 -0.11047832 0)
(1.0474167 -0.091996354 0)
(1.0467273 -0.073053489 0)
(1.0467351 -0.053750187 0)
(1.0473954 -0.034179163 0)
(1.0486559 -0.014424992 0)
(1.0504592 0.005435815 0)
(1.0527432 0.025334305 0)
(1.0554421 0.045208166 0)
(1.0584871 0.065000644 0)
(1.0618079 0.084659286 0)
(1.0653331 0.10413479 0)
(1.0689924 0.12337985 0)
(1.0727175 0.14234836 0)
(1.076444 0.16099459 0)
(1.0801131 0.17927287 0)
(1.0836728 0.19713742 0)
(1.0870812 0.2145429 0)
(1.0903052 0.2314447 0)
(1.0933262 0.24780155 0)
(1.0961355 0.26357589 0)
(1.0987422 0.27873956 0)
(1.1011603 0.29327235 0)
(1.103423 0.30717287 0)
(1.1055598 0.32045172 0)
(1.1076067 0.33314288 0)
(1.1034173 -0.030929959 0)
(1.109881 -0.077851433 0)
(1.1148683 -0.11327544 0)
(1.1179746 -0.14072237 0)
(1.1191132 -0.16264949 0)
(1.1183812 -0.18052436 0)
(1.1159604 -0.19512544 0)
(1.1120624 -0.20680328 0)
(1.1068986 -0.21568105 0)
(1.1006636 -0.22179526 0)
(1.0935311 -0.22518287 0)
(1.0856554 -0.22592454 0)
(1.0771795 -0.22415766 0)
(1.0682452 -0.22007058 0)
(1.0590032 -0.21388724 0)
(1.0496203 -0.20584688 0)
(1.0402785 -0.19618301 0)
(1.0311672 -0.18510694 0)
(1.022468 -0.17279981 0)
(1.0143407 -0.15941291 0)
(1.0069116 -0.14507336 0)
(1.0002692 -0.12989191 0)
(0.9944653 -0.11396963 0)
(0.98951961 -0.097402356 0)
(0.9854272 -0.080282474 0)
(0.98216512 -0.062698773 0)
(0.97969796 -0.044735239 0)
(0.97798145 -0.026469922 0)
(0.9769647 -0.0079741791 0)
(0.97659124 0.010687179 0)
(0.97679934 0.029455608 0)
(0.97752249 0.048277382 0)
(0.97869006 0.067102432 0)
(0.98022827 0.085882876 0)
(0.9820615 0.10457183 0)
(0.9841138 0.12312216 0)
(0.98631066 0.14148557 0)
(0.9885809 0.15961173 0)
(0.99085865 0.17744783 0)
(0.99308604 0.19493833 0)
(0.9952144 0.21202501 0)
(0.99720908 0.22864875 0)
(0.99904809 0.2447498 0)
(1.0007304 0.26027335 0)
(1.0022672 0.27516957 0)
(1.0036968 0.28940571 0)
(1.0050629 0.3029635 0)
(1.0064269 0.31585484 0)
(1.0078474 0.32811672 0)
(1.1031756 -0.031069681 0)
(1.1087328 -0.076090829 0)
(1.11227 -0.10856086 0)
(1.1134278 -0.13273689 0)
(1.1122311 -0.15148754 0)
(1.1088845 -0.16648449 0)
(1.1036624 -0.17859067 0)
(1.0968502 -0.18817321 0)
(1.0887111 -0.19533521 0)
(1.0794698 -0.20007597 0)
(1.0693095 -0.20239188 0)
(1.0583786 -0.2023279 0)
(1.0468052 -0.1999981 0)
(1.0347163 -0.19558174 0)
(1.0222575 -0.18930744 0)
(1.0096092 -0.18142507 0)
(0.99698712 -0.17217339 0)
(0.98462738 -0.16175338 0)
(0.97275842 -0.15031876 0)
(0.96157609 -0.13798263 0)
(0.95122796 -0.12482948 0)
(0.94180915 -0.11093054 0)
(0.9333674 -0.096352662 0)
(0.92591332 -0.081164727 0)
(0.91943172 -0.065437135 0)
(0.91389123 -0.049240848 0)
(0.90925068 -0.032643827 0)
(0.90546229 -0.015709353 0)
(0.90247277 0.0015049842 0)
(0.9002237 0.018947188 0)
(0.89865092 0.036569681 0)
(0.89768411 0.054327911 0)
(0.89724768 0.072178859 0)
(0.89726169 0.090079528 0)
(0.89764331 0.10798556 0)
(0.89830838 0.12584998 0)
(0.89917336 0.14362215 0)
(0.90015747 0.16124666 0)
(0.90118516 0.17866266 0)
(0.90218806 0.19580265 0)
(0.90311015 0.21259379 0)
(0.90390784 0.22895582 0)
(0.90455969 0.24480705 0)
(0.90506202 0.26006229 0)
(0.90544593 0.27464675 0)
(0.90576067 0.28849438 0)
(0.90609271 0.30157023 0)
(0.90653997 0.31387661 0)
(0.90720924 0.32545999 0)
(1.102926 -0.030900702 0)
(1.1073015 -0.073090297 0)
(1.1088848 -0.10169472 0)
(1.10743 -0.12185147 0)
(1.1031648 -0.13687837 0)
(1.0964696 -0.14864154 0)
(1.0877604 -0.15805813 0)
(1.0774293 -0.16547255 0)
(1.0658109 -0.17092591 0)
(1.0531659 -0.17434084 0)
(1.0396814 -0.17563617 0)
(1.0254829 -0.17479497 0)
(1.0106576 -0.17189035 0)
(0.99528926 -0.16709342 0)
(0.97949708 -0.1606549 0)
(0.96347151 -0.1528637 0)
(0.94747997 -0.14398727 0)
(0.93183341 -0.13422123 0)
(0.91682897 -0.12368376 0)
(0.90270758 -0.11243394 0)
(0.889633 -0.10050223 0)
(0.87769332 -0.087912282 0)
(0.86691595 -0.074696076 0)
(0.85728698 -0.060897273 0)
(0.84876965 -0.046567314 0)
(0.84131617 -0.03176226 0)
(0.83487488 -0.01653483 0)
(0.82939058 -0.00093418165 0)
(0.82480461 0.014996844 0)
(0.82105291 0.031218673 0)
(0.8180648 0.04769526 0)
(0.81576272 0.064390501 0)
(0.81406273 0.081268429 0)
(0.8128755 0.098289988 0)
(0.81210773 0.11541328 0)
(0.81166411 0.13259101 0)
(0.81144895 0.14977044 0)
(0.81136851 0.16689083 0)
(0.81133253 0.18388295 0)
(0.81125943 0.20066698 0)
(0.81107605 0.21715076 0)
(0.81072892 0.23323128 0)
(0.81018259 0.24879141 0)
(0.80943936 0.26371046 0)
(0.80853063 0.27786123 0)
(0.80754474 0.29113419 0)
(0.80661559 0.30345327 0)
(0.80591374 0.31479075 0)
(0.80563737 0.32522183 0)
(1.1026445 -0.03009206 0)
(1.1053996 -0.067962417 0)
(1.104303 -0.091395245 0)
(1.0993342 -0.1065517 0)
(1.091056 -0.11721 0)
(1.0801144 -0.12538739 0)
(1.0671245 -0.13199295 0)
(1.0526212 -0.13728086 0)
(1.0370281 -0.14116672 0)
(1.0206467 -0.14343049 0)
(1.0036535 -0.14386286 0)
(0.98611941 -0.14232957 0)
(0.96804211 -0.13883607 0)
(0.94939879 -0.13353923 0)
(0.93023324 -0.12675786 0)
(0.91073808 -0.11888486 0)
(0.89127812 -0.11026697 0)
(0.87230225 -0.10110558 0)
(0.85422073 -0.091455376 0)
(0.83733015 -0.081299335 0)
(0.82179656 -0.070589765 0)
(0.80767584 -0.059301498 0)
(0.79494808 -0.047434028 0)
(0.78355655 -0.035015495 0)
(0.77342986 -0.022084225 0)
(0.76449799 -0.008683494 0)
(0.75669521 0.0051471666 0)
(0.74995614 0.019372948 0)
(0.7442125 0.033964624 0)
(0.73939018 0.048895873 0)
(0.73540786 0.064140463 0)
(0.73217616 0.079670913 0)
(0.72959887 0.095456153 0)
(0.72757368 0.1114614 0)
(0.72599434 0.12764643 0)
(0.72475161 0.14396534 0)
(0.72373487 0.16036434 0)
(0.72283337 0.17678046 0)
(0.72193897 0.19313845 0)
(0.72094583 0.20934758 0)
(0.71976049 0.22529947 0)
(0.71829919 0.24086114 0)
(0.71651085 0.25587968 0)
(0.71437249 0.27017178 0)
(0.71192658 0.28354357 0)
(0.70929205 0.29579932 0)
(0.70666873 0.3067643 0)
(0.70437051 0.31637104 0)
(0.7027651 0.32467555 0)
(1.1022925 -0.028095815 0)
(1.1027673 -0.059361784 0)
(1.0980054 -0.075822296 0)
(1.0883878 -0.084758367 0)
(1.0749894 -0.090351176 0)
(1.0588253 -0.094663279 0)
(1.0407653 -0.09848246 0)
(1.0215142 -0.10187494 0)
(1.0016061 -0.10452979 0)
(0.98137916 -0.1060136 0)
(0.96098856 -0.10588254 0)
(0.94040609 -0.1038186 0)
(0.91944345 -0.099669923 0)
(0.89783443 -0.093573869 0)
(0.8754185 -0.086024699 0)
(0.85238439 -0.077674021 0)
(0.829303 -0.069051853 0)
(0.80691632 -0.060372537 0)
(0.78582715 -0.051554264 0)
(0.76639101 -0.04246609 0)
(0.74874069 -0.032959588 0)
(0.73284294 -0.022973486 0)
(0.71859669 -0.012490601 0)
(0.70587902 -0.0015464662 0)
(0.69458341 0.0098333184 0)
(0.68461321 0.021610029 0)
(0.6758869 0.033762544 0)
(0.66832461 0.046271271 0)
(0.66184601 0.059126007 0)
(0.65636104 0.072312196 0)
(0.65177223 0.085816509 0)
(0.64797346 0.099618358 0)
(0.64485286 0.11369502 0)
(0.64229349 0.12801747 0)
(0.64017487 0.14255315 0)
(0.63837344 0.15726323 0)
(0.63676263 0.17210191 0)
(0.63521315 0.18701338 0)
(0.63359156 0.2019274 0)
(0.63176599 0.21675531 0)
(0.62959974 0.23138013 0)
(0.6269724 0.24565226 0)
(0.62377203 0.25937235 0)
(0.61993768 0.27229236 0)
(0.61547963 0.28410759 0)
(0.61051039 0.29445907 0)
(0.60535226 0.30300825 0)
(0.60051835 0.30947553 0)
(0.59676319 0.31389756 0)
(1.1017942 -0.024048459 0)
(1.0990554 -0.045397124 0)
(1.0893989 -0.052573243 0)
(1.0738679 -0.053923275 0)
(1.054258 -0.053835952 0)
(1.0320372 -0.054201907 0)
(1.0083474 -0.05552266 0)
(0.98408464 -0.057526402 0)
(0.95988878 -0.059598419 0)
(0.93617348 -0.060945855 0)
(0.91307473 -0.060815532 0)
(0.89042446 -0.058537318 0)
(0.86771317 -0.053730403 0)
(0.84405687 -0.046302737 0)
(0.81876545 -0.037185829 0)
(0.79204077 -0.027892172 0)
(0.76496569 -0.01912011 0)
(0.7389129 -0.011017113 0)
(0.71481813 -0.0031027249 0)
(0.6930203 0.0048214571 0)
(0.67353206 0.013053016 0)
(0.65614076 0.021633414 0)
(0.64062232 0.030431126 0)
(0.62679317 0.039325041 0)
(0.61452126 0.0483497 0)
(0.60368736 0.057471126 0)
(0.59420365 0.06671583 0)
(0.58597485 0.076110374 0)
(0.57889938 0.08568419 0)
(0.57286468 0.095458244 0)
(0.56775202 0.10544692 0)
(0.5634361 0.1156576 0)
(0.55979056 0.126091 0)
(0.55668593 0.13674598 0)
(0.55399214 0.14761527 0)
(0.55157506 0.15869055 0)
(0.54929628 0.16995521 0)
(0.54700886 0.1813858 0)
(0.54455745 0.19294334 0)
(0.5417692 0.20456858 0)
(0.5384622 0.21616872 0)
(0.53443109 0.22759886 0)
(0.52947726 0.23864449 0)
(0.52341831 0.24898406 0)
(0.51612541 0.25816111 0)
(0.50766393 0.26556457 0)
(0.49835202 0.27043786 0)
(0.48907927 0.27199445 0)
(0.48149557 0.26994338 0)
(1.1010107 -0.016819199 0)
(1.0937404 -0.023835228 0)
(1.0778547 -0.019170786 0)
(1.0553203 -0.011788735 0)
(1.0288184 -0.0057895238 0)
(1.000239 -0.0025476463 0)
(0.97095456 -0.002033735 0)
(0.94198977 -0.0035575007 0)
(0.91417058 -0.0060511043 0)
(0.88804053 -0.0083139712 0)
(0.86379365 -0.0090369851 0)
(0.84111817 -0.0071821745 0)
(0.81919969 -0.001618542 0)
(0.79570406 0.0099808383 0)
(0.76758605 0.01976519 0)
(0.73584655 0.026753905 0)
(0.70363972 0.030462502 0)
(0.67317823 0.031143742 0)
(0.64584181 0.030721513 0)
(0.62145063 0.030163115 0)
(0.59999452 0.030461706 0)
(0.58056927 0.032068058 0)
(0.56285543 0.034382168 0)
(0.54687089 0.037172744 0)
(0.53265148 0.040352833 0)
(0.51998105 0.043770848 0)
(0.50885484 0.047419233 0)
(0.49912006 0.051288986 0)
(0.49066534 0.05537747 0)
(0.48332676 0.059702984 0)
(0.47697143 0.064272552 0)
(0.47144354 0.069104647 0)
(0.46661203 0.074211292 0)
(0.46233448 0.079614088 0)
(0.45848045 0.085331014 0)
(0.45491066 0.091387299 0)
(0.45148313 0.09780729 0)
(0.44804106 0.10461679 0)
(0.44440763 0.11183561 0)
(0.44037856 0.11947479 0)
(0.43569658 0.12751053 0)
(0.43006242 0.13587972 0)
(0.42309792 0.14440852 0)
(0.41436898 0.15277333 0)
(0.40343496 0.16036427 0)
(0.3899347 0.16618242 0)
(0.37390869 0.16857361 0)
(0.35660563 0.16527072 0)
(0.34177162 0.15361061 0)
(1.1004199 -0.0056081561 0)
(1.0859739 0.007028369 0)
(1.0626438 0.025556671 0)
(1.0329175 0.041837832 0)
(1.0000102 0.053104605 0)
(0.96594024 0.058973673 0)
(0.93207367 0.060081475 0)
(0.8996315 0.057533354 0)
(0.86975433 0.052749147 0)
(0.84348973 0.047518529 0)
(0.82122079 0.044410694 0)
(0.80326131 0.046669273 0)
(0.79187902 0.061842673 0)
(0.76395301 0.10391334 0)
(0.71781052 0.13324204 0)
(0.66867567 0.15172009 0)
(0.622041 0.16205316 0)
(0.58051946 0.15998527 0)
(0.54655673 0.15247255 0)
(0.518728 0.14044445 0)
(0.49626832 0.12613847 0)
(0.47621781 0.10952113 0)
(0.45713209 0.092414971 0)
(0.43965808 0.075207987 0)
(0.42366587 0.058404682 0)
(0.40914103 0.042311517 0)
(0.3961154 0.027168543 0)
(0.38447993 0.013118041 0)
(0.37409762 0.00026500326 0)
(0.36486333 -0.011322945 0)
(0.3566128 -0.021608054 0)
(0.34923002 -0.030559315 0)
(0.34257269 -0.038163812 0)
(0.33652949 -0.044407801 0)
(0.33097284 -0.049282386 0)
(0.32579555 -0.052774573 0)
(0.32087118 -0.054864207 0)
(0.31606748 -0.055524344 0)
(0.3112234 -0.054710605 0)
(0.30611906 -0.052372648 0)
(0.30047427 -0.048444366 0)
(0.29386524 -0.042866791 0)
(0.28569466 -0.035647474 0)
(0.27509755 -0.026917768 0)
(0.26087137 -0.017230699 0)
(0.24140443 -0.0079837985 0)
(0.21497788 -0.0024830198 0)
(0.18089385 -0.0080976759 0)
(0.14728076 -0.04033049 0)
(1.095437 0.029333451 0)
(1.0733011 0.076733678 0)
(1.0435372 0.1133365 0)
(1.0092189 0.139919 0)
(0.97283607 0.15718812 0)
(0.9358735 0.1660064 0)
(0.89969433 0.16720539 0)
(0.86602001 0.16135332 0)
(0.83735603 0.14837827 0)
(0.81755065 0.12735603 0)
(0.81167603 0.09590447 0)
(0.83675259 0.04281608 0)
(0.89101012 -0.075604829 0)
(0.79840001 -0.21011316 0)
(0.65236799 -0.26851772 0)
(0.54551499 -0.31094855 0)
(0.46535303 -0.3541196 0)
(0.38852437 -0.38741461 0)
(0.33594822 -0.41050418 0)
(0.28984726 -0.42659691 0)
(0.25493969 -0.43787827 0)
(0.22455817 -0.44579537 0)
(0.20203937 -0.45119274 0)
(0.1825477 -0.45445297 0)
(0.16735309 -0.45593137 0)
(0.15446886 -0.45580718 0)
(0.14426667 -0.45434674 0)
(0.13570241 -0.45169271 0)
(0.12887195 -0.44801532 0)
(0.12317223 -0.44340526 0)
(0.11858748 -0.4379549 0)
(0.11476723 -0.43169891 0)
(0.11165612 -0.42467138 0)
(0.10904175 -0.41686706 0)
(0.10686054 -0.40827398 0)
(0.10497641 -0.39884866 0)
(0.10332245 -0.38853651 0)
(0.10178999 -0.37724397 0)
(0.10028291 -0.36484735 0)
(0.098653135 -0.35115441 0)
(0.096698617 -0.33587904 0)
(0.094034235 -0.31858639 0)
(0.090016306 -0.29855608 0)
(0.083364245 -0.27465134 0)
(0.071601038 -0.24490342 0)
(0.049844654 -0.20597186 0)
(0.0082490844 -0.15192973 0)
(-0.0715389 -0.073804181 0)
(-0.18701046 0.039324345 0)
)
;

boundaryField
{
    inletLow
    {
        type            fixedValue;
        value           nonuniform List<vector> 0();
    }
    inletJet
    {
        type            fixedValue;
        value           uniform (56 0 0);
    }
    inletHigh
    {
        type            fixedValue;
        value           uniform (1.1 0 0);
    }
    outlet
    {
        type            zeroGradient;
    }
    upperWall
    {
        type            pressureInletOutletVelocity;
        value           nonuniform List<vector> 
49
(
(1.095437 0.029333451 0)
(1.0733011 0.076733678 0)
(1.0435372 0.1133365 0)
(1.0092189 0.139919 0)
(0.97283607 0.15718812 0)
(0.9358735 0.1660064 0)
(0.89969433 0.16720539 0)
(0.86602001 0.16135332 0)
(0.83735603 0.14837827 0)
(0.81755065 0.12735603 0)
(0.81167603 0.09590447 0)
(0.83675259 0.04281608 0)
(0 -0.075604829 0)
(0 -0.21011316 0)
(0 -0.26851772 0)
(0 -0.31094855 0)
(0 -0.3541196 0)
(0 -0.38741461 0)
(0 -0.41050418 0)
(0 -0.42659691 0)
(0 -0.43787827 0)
(0 -0.44579537 0)
(0 -0.45119274 0)
(0 -0.45445297 0)
(0 -0.45593137 0)
(0 -0.45580718 0)
(0 -0.45434674 0)
(0 -0.45169271 0)
(0 -0.44801532 0)
(0 -0.44340526 0)
(0 -0.4379549 0)
(0 -0.43169891 0)
(0 -0.42467138 0)
(0 -0.41686706 0)
(0 -0.40827398 0)
(0 -0.39884866 0)
(0 -0.38853651 0)
(0 -0.37724397 0)
(0 -0.36484735 0)
(0 -0.35115441 0)
(0 -0.33587904 0)
(0 -0.31858639 0)
(0 -0.29855608 0)
(0 -0.27465134 0)
(0 -0.24490342 0)
(0 -0.20597186 0)
(0 -0.15192973 0)
(0 -0.073804181 0)
(-0.18701046 0.039324345 0)
)
;
    }
    lowerWall
    {
        type            pressureInletOutletVelocity;
        value           nonuniform List<vector> 0();
    }
    frontAndBack
    {
        type            empty;
    }
    procBoundary3to2
    {
        type            processor;
        value           nonuniform List<vector> 
68
(
(3.889319 0.0048177243 0)
(3.8881728 0.018257537 0)
(3.8858878 0.031675789 0)
(3.8824661 0.045058008 0)
(3.8779174 0.058390759 0)
(3.8725643 0.070913274 0)
(3.8665338 0.082765041 0)
(3.8593576 0.094870185 0)
(3.8509707 0.10722192 0)
(3.8412966 0.11980823 0)
(3.8302555 0.13261646 0)
(3.8177646 0.14563122 0)
(3.8037414 0.15883661 0)
(3.7881038 0.17221176 0)
(3.7707685 0.1857348 0)
(3.7516531 0.19938038 0)
(3.7306735 0.21311885 0)
(3.7077441 0.22692025 0)
(3.6827804 0.24074836 0)
(3.7000442 0.25735881 0)
(3.7000442 0.25735881 0)
(3.6695736 0.27113345 0)
(3.6367352 0.28478279 0)
(3.6014498 0.29825766 0)
(3.6029573 0.31442078 0)
(3.6029573 0.31442078 0)
(3.5609861 0.32726123 0)
(3.5162915 0.33971912 0)
(3.4688233 0.35173435 0)
(3.4185462 0.36324491 0)
(3.3654324 0.37418741 0)
(3.3094709 0.3844989 0)
(3.2506608 0.39411751 0)
(3.1890195 0.40298367 0)
(3.124576 0.41104126 0)
(3.0573794 0.41823935 0)
(2.9874914 0.42453314 0)
(2.9149908 0.4298793 0)
(2.8399605 0.4342402 0)
(2.7625198 0.43759204 0)
(2.6827942 0.43991679 0)
(2.6009167 0.44120551 0)
(2.5170332 0.44146154 0)
(2.4313027 0.44070271 0)
(2.3438793 0.43896443 0)
(2.2549205 0.43628477 0)
(2.1645869 0.43270673 0)
(2.0730335 0.4282888 0)
(1.9804041 0.42309631 0)
(1.8868276 0.41720496 0)
(1.7909033 0.39971168 0)
(1.7909033 0.39971168 0)
(1.6953215 0.3922374 0)
(1.5991846 0.38440445 0)
(1.5025129 0.37632129 0)
(1.4052847 0.3681218 0)
(1.3074492 0.35999327 0)
(1.2089165 0.35223158 0)
(1.1095897 0.34529323 0)
(1.0093662 0.33981763 0)
(0.90818476 0.33642536 0)
(0.80594602 0.3349006 0)
(0.70218786 0.33198276 0)
(0.59487446 0.31682625 0)
(0.47750999 0.26538723 0)
(0.3350483 0.13533207 0)
(0.14535242 -0.10307036 0)
(-0.22615281 0.19543366 0)
)
;
    }
    procBoundary3to6
    {
        type            processor;
        value           nonuniform List<vector> 8((4.3621348 -0.0096017863 0) (4.2973528 -0.0094494046 0) (4.234459 -0.0093081268 0) (4.1733061 -0.0091767768 0) (4.1137589 -0.0090534552 0) (4.0556957 -0.0089375937 0) (3.9990033 -0.0088285269 0) (3.9435788 -0.0087251453 0));
    }
    procBoundary3to7
    {
        type            processor;
        value           nonuniform List<vector> 
44
(
(54.9633 -0.36374423 0)
(48.117455 -0.86146637 0)
(39.999291 -0.89937191 0)
(33.076839 -0.76701675 0)
(27.622115 -0.59506792 0)
(23.477736 -0.4503661 0)
(20.304021 -0.34271016 0)
(17.828218 -0.26345914 0)
(15.870844 -0.20535848 0)
(14.288648 -0.16235345 0)
(13.014962 -0.1310545 0)
(11.999266 -0.1072052 0)
(11.14235 -0.088036943 0)
(10.407248 -0.073718377 0)
(9.7866074 -0.062560753 0)
(9.253193 -0.053808094 0)
(8.7901505 -0.046834646 0)
(8.384091 -0.041183613 0)
(8.0249368 -0.036538179 0)
(7.7048475 -0.032678238 0)
(7.4176527 -0.029446262 0)
(7.1583759 -0.026722289 0)
(6.9229736 -0.0244111 0)
(6.7081575 -0.022439521 0)
(6.5111974 -0.02074931 0)
(6.3298184 -0.019293851 0)
(6.1621068 -0.018035034 0)
(6.0064423 -0.016941873 0)
(5.8614433 -0.015988746 0)
(5.7259256 -0.015154672 0)
(5.5988671 -0.014422043 0)
(5.4793821 -0.013776274 0)
(5.366699 -0.013205055 0)
(5.2601422 -0.012698191 0)
(5.1591182 -0.012246885 0)
(5.0631035 -0.011843824 0)
(4.9716342 -0.011482681 0)
(4.8842984 -0.011158217 0)
(4.8007286 -0.010865837 0)
(4.720596 -0.010601723 0)
(4.643606 -0.010362482 0)
(4.569493 -0.010145286 0)
(4.4980179 -0.0099473663 0)
(4.4289639 -0.009766794 0)
)
;
    }
}


// ************************************************************************* //
