/*--------------------------------*- C++ -*----------------------------------*\
| =========                 |                                                 |
| \\      /  F ield         | OpenFOAM: The Open Source CFD Toolbox           |
|  \\    /   O peration     | Version:  2312                                  |
|   \\  /    A nd           | Website:  www.openfoam.com                      |
|    \\/     M anipulation  |                                                 |
\*---------------------------------------------------------------------------*/
FoamFile
{
    version     2.0;
    format      ascii;
    arch        "LSB;label=32;scalar=64";
    class       volScalarField;
    location    "0.02";
    object      Ma;
}
// * * * * * * * * * * * * * * * * * * * * * * * * * * * * * * * * * * * * * //

dimensions      [0 0 0 0 0 0 0];

internalField   nonuniform List<scalar> 
3251
(
0.0013355987
0.0012990862
0.0012636886
0.0012293329
0.0011959455
0.0011634539
0.0011317862
0.0011008711
0.001070638
0.0010410173
0.00101194
0.00098333789
0.0009551436
0.00092729029
0.0008997118
0.00087234255
0.00084511751
0.00081797217
0.00079084253
0.00076366506
0.00073637677
0.00070891517
0.00068121837
0.00065322512
0.00062487487
0.00059610796
0.00056686567
0.00053709045
0.00050672606
0.00047571778
0.00044401268
0.00041155981
0.00037831054
0.00034421882
0.00030924152
0.00027333876
0.00023647429
0.0001986159
0.00015973597
0.00011981238
7.8831259e-05
3.6806321e-05
6.9572673e-06
5.0763609e-05
9.6064195e-05
0.00014245762
0.0001899117
0.00023839871
0.00028788604
0.00033833441
0.00038969768
0.00044192058
0.00049494341
0.00054870466
0.00060313169
0.00065814119
0.00071364747
0.00076955711
0.0013357336
0.0012992152
0.0012638122
0.0012294509
0.001196058
0.0011635613
0.0011318886
0.0011009686
0.0010707308
0.0010411056
0.0010120239
0.00098341771
0.00095521944
0.00092736233
0.00089978021
0.0008724075
0.00084517917
0.00081803071
0.00079089811
0.00076371786
0.00073642695
0.0007089629
0.00068126383
0.00065326847
0.0006249163
0.00059614764
0.0005669038
0.00053712722
0.00050676168
0.00047575246
0.00044404665
0.00041159332
0.00037834387
0.00034425229
0.00030927549
0.00027337366
0.00023651068
0.00019865454
0.00015977806
0.00011986011
7.8889924e-05
3.6898843e-05
7.2429132e-06
5.0772211e-05
9.6049467e-05
0.00014243246
0.0001898794
0.00023836038
0.000287842
0.00033828476
0.00038964284
0.00044186117
0.00049487883
0.00054863395
0.0006030544
0.00065805714
0.00071355567
0.0007694575
0.0013359333
0.0012994037
0.0012639902
0.0012296185
0.0011962157
0.0011637094
0.0011320274
0.0011010986
0.0010708524
0.0010412191
0.0010121298
0.00098351628
0.00095531107
0.00092744738
0.00089985904
0.00087248046
0.00084524661
0.00081809298
0.00079095555
0.00076377082
0.00073647577
0.00070900793
0.00068130541
0.00065330697
0.00062495207
0.00059618106
0.00056693525
0.0005371571
0.0005067904
0.00047578047
0.00044407441
0.00041162135
0.00037837271
0.00034428254
0.00030930783
0.00027340888
0.00023654972
0.00019869864
0.00015982898
0.00011992087
7.8967457e-05
3.7021836e-05
7.5749517e-06
5.0767262e-05
9.6010816e-05
0.0001423759
0.00018980867
0.00023827654
0.00028774517
0.00033817468
0.000389519
0.00044172365
0.00049472774
0.00054846781
0.00060287191
0.00065785812
0.00071333922
0.00076921973
0.0013361991
0.001299653
0.001264224
0.0012298371
0.0011964196
0.0011638993
0.0011322039
0.0011012623
0.0010710038
0.0010413589
0.0010122585
0.00098363445
0.00095541929
0.00092754619
0.00089994899
0.00087256209
0.00084532045
0.00081815956
0.00079101539
0.00076382444
0.00073652369
0.00070905068
0.00068134352
0.00065334097
0.00062498251
0.0005962085
0.00056696027
0.00053718031
0.00050681243
0.00047580199
0.00044409612
0.00041164401
0.00037839714
0.00034430964
0.0003093386
0.00027344445
0.00023659144
0.00019874821
0.00015988875
0.00011999474
7.9064009e-05
3.7175643e-05
7.9517449e-06
5.0749622e-05
9.5948799e-05
0.00014228837
0.00018969992
0.00023814758
0.00028759586
0.00033800442
0.00038932687
0.00044150907
0.0004944903
0.00054820605
0.00060258429
0.00065754394
0.00071299746
0.00076884361
0.0013365304
0.0012999628
0.0012645131
0.0012301063
0.0011966696
0.0011641308
0.0011324178
0.0011014594
0.0010711849
0.0010415247
0.0010124098
0.00098377206
0.00095554393
0.00092765862
0.00090004992
0.00087265226
0.00084540056
0.00081823032
0.00079107751
0.0007638786
0.00073657061
0.00070909105
0.00068137804
0.00065337037
0.00062500753
0.00059622988
0.0005669788
0.00053719679
0.00050682771
0.00047581696
0.00044411174
0.00041166128
0.00037841716
0.0003443336
0.00030936781
0.00027348042
0.00023663593
0.00019880338
0.00015995758
0.000120082
7.9180005e-05
3.7360977e-05
8.3721676e-06
5.0720085e-05
9.5863802e-05
0.00014217015
0.00018955336
0.00023797367
0.00028739424
0.00033777415
0.00038906664
0.00044121775
0.00049416693
0.00054784894
0.00060219153
0.00065711397
0.00071252815
0.0013369238
0.0013003301
0.0012648554
0.0012304245
0.0011969645
0.0011644034
0.0011326691
0.0011016902
0.0010713963
0.0010417176
0.0010125851
0.00098393072
0.00095568683
0.00092778665
0.00090016397
0.00087275317
0.0008454892
0.00081830753
0.00079114414
0.00076393549
0.00073661858
0.00070913095
0.00068141073
0.0006533967
0.00062502838
0.00059624617
0.00056699146
0.0005372068
0.00050683609
0.0004758248
0.00044412017
0.00041167154
0.00037843056
0.00034435157
0.00030939195
0.00027351251
0.00023667805
0.00019885807
0.00016002827
0.00012017407
7.9304864e-05
3.7562555e-05
8.8087514e-06
5.0684288e-05
9.5764923e-05
0.00014203237
0.00018938184
0.00023776927
0.00028715633
0.00033750146
0.00038875754
0.00044087066
0.00049378041
0.00054742109
0.00060172017
0.00065659637
0.00071196057
0.0013374339
0.0013008073
0.001265301
0.0012308394
0.0011973499
0.0011647605
0.001132999
0.0011019941
0.0010716754
0.0010419729
0.0010128179
0.00098414199
0.00095587771
0.00092795819
0.00090031723
0.0008728892
0.00084560901
0.00081841213
0.00079123452
0.00076401266
0.00073668353
0.00070918469
0.00068145426
0.00065343106
0.00062505462
0.00059626538
0.00056700475
0.00053721534
0.00050684112
0.0004758276
0.00044412214
0.00041167413
0.00037843537
0.00034436032
0.00030940654
0.00027353506
0.00023671101
0.00019890443
0.00016009195
0.00012026118
7.9427992e-05
3.7769199e-05
9.2692814e-06
5.065544e-05
9.5665768e-05
0.00014188901
0.00018919959
0.00023754879
0.00028689664
0.00033720086
0.00038841397
0.00044048203
0.00049334472
0.00054693603
0.00060118313
0.00065600402
0.00071130749
0.0013381004
0.0013014316
0.0012658845
0.0012313836
0.0011978561
0.0011652301
0.0011334335
0.001102395
0.001072044
0.0010423108
0.0010131264
0.00098442246
0.00095613152
0.00092818669
0.00090052171
0.00087307094
0.00084576929
0.00081855219
0.0007913556
0.000764116
0.00073677036
0.00070925624
0.0006815118
0.00065347586
0.00062508799
0.00059628865
0.00056701934
0.0005372227
0.00050684279
0.0004758252
0.00044411738
0.00041166887
0.00037843158
0.00034436017
0.00030941238
0.00027354955
0.00023673716
0.0001989459
0.00016015351
0.00012035012
7.9559138e-05
3.799732e-05
9.7858197e-06
5.0631662e-05
9.5558678e-05
0.00014172877
0.00018899216
0.00023729465
0.00028659437
0.00033684821
0.00038800831
0.00044002063
0.0004928249
0.00054635491
0.0006005376
0.00065529002
0.00071051779
0.0013389089
0.0013021892
0.0012665928
0.0012320442
0.0011984707
0.0011658004
0.0011339613
0.0011028819
0.0010724919
0.0010427212
0.0010135011
0.00098476309
0.00095643969
0.00092846397
0.00090076968
0.00087329113
0.0008459632
0.00081872133
0.00079150144
0.00076424
0.00073687401
0.00070934101
0.00068157919
0.0006535274
0.00062512524
0.00059631323
0.00056703291
0.00053722703
0.0005068397
0.00047581665
0.00044410544
0.00041165575
0.00037841967
0.00034435204
0.00030941087
0.00027355782
0.00023675883
0.00019898531
0.0001602163
0.00012044485
7.9703023e-05
3.825302e-05
1.0357949e-05
5.061069e-05
9.544005e-05
0.00014154743
0.00018875488
0.00023700188
0.00028624432
0.00033643814
0.00038753503
0.00043948082
0.00049221521
0.00054567182
0.00059977714
0.00065444638
0.0013398466
0.0013030675
0.0012674137
0.0012328095
0.0011991824
0.0011664606
0.0011345718
0.0011034449
0.0010730092
0.001043195
0.0010139331
0.00098515538
0.00095679409
0.00092878233
0.00090105381
0.00087354281
0.00084618419
0.00081891337
0.00079166625
0.0007643793
0.0007369895
0.00070943444
0.00068165229
0.00065358195
0.00062516307
0.00059633622
0.00056704303
0.00053722631
0.0005068303
0.00047580084
0.00044408564
0.00041163455
0.00037839984
0.00034433661
0.00030940315
0.00027356149
0.00023677812
0.00019902526
0.00016028348
0.00012054916
7.9864346e-05
3.8542676e-05
1.0987887e-05
5.0591344e-05
9.530701e-05
0.00014134129
0.00018848355
0.00023666587
0.00028584156
0.00033596545
0.0003869887
0.00043885697
0.00049150986
0.00054488071
0.0005988948
0.00065346496
0.0013408986
0.0013040522
0.0012683333
0.0012336662
0.0011999785
0.0011671982
0.0011352533
0.0011040724
0.0010735851
0.0010437215
0.0010144124
0.00098558967
0.0009571855
0.00092913297
0.00090136574
0.00087381808
0.0008464248
0.0008191213
0.00079184347
0.00076452778
0.0007371112
0.00070953133
0.00068172638
0.00065363527
0.00062519772
0.00059635436
0.0005670469
0.00053721826
0.00050681278
0.00047577647
0.00044405718
0.00041160495
0.00037837231
0.00034431459
0.00030939043
0.0002735623
0.00023679729
0.00019906858
0.00016035849
0.00012066723
8.0048253e-05
3.8873235e-05
1.1678576e-05
5.057272e-05
9.5156691e-05
0.00014110659
0.00018817381
0.00023628182
0.00028538093
0.00033542469
0.00038636367
0.00043814326
0.00049070285
0.00054397524
0.00059788353
0.0013420493
0.0013051283
0.0012693372
0.0012346004
0.0012008453
0.0011680002
0.001135993
0.0011047525
0.0010742079
0.0010442896
0.0010149283
0.00098605574
0.00095760417
0.00092950659
0.00090169664
0.00087410854
0.0008466771
0.00081933766
0.00079202611
0.00076467891
0.00073723305
0.00070962612
0.00068179638
0.00065368278
0.0006252251
0.00059636405
0.00056704143
0.00053720028
0.00050678508
0.00047574198
0.00044401903
0.00041156648
0.00037833711
0.00034428657
0.00030937386
0.00027356194
0.00023681862
0.00019911816
0.00016044487
0.00012080339
8.0260185e-05
3.9252105e-05
1.2434127e-05
5.0554574e-05
9.4986541e-05
0.00014083972
0.00018782137
0.00023584496
0.00028485727
0.00033481038
0.00038565418
0.00043733372
0.00048978798
0.00054294849
0.00059673597
0.0013432819
0.0013062795
0.0012704097
0.0012355968
0.0012017684
0.0011688527
0.0011367777
0.001105472
0.0010748652
0.0010448874
0.0010154693
0.00098654259
0.00095803957
0.00092989317
0.00090203697
0.00087440516
0.00084693252
0.00081955437
0.00079220659
0.00076482563
0.00073734847
0.00070971274
0.00068185673
0.00065371943
0.00062524069
0.00059636131
0.00056702319
0.00053716949
0.00050674485
0.00047569559
0.00044396996
0.00041151847
0.00037829416
0.00034425302
0.0003093545
0.00027356209
0.0002368444
0.00019917695
0.00016054633
0.00012096223
8.0505969e-05
3.9687269e-05
1.325989e-05
5.0537457e-05
9.4794385e-05
0.00014053729
0.0001874221
0.00023535058
0.00028426544
0.00033411702
0.00038485444
0.0004364223
0.00048875875
0.00054179331
0.0013445789
0.0013074889
0.0012715344
0.0012366397
0.0012027324
0.0011697408
0.0011375929
0.0011062174
0.0010755437
0.001045502
0.0010160231
0.00098703852
0.00095848052
0.000930282
0.00090237652
0.00087469823
0.00084718188
0.00081976277
0.00079237676
0.00076496029
0.00073745037
0.00070978463
0.0006819014
0.00065373974
0.00062523957
0.00059634177
0.00056698836
0.00053712265
0.00050668943
0.00047563522
0.0004439085
0.00041146003
0.00037824317
0.0003442143
0.00030933332
0.00027356437
0.00023687695
0.00019924799
0.0001606667
0.00012114857
8.0791817e-05
4.0187284e-05
1.4162512e-05
5.0522968e-05
9.4578587e-05
0.00014019625
0.00018697206
0.00023479411
0.00028360037
0.00033333914
0.00038395863
0.00043540289
0.00048760832
0.00054050212
0.0013459212
0.0013087381
0.0012726936
0.001237712
0.0012037209
0.0011706487
0.0011384234
0.0011069738
0.0010762293
0.0010461201
0.0010165768
0.00098753105
0.00095891505
0.00093066167
0.00090270442
0.00087497741
0.00084741537
0.00081995357
0.00079252788
0.00076507471
0.00073753109
0.0007098347
0.00068192388
0.00065373777
0.00062521636
0.00059630064
0.00056693276
0.00053705617
0.00050661584
0.00047555851
0.0004438329
0.00041139006
0.00037818369
0.0003441706
0.0003093112
0.00027357035
0.00023691855
0.00019933436
0.00016080997
0.00012136749
8.1124367e-05
4.0761325e-05
1.5149916e-05
5.0514001e-05
9.433822e-05
0.000139814
0.00018646764
0.00023417124
0.00028285718
0.00033247137
0.00038296097
0.00043426928
0.00048633013
0.0013472891
0.0013100082
0.0012738689
0.0012387958
0.0012047166
0.0011715597
0.0011392532
0.0011077259
0.0010769072
0.0010467271
0.0010171165
0.00098800693
0.00095933049
0.00093102005
0.00090300907
0.00087523166
0.0008476225
0.00082011686
0.00079265058
0.00076516009
0.00073758244
0.00070985531
0.00068191712
0.00065370706
0.00062516522
0.0005962327
0.00056685178
0.00053696607
0.00050652076
0.00047546278
0.00044374114
0.00041130721
0.00037811506
0.00034412194
0.00030928889
0.00027358152
0.00023697149
0.0001994392
0.00016098027
0.00012162435
8.1510726e-05
4.1419214e-05
1.6231314e-05
5.0515046e-05
9.4073261e-05
0.00013938855
0.00018590569
0.00023347799
0.00028203125
0.00033150856
0.00038185574
0.00043301486
0.00048491709
0.0013486618
0.0013112788
0.0012750408
0.0012398724
0.0012057015
0.0011724564
0.0011400654
0.0011084573
0.0010775614
0.001047308
0.0010176278
0.00098845217
0.00095971341
0.00093134426
0.00090327819
0.00087544927
0.00084779214
0.00082024207
0.0007927349
0.00076520706
0.00073759561
0.00070983828
0.00068187355
0.00065364068
0.00062507985
0.00059613228
0.0005667404
0.00053684801
0.00050640048
0.00047534502
0.00044363092
0.00041120987
0.00037803638
0.0003440682
0.00030926701
0.00027359931
0.00023703805
0.00019956575
0.00016118191
0.00012192482
8.1958517e-05
4.2171471e-05
1.7417177e-05
5.0532528e-05
9.3784824e-05
0.00013891872
0.00018528368
0.00023271089
0.00028111838
0.00033044582
0.00038063713
0.00043163335
0.0013500173
0.0013125288
0.0012761888
0.001240922
0.0012066564
0.0011733203
0.0011408422
0.0011091508
0.0010781756
0.0010478468
0.0010180951
0.00098885202
0.00096004964
0.00093162075
0.00090349881
0.00087561783
0.00084791249
0.00082031801
0.00079277023
0.00076520562
0.00073756124
0.00070977488
0.00068178507
0.00065353116
0.00062495342
0.00059599323
0.00056659316
0.0005366972
0.00050625095
0.00047520188
0.0004434996
0.00041109617
0.00037794654
0.00034400904
0.00030924605
0.00027362507
0.00023712052
0.00019971729
0.00016141938
0.00012227493
8.2475953e-05
4.3029355e-05
1.871923e-05
5.0575189e-05
9.3475439e-05
0.00013840432
0.00018459984
0.00023186711
0.00028011491
0.00032927873
0.00037929966
0.00043011879
0.0013513328
0.0013137363
0.0012772917
0.001241924
0.0012075613
0.0011741321
0.0011415649
0.0011097885
0.0010787324
0.0010483268
0.0010185026
0.000989191
0.00096032431
0.00093183525
0.00090365724
0.00087572431
0.0008479711
0.00082033284
0.00079274538
0.00076514519
0.00073746939
0.00070965581
0.00068164304
0.00065337052
0.00062477866
0.00059580896
0.00056640416
0.00053650846
0.00050606771
0.00047502965
0.00044334424
0.00041096394
0.00037784419
0.00034394393
0.00030922636
0.00027366009
0.00023722117
0.00019989725
0.00016169742
0.00012268112
8.3071911e-05
4.4004922e-05
2.0150409e-05
5.0654508e-05
9.3149361e-05
0.00013784639
0.00018385339
0.00023094463
0.00027901793
0.00032800379
0.00037784039
0.00042846827
0.0013525846
0.0013148782
0.0012783273
0.001242857
0.0012083957
0.0011748719
0.0011422142
0.0011103516
0.0010792137
0.0010487307
0.0010188332
0.00098945294
0.00096052188
0.00093197283
0.0009037392
0.00087575502
0.00084795491
0.00082027413
0.00079264854
0.00076501463
0.00073730956
0.00070947123
0.00068143829
0.0006531503
0.00062454779
0.00059557239
0.00056616706
0.0005362762
0.00050584592
0.00047482428
0.00044316159
0.00041081075
0.00037772775
0.00034387221
0.0003092082
0.00027370559
0.00023734233
0.00020010919
0.00016202108
0.00012315031
8.3756034e-05
4.5111088e-05
2.1724848e-05
5.0785149e-05
9.281295e-05
0.00013724749
0.00018304474
0.00022994247
0.00027782539
0.00032661821
0.00037625698
0.00042667859
0.0013537483
0.001315931
0.0012792727
0.0012436988
0.0012091379
0.0011755188
0.0011427701
0.0011108209
0.0010796009
0.0010490402
0.0010190698
0.00098962105
0.00096062618
0.00093201795
0.00090372977
0.00087569566
0.00084785028
0.00082012888
0.00079246736
0.00076480223
0.00073707072
0.00070921078
0.00068116117
0.00065286154
0.00062425255
0.00059527603
0.00056587511
0.00053599444
0.0005055804
0.00047458139
0.0004429481
0.00041063392
0.00037759544
0.000343793
0.0003091917
0.00027376281
0.00023748641
0.00020035685
0.00016239574
0.00012369005
8.4538843e-05
4.6361699e-05
2.3457843e-05
5.098542e-05
9.247509e-05
0.00013661205
0.00018217577
0.00022886086
0.0002765362
0.00032511934
0.00037454578
0.0013547987
0.0013168703
0.0012801043
0.0012444266
0.0012097661
0.0011760516
0.0011432119
0.0011111764
0.0010798746
0.0010492369
0.0010191942
0.00098967799
0.00096062052
0.00093195455
0.00090361351
0.00087553146
0.00084764305
0.00081988359
0.00079218898
0.00076449581
0.00073674136
0.00070886365
0.00068080155
0.00065249482
0.0006238843
0.00059491196
0.00056552117
0.00053565683
0.00050526561
0.00047429628
0.00044269995
0.00041043055
0.00037744528
0.00034370535
0.00030917697
0.00027383299
0.00023765596
0.00020064428
0.00016282726
0.00012430856
8.5431885e-05
4.7771615e-05
2.5365845e-05
5.1277704e-05
9.2147684e-05
0.00013594668
0.00018125012
0.00022770158
0.00027515045
0.0003235058
0.00037270179
0.0013557102
0.0013176714
0.0012807982
0.0012450172
0.0012102576
0.0011764484
0.0011435186
0.0011113976
0.0010800151
0.0010493016
0.001019188
0.00098960599
0.00096048774
0.00093176611
0.00090337456
0.00087524716
0.00084731864
0.0008195243
0.00079180013
0.00076408276
0.00073630955
0.00070841861
0.00068034892
0.00065204038
0.00062343399
0.00059447192
0.00056509777
0.00053525671
0.00050489575
0.00047396402
0.00044241312
0.00041019754
0.0003772752
0.00034360824
0.00030916412
0.00027391752
0.00023785375
0.00020097592
0.00016332211
0.00012501496
8.6447889e-05
4.9356809e-05
2.7466453e-05
5.1688825e-05
9.1846184e-05
0.00013526065
0.00018027343
0.0002264676
0.00027367018
0.0013564571
0.0013183092
0.00128133
0.001245447
0.0012105897
0.0011766873
0.0011436688
0.0011114638
0.0010800024
0.0010492149
0.0010190325
0.00098938695
0.00096021041
0.00093143583
0.00090299672
0.00087482724
0.00084686213
0.00081903677
0.00079128721
0.00076355016
0.00073576305
0.00070786412
0.00067979246
0.00065148814
0.00062289231
0.00059394738
0.00056459718
0.0005347872
0.00050446478
0.00047357949
0.00044208343
0.00040993172
0.00037708307
0.00034350067
0.00030915339
0.00027401797
0.00023808292
0.00020135672
0.0001638875
0.00012581942
8.7600968e-05
5.1134472e-05
2.977844e-05
5.2250299e-05
9.1590214e-05
0.00013456632
0.00017925322
0.00022516287
0.0013570135
0.0013187585
0.0012816752
0.0012456924
0.0012107395
0.001176746
0.001143641
0.0011113544
0.0010798164
0.0010489575
0.001018709
0.00098900268
0.00095977093
0.00093094673
0.00090246368
0.00087425598
0.00084625846
0.00081840658
0.00079063645
0.00076288489
0.00073508944
0.00070718845
0.00067912117
0.00065082782
0.00062224976
0.00059332962
0.00056401153
0.00053424127
0.00050396659
0.00047313751
0.00044170668
0.00040962993
0.00037686685
0.00034338179
0.00030914525
0.00027413631
0.00023834713
0.00020179235
0.00016453161
0.0001267334
8.8906835e-05
5.3123149e-05
3.2321801e-05
5.2998405e-05
9.1404243e-05
0.0001338798
0.00017820029
0.0002237959
0.0013969562
0.0013573521
0.0013189933
0.0012818094
0.0012457298
0.0012106843
0.0011766025
0.001143414
0.0011110487
0.0010794371
0.0010485099
0.0010181986
0.00098843507
0.00095915182
0.00093028195
0.00090175914
0.00087351771
0.00084549257
0.00081761928
0.00078983407
0.00076207384
0.00073427627
0.00070637986
0.000678324
0.00065004913
0.00062149681
0.00059260994
0.00056333292
0.00053361191
0.00050339508
0.00047263294
0.00044127877
0.00040928916
0.00037662472
0.00034325108
0.0003091406
0.00027427503
0.00023865074
0.00020228943
0.00016526386
0.00012776995
9.0383064e-05
5.5342887e-05
3.5117825e-05
5.3974002e-05
9.1318318e-05
0.00013322212
0.00017713111
0.00022237948
0.0013971535
0.0013574473
0.0013189892
0.0012817089
0.0012455364
0.001210402
0.0011762354
0.0011429669
0.0011105265
0.0010788449
0.0010478533
0.0010174831
0.00098766639
0.00095833593
0.0009294249
0.00090086713
0.00087259704
0.00084454968
0.00081666072
0.0007888665
0.00076110409
0.00073331128
0.00070542676
0.00067739011
0.00064914195
0.00062062411
0.00059177976
0.00056255365
0.00053289231
0.00050274437
0.00047206091
0.0004407959
0.00040890678
0.00037635526
0.00034310851
0.00030914095
0.00027443742
0.00023899909
0.00020285578
0.0001660952
0.00012894402
9.204937e-05
5.7815405e-05
3.8189218e-05
5.5222051e-05
9.1368678e-05
0.00013261948
0.00017606583
0.00022092961
0.0013970794
0.0013572759
0.0013187233
0.0012813513
0.0012450903
0.0012098712
0.0011756242
0.0011422798
0.0011097685
0.0010780213
0.0010469694
0.0010165448
0.00098667962
0.00095730678
0.00092835967
0.00089977228
0.00087147917
0.00084341554
0.00081551722
0.0007877207
0.00075996318
0.00073218268
0.00070431803
0.00067630903
0.00064809656
0.00061962271
0.00059083096
0.00056166643
0.00053207608
0.00050200905
0.00047141704
0.00044025479
0.00040848072
0.00037605779
0.00034295486
0.00030914875
0.00027462785
0.00023939883
0.00020350084
0.00016703853
0.00013027287
9.3927936e-05
6.0564303e-05
4.156024e-05
5.6790826e-05
9.1598275e-05
0.00013210387
0.00017502897
0.0002194658
0.0013967102
0.0013568155
0.0013181738
0.0012807153
0.001244371
0.0012090721
0.0011747495
0.001141334
0.0011087566
0.0010769485
0.0010458414
0.0010153673
0.00098545883
0.00095604897
0.00092707137
0.00089846021
0.00087015024
0.00084207684
0.00081417601
0.00078638444
0.00075863952
0.00073087944
0.00070304328
0.00067507108
0.00064690398
0.00061848438
0.00058975612
0.0005606647
0.00053115758
0.00050118447
0.00047069776
0.00043965306
0.00040800986
0.00037573258
0.00034279202
0.00030916773
0.00027485216
0.00023985836
0.00020423607
0.00016810913
0.00013177653
9.6043761e-05
6.3615274e-05
4.5256884e-05
5.8730877e-05
9.2057157e-05
0.00013171405
0.00017405067
0.00021801236
0.0013960243
0.0013560451
0.0013173207
0.0012797817
0.0012433598
0.0012079868
0.0011735941
0.0011401129
0.0011074747
0.001075611
0.001044454
0.0010139359
0.00098398971
0.00095454865
0.0009255466
0.00089691799
0.0008685978
0.00084052161
0.00081262564
0.0007848468
0.00075712269
0.00072939177
0.00070159334
0.00067366772
0.00064555637
0.00061720203
0.00058854892
0.00055954302
0.00053013231
0.00050026714
0.00046990069
0.00043898953
0.00040749441
0.00037538138
0.00034262346
0.00030920336
0.00027511818
0.00024038828
0.00020507548
0.00016932524
0.00013347828
9.8425042e-05
6.699637e-05
4.9307088e-05
6.109388e-05
9.2802616e-05
0.00013149624
0.00017316779
0.00021659939
0.0013950026
0.0013549467
0.0013161467
0.0012785339
0.0012420409
0.0012066
0.001172143
0.001138602
0.0011059087
0.0010739953
0.0010427941
0.001012238
0.00098226011
0.00095279407
0.00092377404
0.00089513472
0.00086681135
0.00083873978
0.00081085649
0.00078309863
0.00075540408
0.00072771155
0.00069996066
0.00067209204
0.00064404748
0.00061577013
0.00058720465
0.00055829752
0.00052899734
0.00049925519
0.00046902511
0.00043826479
0.0004069364
0.00037500786
0.00034245474
0.00030926339
0.00027543626
0.00024100203
0.00020603631
0.0001707087
0.00013540532
0.00010110358
7.0738269e-05
5.374098e-05
6.3931512e-05
9.3898972e-05
0.00013150491
0.00017242474
0.00021526372
0.0013936301
0.0013535058
0.0013146379
0.0012769588
0.0012404016
0.0012048994
0.0011703848
0.0011367902
0.001104048
0.001072091
0.0010408519
0.001010264
0.00098026078
0.00095077631
0.00092174509
0.00089310213
0.000864783
0.00083672384
0.00080886143
0.00078113322
0.00075347741
0.00072583302
0.00069814002
0.00067033938
0.0006423733
0.00061418538
0.00058572077
0.00055692655
0.00052775199
0.00049814899
0.00046807262
0.00043748181
0.00040634035
0.00037461832
0.00034229423
0.00030935858
0.00027582
0.00024171669
0.00020713976
0.00017228568
0.00013758934
0.00010411519
7.4874593e-05
5.8591152e-05
6.7294548e-05
9.5416927e-05
0.00013180329
0.00017187439
0.00021404985
0.001391896
0.0013517124
0.0013127851
0.0012750475
0.0012384337
0.0012028773
0.0011683119
0.0011346704
0.001101886
0.0010698918
0.0010386212
0.001008008
0.00097798614
0.00094849007
0.00091945471
0.00089081546
0.00086250824
0.00083446957
0.00080663657
0.00077894705
0.00075133955
0.00072375348
0.00069612918
0.00066840806
0.00064053276
0.00061244738
0.00058409768
0.00055543136
0.0005263985
0.00049695192
0.00046704784
0.00043664665
0.000405714
0.00037422243
0.00034215385
0.00030950354
0.00027628717
0.00024255378
0.00020841193
0.00017408759
0.00014006727
0.00010750014
7.9442231e-05
6.3892976e-05
7.1232325e-05
9.7432439e-05
0.00013246362
0.00017157888
0.00021301088
0.0013897952
0.001349562
0.0013105843
0.0012727967
0.0012361341
0.0012005312
0.0011659221
0.0011322407
0.0010994208
0.0010673962
0.0010361008
0.001005469
0.0009754353
0.00094593463
0.00091690236
0.00088827434
0.00085998693
0.00083197704
0.00080418223
0.00077654069
0.00074899141
0.0007214742
0.00069392986
0.00066630028
0.00063852863
0.00061055959
0.00058233956
0.00055381703
0.00052494294
0.00049567121
0.00046595936
0.00043576945
0.00040506928
0.00037383424
0.00034205011
0.00030971769
0.00027686069
0.00024354038
0.00020988479
0.00017615195
0.00014288201
0.00011130359
8.4481702e-05
6.9684938e-05
7.5792663e-05
0.00010002519
0.00013356708
0.00017161033
0.00021220951
0.0013873293
0.0013470567
0.0013080381
0.0012702094
0.0012335064
0.0011978647
0.0011632195
0.0011295054
0.001096657
0.0010646087
0.0010332954
0.0010026518
0.00097261319
0.00094311499
0.00091409312
0.00088548395
0.00085722433
0.00082925167
0.00080150398
0.00077391994
0.00074643901
0.00071900151
0.00069154876
0.0006640232
0.0006363686
0.00060853031
0.0005804555
0.00055209351
0.00052339632
0.00049431907
0.00046482083
0.00043486554
0.00040442348
0.00037347332
0.00034200533
0.00031002657
0.00027756989
0.00024471034
0.0002115974
0.00017852348
0.00014608319
0.00011557597
9.0037532e-05
7.6009012e-05
8.1022222e-05
0.00010327678
0.00013520309
0.00017205125
0.00021171888
0.0013845084
0.0013442072
0.0013051576
0.0012672968
0.001230562
0.0011948897
0.001160216
0.0011264765
0.0010936065
0.0010615416
0.0010302171
0.00099956855
0.00096953188
0.0009400432
0.00091103903
0.00088245633
0.00085423251
0.00082630553
0.00079861397
0.00077109706
0.0007436948
0.0007163481
0.00068899888
0.00066159021
0.00063406657
0.00060637408
0.00057846076
0.00055027698
0.00052177589
0.00049291406
0.00046365229
0.00043395675
0.00040380057
0.00037316618
0.00034204897
0.00031046316
0.00027845193
0.00024610566
0.00021359721
0.00018125518
0.00014972789
0.0001203734
9.615865e-05
8.2911048e-05
8.6967248e-05
0.00010726885
0.00013746819
0.00017299453
0.0002116233
0.0013813522
0.0013410334
0.001301963
0.0012640797
0.0012273218
0.0011916271
0.0011569326
0.001123175
0.0010902906
0.0010582158
0.0010268868
0.00099624006
0.00096621213
0.00093673991
0.00090776062
0.00087921189
0.00085103179
0.00082315892
0.00079553248
0.00076809235
0.00074077918
0.00071353454
0.00068630104
0.00065902249
0.00063164419
0.00060411313
0.00057637835
0.00054839137
0.00052010671
0.00049148258
0.00046248181
0.00043307312
0.00040323289
0.0003729479
0.00034221936
0.00031106963
0.00027955344
0.00024777805
0.00021594142
0.00018440941
0.00015388133
0.00012575801
0.00010289879
9.0441191e-05
9.3674562e-05
0.00011208148
0.00014046427
0.00017454307
0.00021201863
0.0013778919
0.0013375669
0.0012984863
0.0012605901
0.001223818
0.0011881091
0.0011534015
0.0011196331
0.0010867412
0.0010546632
0.0010233363
0.00099269783
0.00096268521
0.00093323616
0.00090428872
0.00087578125
0.0008476526
0.0008198421
0.00079228968
0.00076493595
0.00073772231
0.00071059108
0.00068348569
0.00065635082
0.00062913266
0.00060177927
0.00057424083
0.00054647022
0.00051842352
0.00049006084
0.00046134735
0.00043225469
0.00040276302
0.00037286404
0.0003425656
0.00031189918
0.00028093232
0.0002497906
0.00021869845
0.000188059
0.00015861742
0.00013179826
0.00011031692
9.8654305e-05
0.00010119269
0.00011779204
0.00014429647
0.00017680864
0.00021301232
0.0013741723
0.001333853
0.0012947727
0.0012568734
0.0012200961
0.0011843811
0.0011496681
0.0011158959
0.0010830033
0.0010509285
0.00101961
0.00098898598
0.00095899492
0.00092957545
0.00090066649
0.00087220729
0.00084413756
0.00081639745
0.00078892775
0.00076166991
0.00073456618
0.00070755977
0.00068059504
0.00065361765
0.0006265749
0.000599416
0.00057209251
0.00054455883
0.00051677289
0.00048869698
0.00046029895
0.00043155382
0.00040244602
0.00037297288
0.00034314972
0.00031301815
0.00028265971
0.00025221958
0.00022194938
0.0001922881
0.00016401922
0.0001385692
0.00011847762
0.00010761041
0.00010957299
0.0001244748
0.00014907079
0.00017991022
0.00021472279
0.0013702541
0.0013299523
0.0012908832
0.0012529905
0.0012162168
0.0011805039
0.0011457928
0.0011120239
0.0010791369
0.0010470716
0.0010157673
0.00098516359
0.00095519993
0.00092581602
0.00089695179
0.00086854749
0.00084054377
0.00081288179
0.00078550325
0.00075835059
0.00073136705
0.00070449686
0.00067768546
0.00065087965
0.00062402796
0.000597081
0.00056999187
0.00054271678
0.00051521575
0.00048745361
0.00045940127
0.00043103759
0.00040235191
0.00037334784
0.00034404904
0.00031450825
0.0002848221
0.00025515617
0.00022578918
0.00019719301
0.00017017916
0.00014615259
0.0001274515
0.00011737512
0.00011887076
0.00013220117
0.00015489193
0.00018397174
0.00021727824
0.001366216
0.0013259438
0.0012868967
0.0012490203
0.001212259
0.0011765562
0.0011418543
0.0011080951
0.0010752199
0.0010431697
0.0010118853
0.00098130724
0.00095137639
0.00092203356
0.00089321985
0.00086487661
0.0008369456
0.00080936907
0.00078208983
0.00075505141
0.0007281982
0.00070147561
0.00067483029
0.00064821039
0.00062156587
0.00059484893
0.00056801448
0.00054102077
0.00051383025
0.00048641065
0.0004587364
0.0004307907
0.0004025684
0.00037408014
0.00034535875
0.00031646897
0.0002875233
0.00025870806
0.00023032785
0.00020288253
0.000177199
0.00015463712
0.00013731555
0.00012802005
0.00012914618
0.00014104062
0.0001618615
0.00018911946
0.00022081471
0.0013621573
0.0013219269
0.0012829127
0.0012450624
0.0012083223
0.0011726372
0.0011379515
0.0011042084
0.0010713507
0.001039321
0.0010080614
0.00097751393
0.00094762077
0.00091832405
0.00088956613
0.00086128964
0.00083343759
0.00080595344
0.00077878129
0.00075186592
0.00072515301
0.00069858933
0.00067212296
0.00064570357
0.00061928278
0.00059281462
0.00056625606
0.00053956774
0.00051271487
0.00048566847
0.00045840695
0.00043091843
0.00040320386
0.00037528163
0.00034719443
0.00031901976
0.00029088634
0.00026300075
0.00023569096
0.000209478
0.00018518965
0.00016411836
0.00014815348
0.00013962322
0.00014046518
0.00015106208
0.00017007697
0.00019547926
0.00022547362
0.0013582009
0.0013180246
0.0012790543
0.0012412399
0.0012045294
0.0011688698
0.0011342069
0.0011004858
0.0010676511
0.0010356467
0.0010044165
0.00097390412
0.00094405305
0.00091480694
0.00088610959
0.00085790504
0.00083013772
0.00080275249
0.00077569486
0.00074891107
0.00072234828
0.00069595481
0.00066968038
0.00064347639
0.00061729637
0.00059109647
0.00056483601
0.00053847835
0.00051199183
0.00048535119
0.00045853933
0.0004315498
0.00040439025
0.00037708744
0.00034969453
0.00032230206
0.00029505486
0.00026817832
0.00024201981
0.00021711286
0.00019427066
0.00017469883
0.000160056
0.00015226939
0.00015290014
0.00016233551
0.00017963151
0.0002031742
0.00023139876
0.0013544959
0.0013143862
0.0012754708
0.001237702
0.0012010297
0.0011654029
0.0011307694
0.0010970761
0.0010642693
0.0010322949
0.0010010984
0.00097062497
0.00094081991
0.00091162845
0.00088299597
0.00085486812
0.00082719088
0.00079991072
0.00077297475
0.00074633085
0.00071992788
0.00069371592
0.00066764655
0.00064167318
0.00061575151
0.00058984009
0.00056390092
0.00053790043
0.00051181052
0.00048561006
0.00045928691
0.00043284056
0.00040628589
0.00037965848
0.00035302226
0.00032648077
0.00030019395
0.00027440351
0.00024947079
0.00022593175
0.00020456957
0.00018648789
0.00017312098
0.00016605038
0.0001665304
0.00017493358
0.00019061455
0.00021232277
0.00023873327
0.0013512203
0.00131119
0.0012723408
0.0012346273
0.0011980018
0.0011624152
0.0011278175
0.0010941575
0.0010613836
0.0010294434
0.0009982844
0.00096785362
0.00093809814
0.00090896498
0.0008804013
0.0008523545
0.00082477236
0.00079760312
0.00077079571
0.00074429985
0.00071806632
0.00069204721
0.00066619622
0.00064046904
0.00061482382
0.00058922183
0.0005636281
0.00053801248
0.00051235082
0.00048662657
0.00046083296
0.00043497585
0.00040907773
0.00038318323
0.00035736696
0.00033174476
0.00030648996
0.00028185686
0.00025821404
0.00023608907
0.00021622105
0.00019960162
0.00018745363
0.00018106522
0.00018144272
0.00018893311
0.00020311309
0.00022303791
0.00024761691
0.0013485841
0.0013086462
0.0012698747
0.0012322265
0.0011956564
0.0011601176
0.0011255621
0.001091941
0.0010592047
0.0010273029
0.00099618508
0.00096580037
0.00093609779
0.00090702632
0.00087853511
0.0008505735
0.00082309123
0.00079603857
0.00076936644
0.00074302668
0.00071697222
0.00069115741
0.00066553834
0.00064007325
0.00061472306
0.00058945208
0.00056422873
0.00053902662
0.00051382591
0.00048861502
0.00046339289
0.00043817205
0.00041298274
0.00038787852
0.00036294413
0.00033830635
0.00031414918
0.00029073479
0.00026843135
0.00024774727
0.00022936592
0.00021416257
0.00020316641
0.0001974203
0.00019773148
0.00020441637
0.00021721332
0.00023542705
0.00025818379
0.001346831
0.0013069992
0.0012683171
0.0012307447
0.0011942391
0.0011587557
0.0011242491
0.0010906725
0.0010579786
0.0010261195
0.00099504663
0.0009647114
0.00093506499
0.00090605856
0.00087764338
0.00084977098
0.00082239328
0.00079546276
0.00076893262
0.00074275701
0.00071689129
0.00069129232
0.00066591887
0.00064073203
0.0006156958
0.00059077782
0.00056595022
0.00054119073
0.00051648412
0.00049182403
0.00046721535
0.00044267735
0.00041824785
0.00039398887
0.00036999411
0.00034639917
0.0003233952
0.00030124665
0.00028031334
0.00026107477
0.00024415023
0.00023029946
0.00022037897
0.00021522926
0.00021549874
0.0002214719
0.00023300242
0.00024959253
0.00027056013
0.001346241
0.0013065291
0.001267949
0.0012304633
0.0011940316
0.0011586119
0.0011241612
0.0010906352
0.001057989
0.0010261769
0.000995153
0.00096487087
0.00093528406
0.0009063461
0.00087801062
0.00085023152
0.00082296313
0.00079616036
0.00076977893
0.00074377556
0.00071810827
0.00069273674
0.00066762266
0.00064273026
0.00061802691
0.00059348388
0.00056907727
0.00054478919
0.00052060925
0.00049653644
0.0004725816
0.00044877054
0.00042514821
0.000401784
0.00037877888
0.00035627451
0.00033446492
0.0003136109
0.00029405631
0.00027624387
0.00026072416
0.00024814674
0.00023921777
0.0002346128
0.00023485411
0.00024019518
0.00025056986
0.00026563275
0.0013471303
0.0013075534
0.0012690884
0.0012317009
0.0011953533
0.0011600062
0.0011256191
0.0010921503
0.0010595575
0.0010277975
0.00099682687
0.00096660182
0.0009370784
0.00090821265
0.00087996078
0.00085227927
0.00082512507
0.00079845577
0.00077222981
0.00074640673
0.0007209475
0.00069581481
0.00067097359
0.00064639143
0.00062203931
0.0005978924
0.00057393094
0.00055014159
0.00052651885
0.00050306703
0.00047980267
0.00045675763
0.00043398301
0.00041155418
0.00038957704
0.00036819599
0.00034760339
0.00032805054
0.00030985883
0.00029342866
0.00027924101
0.00026784399
0.00025981558
0.00025569827
0.00025591443
0.00026068851
0.00027000823
0.0013498525
0.0013104261
0.0012720901
0.0012348133
0.0011985607
0.0011632958
0.0011289808
0.0010955766
0.0010630435
0.0010313413
0.001000429
0.00097026559
0.0009408098
0.00091202042
0.0008838564
0.00085627701
0.00082924202
0.00080271192
0.00077664811
0.00075101317
0.0007257712
0.0007008882
0.00067633248
0.00065207526
0.0006280913
0.00060435978
0.00058086522
0.0005575988
0.00053455981
0.00051175762
0.00048921394
0.00046696582
0.00044506923
0.00042360354
0.00040267699
0.00038243308
0.00036305804
0.00034478848
0.00032791841
0.0003128031
0.0002998562
0.00028953521
0.00028231081
0.00027861898
0.00027880305
0.00028306085
0.0013547959
0.0013155362
0.0012773441
0.0012401912
0.0012040455
0.0011688733
0.0011346396
0.0011013082
0.0010688422
0.001037204
0.0010063557
0.00097625904
0.00094687564
0.00091816716
0.0008900955
0.00086262288
0.00083571211
0.00080932674
0.00078343132
0.00075799168
0.00073297526
0.00070835148
0.00068409227
0.00066017254
0.00063657094
0.00061327071
0.00059026059
0.00056753612
0.00054510108
0.00052296934
0.00050116701
0.00047973514
0.00045873296
0.00043824167
0.00041836892
0.00039925387
0.00038107255
0.0003640429
0.00034842851
0.00033453923
0.0003227261
0.00031336779
0.00030684648
0.00030351344
0.00030364927
0.00030742784
0.0013623806
0.0013233046
0.0012852717
0.0012482566
0.0012122304
0.0011771622
0.0011430198
0.0011097701
0.001077379
0.0010458119
0.0010150338
0.00098500946
0.00095570349
0.00092708061
0.00089910579
0.00087174438
0.00084496238
0.00081872655
0.00079300475
0.00076776619
0.00074298177
0.00071862447
0.00069466986
0.00067109662
0.00064788727
0.00062502898
0.00060251452
0.00058034343
0.00055852347
0.00053707225
0.00051601923
0.00049540809
0.00047529946
0.00045577408
0.0004369363
0.00041891781
0.00040188127
0.00038602331
0.00037157602
0.00035880562
0.00034800684
0.00033949127
0.00033356896
0.000330524
0.00033058718
0.00033391117
0.0013730529
0.0013341777
0.0012963197
0.0012594568
0.0012235631
0.0011886106
0.0011545702
0.0011214114
0.0010891034
0.0010576147
0.0010269131
0.00099696662
0.00096774297
0.00093921003
0.00091133596
0.00088408936
0.0008574395
0.0008313565
0.00080581159
0.00078077745
0.00075622848
0.00073214125
0.00070849496
0.00068527197
0.00066245849
0.00064004542
0.00061802915
0.00059641276
0.00057520724
0.00055443302
0.00053412172
0.00051431811
0.00049508241
0.00047649273
0.00045864774
0.00044166921
0.00042570433
0.00041092723
0.00039753906
0.0003857658
0.00037585288
0.00036805578
0.00036262628
0.00035979526
0.0003597538
0.00036263593
0.0013872776
0.0013486197
0.0013109522
0.0012742559
0.0012385077
0.0012036826
0.0011697544
0.0011366958
0.0011044789
0.0010730752
0.001042456
0.0010125922
0.00098345488
0.00095501505
0.00092724418
0.00090011418
0.00087359765
0.00084766809
0.00082230017
0.00079747
0.00077315546
0.00074933663
0.00072599621
0.00070312005
0.00068069781
0.00065872369
0.00063719723
0.00061612436
0.00059551851
0.0005754019
0.00055580704
0.00053677834
0.00051837391
0.00050066743
0.00048375001
0.00046773193
0.00045274391
0.00043893767
0.00042648527
0.00041557672
0.00040641527
0.00039921007
0.00039416611
0.00039147204
0.00039128709
0.00039372885
0.0014055265
0.0013671024
0.0013296404
0.0012931244
0.001257534
0.0012228471
0.0011890405
0.0011560901
0.001123971
0.0010926579
0.0010621252
0.0010323472
0.0010032981
0.00097495225
0.00094728436
0.00092026968
0.00089388414
0.0008681046
0.00084290909
0.00081827709
0.00079418986
0.00077063078
0.00074758585
0.00072504411
0.00070299826
0.00068144534
0.00066038747
0.00063983268
0.00061979596
0.00060030031
0.00058137796
0.00056307163
0.00054543598
0.00052853888
0.00051246273
0.00049730555
0.00048318154
0.00047022117
0.0004585701
0.00044838698
0.00043983957
0.00043309917
0.00042833326
0.0004256969
0.00042532354
0.00042731633
0.0014282695
0.0013900942
0.0013528515
0.0013165279
0.0012811057
0.0012465658
0.001212888
0.0011800514
0.0011480343
0.0011168145
0.0010863698
0.0010566775
0.0010277151
0.00099946037
0.00097189116
0.00094498599
0.00091872409
0.00089308555
0.00086805167
0.00084360511
0.00081973031
0.00079641374
0.00077364435
0.00075141401
0.00072971803
0.00070855574
0.00068793118
0.00066785378
0.00064833925
0.00062941043
0.00061109827
0.00059344284
0.00057649429
0.00056031389
0.00054497482
0.00053056278
0.00051717628
0.00050492626
0.00049393511
0.00048433472
0.00047626338
0.00046986161
0.00046526683
0.00046260726
0.00046199533
0.00046352154
0.0014559626
0.0014180493
0.0013810371
0.0013449149
0.0013096679
0.0012752802
0.0012417347
0.0012090136
0.0011770986
0.0011459707
0.0011156108
0.0010859995
0.0010571175
0.0010289457
0.0010014652
0.00097465769
0.00094850549
0.00092299185
0.00089810108
0.00087381886
0.00085013251
0.00082703129
0.00080450676
0.00078255319
0.00076116799
0.00074035229
0.0007201114
0.0007004555
0.00068140028
0.0006629677
0.00064518666
0.00062809384
0.0006117344
0.00059616264
0.00058144254
0.0005676481
0.00055486334
0.0005431819
0.00053270608
0.00052354523
0.0005158134
0.00050962618
0.00050509687
0.00050233204
0.00050142689
0.00050246105
0.00148904
0.0014513984
0.0014146231
0.0013787061
0.001343636
0.0013093999
0.0012759843
0.0012433747
0.001211556
0.0011805125
0.0011502282
0.0011206869
0.0010918724
0.0010637686
0.0010363598
0.0010096305
0.00098356622
0.00095815294
0.00093337786
0.00090922939
0.00088569745
0.00086277372
0.00084045202
0.00081872857
0.00079760247
0.00077707608
0.00075715549
0.00073785104
0.00071917788
0.00070115647
0.00068381324
0.0006671811
0.00065130002
0.00063621741
0.00062198853
0.00060867663
0.00059635282
0.00058509569
0.00057499049
0.00056612783
0.00055860192
0.0005525082
0.00054794053
0.00054498797
0.00054373155
0.0015279186
0.0014905462
0.0014540033
0.0014182853
0.0013833841
0.0013492906
0.0013159945
0.0012834846
0.0012517488
0.0012207747
0.0011905492
0.0011610591
0.0011322912
0.0011042324
0.0010768698
0.0010501907
0.0010241834
0.00099883667
0.00097414015
0.00095008474
0.00092666265
0.00090386767
0.00088169546
0.00086014386
0.0008392132
0.00081890666
0.00079923069
0.00078019534
0.00076181481
0.00074410779
0.00072709796
0.00071081439
0.00069529195
0.00068057159
0.00066670058
0.00065373255
0.00064172739
0.00063075084
0.00062087386
0.00061217161
0.00060472211
0.00059860447
0.00059389687
0.00059067417
0.00058900564
0.0015729909
0.0015358641
0.0014995311
0.0014639908
0.0014292382
0.001395267
0.0013620699
0.0013296383
0.0012979629
0.001267034
0.0012368414
0.0012073748
0.0011786236
0.0011505774
0.0011232261
0.0010965598
0.001070569
0.001045245
0.0010205799
0.00099656665
0.00097319946
0.00095047393
0.00092838726
0.00090693852
0.00088612895
0.00086596223
0.0008464448
0.0008275862
0.00080939942
0.00079190122
0.00077511252
0.00075905869
0.00074376981
0.00072928096
0.00071563228
0.00070286905
0.00069104153
0.00068020465
0.0006704175
0.00066174255
0.00065424463
0.00064798965
0.00064304303
0.00063946802
0.00063732399
0.0016245566
0.0015876505
0.0015515019
0.0015161129
0.0014814818
0.001447605
0.0014144776
0.0013820937
0.0013504466
0.0013195292
0.001289334
0.0012598531
0.0012310787
0.001203003
0.0011756183
0.0011489171
0.0011228923
0.0010975373
0.0010728464
0.0010488144
0.0010254372
0.001002712
0.00098063717
0.00095921282
0.0009384408
0.00091832506
0.00089887182
0.00088008993
0.00086199108
0.00084459014
0.00082790536
0.00081195866
0.00079677583
0.00078238672
0.00076882528
0.00075612962
0.00074434188
0.00073350797
0.00072367718
0.00071490159
0.00070723531
0.0007007335
0.0006954512
0.00069144207
0.00068875723
0.0016828158
0.001646104
0.0016101107
0.0015748409
0.0015402969
0.001506478
0.001473382
0.0014410056
0.0014093447
0.0013783948
0.0013481509
0.0013186078
0.0012897602
0.0012616026
0.0012341296
0.001207336
0.0011812168
0.0011557675
0.001130984
0.0011068631
0.001083402
0.0010605992
0.0010384542
0.0010169678
0.00099614228
0.00097598176
0.00095649211
0.00093768142
0.00091956012
0.00090214124
0.0008854406
0.00086947704
0.00085427255
0.00083985244
0.00082624538
0.00081348342
0.0008016019
0.00079063928
0.00078063679
0.00077163804
0.00076368841
0.0007568343
0.0007511223
0.00074659818
0.00074330608
0.0017473327
0.0017107812
0.0016749015
0.0016397083
0.0016052067
0.0015713989
0.0015382855
0.001505866
0.0014741392
0.001443103
0.0014127551
0.0013830928
0.001354113
0.0013258125
0.0012981881
0.0012712366
0.0012449551
0.0012193407
0.0011943911
0.0011701045
0.0011464795
0.0011235156
0.0011012133
0.0010795739
0.0010586
0.0010382958
0.0010186667
0.0009997201
0.00098146525
0.00096391353
0.00094707861
0.00093097663
0.00091562633
0.00090104918
0.0008872694
0.00087431402
0.00086221279
0.00085099806
0.00084070452
0.00083136894
0.00082302962
0.00081572593
0.00080949755
0.00080438376
0.00080042304
0.0018179143
0.0017814451
0.0017456131
0.0017104355
0.001675916
0.0016420588
0.0016088671
0.0015763431
0.0015444879
0.0015133023
0.0014827862
0.0014529391
0.0014237602
0.0013952485
0.0013674028
0.0013402217
0.0013137041
0.0012878488
0.0012626549
0.0012381219
0.0012142498
0.0011910388
0.0011684902
0.0011466059
0.0011253887
0.0011048427
0.0010849731
0.0010657865
0.0010472911
0.0010294969
0.0010124157
0.00099606131
0.00098044979
0.00096559937
0.00095153059
0.00093826636
0.00092583184
0.00091425444
0.00090356356
0.00089379043
0.00088496769
0.00087712902
0.00087030847
0.00086453999
0.00085985783
0.0019314936
0.0018949827
0.0018590742
0.001823767
0.0017890711
0.001754994
0.0017215419
0.0016887201
0.0016565329
0.0016249841
0.0015940768
0.0015638135
0.0015341961
0.0015052265
0.0014769059
0.0014492356
0.0014222165
0.0013958497
0.0013701361
0.0013450769
0.0013206734
0.0012969272
0.0012738405
0.0012514156
0.0012296557
0.0012085649
0.0011881478
0.0011684104
0.0011493596
0.0011310035
0.001113352
0.0010964162
0.001080209
0.0010647449
0.0010500405
0.0010361139
0.0010229853
0.0010106767
0.00099921173
0.00098861551
0.00097891462
0.00097013667
0.0009623099
0.00095546298
)
;

boundaryField
{
    inletLow
    {
        type            calculated;
        value           nonuniform List<scalar> 0();
    }
    inletJet
    {
        type            calculated;
        value           nonuniform List<scalar> 0();
    }
    inletHigh
    {
        type            calculated;
        value           nonuniform List<scalar> 0();
    }
    outlet
    {
        type            calculated;
        value           nonuniform List<scalar> 0();
    }
    upperWall
    {
        type            calculated;
        value           nonuniform List<scalar> 
44
(
0.001931651
0.0018951379
0.0018592272
0.0018239176
0.0017892192
0.0017551394
0.0017216846
0.0016888599
0.0016566698
0.0016251181
0.0015942077
0.0015639413
0.0015343208
0.001505348
0.0014770243
0.0014493508
0.0014223285
0.0013959584
0.0013702416
0.0013451792
0.0013207726
0.0012970232
0.0012739333
0.0012515053
0.0012297423
0.0012086483
0.0011882282
0.0011684877
0.0011494338
0.0011310748
0.0011134203
0.0010964815
0.0010802714
0.0010648044
0.0010500971
0.0010361677
0.0010230364
0.001010725
0.00099925724
0.00098865833
0.00097895478
0.0009701742
0.00096234483
0.00095549537
)
;
    }
    lowerWall
    {
        type            calculated;
        value           nonuniform List<scalar> 0();
    }
    frontAndBack
    {
        type            empty;
    }
    procBoundary0to1
    {
        type            processor;
        value           nonuniform List<scalar> 
80
(
0.00082577746
0.00082566995
0.00082541198
0.00082500483
0.00076833397
0.00076833397
0.00076771944
0.00076701021
0.00076614984
0.00070959019
0.00070959019
0.0007085144
0.00065234484
0.00065234484
0.00065107875
0.00059545006
0.00059545006
0.00059401826
0.00053907249
0.00053907249
0.00053749757
0.00048336563
0.00048336563
0.00048167023
0.00047982489
0.00047782519
0.00042474843
0.00042474843
0.00032178123
0.00042267318
0.00037072998
0.00032178123
0.00027209789
0.00027209789
0.00027044032
0.00026870603
0.00026690776
0.00026506159
0.00026318771
0.0002613115
0.00025946423
0.00025768405
0.00025601694
0.00025451772
0.00025325109
0.00025229266
0.00025172973
0.00025166198
0.00025220167
0.00025347341
0.00025561323
0.00025876699
0.00026308798
0.00026873397
0.00027586383
0.00028463427
0.00029519752
0.00028486714
0.00028486714
0.00028364449
0.00028364449
0.00029141546
0.00029141546
0.00031489563
0.00034055628
0.00036850843
0.00039886584
0.0004317425
0.00046725005
0.00050549415
0.00054424137
0.00054424137
0.00058895227
0.00063666387
0.00068744262
0.00074128597
0.00079765037
0.00085629093
0.00094962254
0.00094962254
)
;
    }
    procBoundary0to2
    {
        type            processor;
        value           nonuniform List<scalar> 
66
(
0.0013733013
0.0013734431
0.0013736549
0.001373938
0.0013742918
0.0013747121
0.001375256
0.0013759661
0.0013768273
0.0013778264
0.0013789478
0.0013801756
0.0013814922
0.0013828795
0.0013843178
0.0013857868
0.0013872646
0.0013887288
0.0013901557
0.0013915207
0.0013927986
0.0013939632
0.0013949879
0.0013958458
0.0013965108
0.0013965108
0.0014378757
0.0014381781
0.0014382035
0.0014379269
0.0014373261
0.0014363813
0.0014350766
0.0014334006
0.0014313474
0.0014289182
0.0014261223
0.0014229789
0.001419519
0.0014157871
0.0014118433
0.0014077662
0.0014036549
0.0013996321
0.0013958465
0.0013924761
0.0013897302
0.0013878523
0.0013871214
0.0013878534
0.0013904008
0.0013951513
0.0014025247
0.0014129674
0.0014269449
0.0014449288
0.0014673905
0.0014947873
0.0015275552
0.0015661241
0.0016109108
0.0016622139
0.0017202108
0.0017845602
0.0018550243
0.0019685717
)
;
    }
    procBoundary0to4
    {
        type            processor;
        value           nonuniform List<scalar> 6(0.00049492286 0.00054868269 0.00060310646 0.00065811331 0.00071361787 0.00076952586);
    }
    procBoundary0to5
    {
        type            processor;
        value           nonuniform List<scalar> 
52
(
0.0013355333
0.0012990199
0.0012636225
0.0012292673
0.0011958806
0.0011633898
0.0011317229
0.0011008086
0.0010705763
0.0010409565
0.0010118801
0.00098327892
0.00095508559
0.00092723325
0.00089965576
0.00087228751
0.0008450635
0.00081791919
0.00079079059
0.00076361418
0.00073632694
0.0007088664
0.00068117067
0.00065317849
0.00062482933
0.0005960635
0.00056682231
0.00053704818
0.00050668489
0.00047567772
0.00044397372
0.00041152196
0.00037827378
0.00034418313
0.00030920684
0.00027330501
0.00023644129
0.00019858333
0.00015970323
0.00011977812
7.8791778e-05
3.6744662e-05
6.7242865e-06
5.0741705e-05
9.6055426e-05
0.00014245197
0.00018990638
0.00023839257
0.00028787858
0.00033832526
0.00038968511
0.00044190275
)
;
    }
}


// ************************************************************************* //
