/*--------------------------------*- C++ -*----------------------------------*\
| =========                 |                                                 |
| \\      /  F ield         | OpenFOAM: The Open Source CFD Toolbox           |
|  \\    /   O peration     | Version:  2312                                  |
|   \\  /    A nd           | Website:  www.openfoam.com                      |
|    \\/     M anipulation  |                                                 |
\*---------------------------------------------------------------------------*/
FoamFile
{
    version     2.0;
    format      ascii;
    arch        "LSB;label=32;scalar=64";
    class       volScalarField;
    location    "0.08";
    object      Ma;
}
// * * * * * * * * * * * * * * * * * * * * * * * * * * * * * * * * * * * * * //

dimensions      [0 0 0 0 0 0 0];

internalField   nonuniform List<scalar> 
3272
(
0.0032281346
0.003251591
0.0032748675
0.0032979864
0.0033208489
0.0033433764
0.0033655056
0.0033871776
0.0034083382
0.0034289369
0.0034489269
0.0034682646
0.0034869092
0.0035048228
0.00352197
0.0035383182
0.0035538367
0.0035684973
0.003582274
0.0035951429
0.0036070806
0.0036180599
0.0036280867
0.0036371292
0.0036451726
0.0036521965
0.0036581955
0.0036631569
0.0036670724
0.0036699356
0.0036717358
0.0036724687
0.0036721351
0.0036707347
0.0036682486
0.0036646939
0.0036600688
0.0036543769
0.003647623
0.0036398118
0.0036309496
0.0036210441
0.0036101044
0.0035981409
0.0035851651
0.0035711898
0.0035562286
0.0035402966
0.0035234096
0.0035055845
0.0034868339
0.0034671875
0.0034467376
0.0032099211
0.0032323741
0.0032545324
0.0032764627
0.0032980839
0.0033193203
0.0033401102
0.0033603964
0.0033801264
0.0033992524
0.0034177302
0.0034355192
0.0034525819
0.0034688837
0.0034843929
0.0034990801
0.0035129182
0.0035258824
0.0035379504
0.0035491018
0.0035593184
0.0035685784
0.0035768845
0.0035842063
0.0035905321
0.0035958516
0.0036001607
0.0036034495
0.0036057125
0.0036069453
0.0036071412
0.0036062996
0.0036044206
0.0036015064
0.003597544
0.0035925564
0.0035865366
0.0035794914
0.0035714282
0.0035623539
0.0035522767
0.0035412059
0.0035291523
0.0035161277
0.0035021451
0.0034872184
0.0034713626
0.0034545937
0.0034369284
0.0034183841
0.003398971
0.0033786936
0.0033576369
0.0032193473
0.0032411794
0.0032626421
0.0032838055
0.0033045938
0.0033249347
0.00334477
0.0033640455
0.0033827119
0.0034007242
0.0034180415
0.0034346266
0.0034504453
0.0034654667
0.0034796622
0.0034930061
0.0035054748
0.003517047
0.0035277036
0.0035374272
0.0035462015
0.0035540129
0.0035608623
0.0035667214
0.0035715796
0.0035754361
0.003578286
0.0035801225
0.0035809431
0.0035807448
0.0035795238
0.0035772841
0.0035740254
0.0035697501
0.0035644489
0.003558152
0.0035508475
0.0035425462
0.0035332565
0.0035229871
0.0035117477
0.0034995492
0.0034864036
0.003472324
0.0034573245
0.0034414203
0.0034246273
0.0034069625
0.0033884432
0.0033690877
0.0033489082
0.0033279085
0.0033061607
0.0032445154
0.0032657572
0.003286543
0.0033069439
0.0033268872
0.0033463052
0.003365144
0.0033833535
0.0034008884
0.0034177079
0.0034337752
0.0034490573
0.0034635243
0.0034771492
0.0034899078
0.0035017782
0.0035127411
0.0035227791
0.0035318771
0.0035400212
0.0035471942
0.0035534082
0.0035586295
0.00356286
0.0035660824
0.0035683055
0.0035695235
0.0035697337
0.0035689362
0.003567129
0.0035643135
0.0035604961
0.0035556794
0.0035498553
0.003543044
0.0035352531
0.0035264829
0.0035167445
0.0035060477
0.0034944027
0.003481821
0.0034683149
0.003453898
0.0034385846
0.0034223901
0.0034053307
0.0033874236
0.0033686866
0.003349138
0.0033287967
0.0033076751
0.0032857768
0.0032631724
0.0032844093
0.0033050718
0.0033251774
0.0033447979
0.0033638648
0.0033823158
0.0034001019
0.0034171782
0.0034335044
0.0034490449
0.0034637678
0.0034776449
0.0034906511
0.0035027643
0.0035139651
0.0035242361
0.0035335626
0.0035419317
0.0035493324
0.0035557537
0.0035611872
0.0035656421
0.003569094
0.0035715369
0.0035729729
0.003573406
0.0035728346
0.0035712599
0.0035686828
0.0035651051
0.0035605353
0.0035549765
0.0035484337
0.0035409019
0.003532414
0.0035229641
0.0035125627
0.0035012215
0.0034889515
0.0034757649
0.0034616748
0.0034466951
0.0034308408
0.0034141276
0.0033965721
0.0033781919
0.0033590051
0.0033390307
0.0033182878
0.0032967963
0.0032745693
0.0032516096
0.0032279859
0.0033381374
0.0033582122
0.0033776166
0.0033964238
0.0034145702
0.0034319998
0.0034486696
0.0034645407
0.0034795788
0.0034937539
0.0035070398
0.0035194139
0.0035308566
0.003541351
0.0035508828
0.0035594397
0.0035670118
0.0035735913
0.0035791721
0.0035837426
0.0035873196
0.0035898827
0.003591431
0.0035919567
0.0035914742
0.0035899839
0.003587489
0.0035839937
0.0035795008
0.0035740174
0.0035675561
0.0035601206
0.003551705
0.0035423374
0.003532028
0.0035207808
0.0035086088
0.0034955245
0.0034815409
0.003466672
0.0034509325
0.0034343379
0.0034169045
0.0033986495
0.003379591
0.0033597475
0.0033391384
0.0033177838
0.0032957037
0.003272919
0.0032494435
0.0032252797
0.0032004943
0.0034046097
0.0034240629
0.0034427223
0.0034606626
0.0034778265
0.003494165
0.003509642
0.0035242254
0.0035378875
0.0035506048
0.0035623574
0.0035731287
0.0035829051
0.0035916753
0.0035994307
0.0036061642
0.003611871
0.0036165484
0.0036201945
0.0036228074
0.003624402
0.0036249605
0.0036244828
0.0036229809
0.0036204623
0.0036169316
0.0036123962
0.0036068613
0.0036003341
0.0035928292
0.0035843569
0.0035749149
0.0035645206
0.0035531971
0.0035409456
0.0035277816
0.0035137187
0.0034987709
0.0034829532
0.0034662811
0.0034487709
0.0034304398
0.0034113056
0.0033913867
0.0033707024
0.0033492726
0.003327118
0.0033042594
0.003280718
0.0032565152
0.0032316654
0.003206172
0.0031801029
0.0034827226
0.0035014951
0.0035193428
0.0035363428
0.0035524447
0.0035676075
0.0035818027
0.0035950058
0.0036071963
0.0036183578
0.0036284771
0.0036375442
0.0036455517
0.0036524944
0.0036583692
0.003663175
0.0036669122
0.0036695822
0.0036711866
0.0036717468
0.0036712492
0.0036696935
0.0036670928
0.0036634598
0.0036588023
0.0036531298
0.0036464503
0.0036387739
0.0036301161
0.0036204865
0.0036098981
0.003598351
0.0035858847
0.0035724979
0.0035582054
0.003543024
0.003526969
0.0035100565
0.0034923031
0.003473726
0.0034543432
0.0034341731
0.0034132351
0.0033915489
0.0033691352
0.003346015
0.0033222101
0.0032977425
0.003272634
0.0032469064
0.0032205731
0.0031936452
0.003166196
0.0035713881
0.0035893965
0.0036063443
0.0036223116
0.0036372558
0.0036511446
0.003663958
0.0036756794
0.0036862963
0.0036957995
0.0037041831
0.003711444
0.0037175811
0.0037225956
0.0037264904
0.00372927
0.0037309396
0.0037315043
0.00373099
0.0037293868
0.0037267014
0.0037229435
0.0037181323
0.0037122788
0.0037053953
0.0036974926
0.0036885833
0.0036786845
0.0036678106
0.0036559747
0.0036431776
0.0036294587
0.0036148277
0.0035992958
0.0035828808
0.0035656001
0.003547471
0.0035285115
0.0035087398
0.0034881748
0.0034668361
0.0034447434
0.0034219174
0.0033983793
0.0033741509
0.0033492547
0.0033237135
0.0032975503
0.0032707885
0.0032434493
0.0032155386
0.0031870947
0.0031581636
0.0036695343
0.0036866721
0.0037026115
0.003717436
0.003731112
0.0037436163
0.0037549378
0.0037650685
0.003774004
0.0037817431
0.0037882872
0.00379364
0.0037978073
0.0038007966
0.0038026168
0.0038032776
0.0038027878
0.003801178
0.0037984413
0.0037945909
0.0037896365
0.0037836027
0.0037765036
0.0037683551
0.0037591709
0.0037489662
0.00373776
0.0037255704
0.0037124125
0.0036982887
0.003683238
0.0036672753
0.0036504139
0.0036326727
0.0036140705
0.003594626
0.0035743585
0.0035532876
0.0035314331
0.0035088155
0.0034854556
0.0034613747
0.0034365946
0.0034111378
0.0033850275
0.0033582872
0.0033309412
0.0033030141
0.0032745328
0.0032455067
0.0032159237
0.003776112
0.0037922512
0.003807055
0.003820611
0.0038328947
0.0038438931
0.0038536042
0.0038620289
0.0038691712
0.0038750379
0.0038796379
0.0038829821
0.0038850829
0.0038859542
0.0038856103
0.0038840646
0.0038813521
0.0038774695
0.0038724354
0.0038662616
0.0038589772
0.0038506
0.0038411495
0.0038306425
0.0038190979
0.0038065369
0.0037929802
0.0037784453
0.0037629364
0.0037464938
0.0037291356
0.0037108763
0.0036917374
0.0036717392
0.0036509019
0.0036292463
0.003606793
0.0035835634
0.0035595787
0.0035348607
0.0035094316
0.0034833138
0.0034565305
0.0034291052
0.0034010623
0.0033724265
0.0033432232
0.0033134779
0.0032832115
0.0032524347
0.0032211776
0.0038901002
0.0039050937
0.0039186183
0.003930766
0.0039415224
0.0039508846
0.00395886
0.0039654587
0.0039706931
0.0039745782
0.0039771304
0.0039783676
0.0039783089
0.0039769737
0.0039743802
0.0039705681
0.0039655388
0.0039593145
0.0039519122
0.003943363
0.0039336892
0.0039229138
0.0039110586
0.0038981439
0.0038841961
0.0038692372
0.0038532874
0.0038363523
0.0038184756
0.0037996758
0.0037799698
0.003759381
0.0037379318
0.003715644
0.0036925398
0.0036686414
0.003643971
0.0036185512
0.0035924048
0.0035655546
0.003538024
0.0035098367
0.0034810168
0.003451589
0.0034215785
0.0033910111
0.003359913
0.0033283104
0.0032962236
0.0032636567
0.0032306584
0.0040105105
0.0040241948
0.0040362827
0.0040468713
0.0040559564
0.0040635453
0.0040696552
0.0040743051
0.004077516
0.0040793108
0.0040797135
0.0040787488
0.0040764414
0.0040728146
0.0040679131
0.0040617434
0.0040543313
0.0040457007
0.0040358845
0.0040249077
0.0040127962
0.0039995786
0.0039852766
0.0039699229
0.0039535389
0.0039361498
0.0039177624
0.0038984246
0.0038781527
0.0038569673
0.0038348936
0.0038119556
0.0037881771
0.0037635817
0.0037381931
0.0037120348
0.0036851304
0.0036575036
0.0036291784
0.0036001789
0.0035705293
0.0035402543
0.0035093791
0.0034779292
0.0034459308
0.0034134104
0.0033803949
0.0033469113
0.0033129804
0.0032786059
0.0032438354
0.0041363897
0.0041485881
0.0041590714
0.0041679419
0.0041752054
0.00418088
0.0041849922
0.0041875699
0.0041886422
0.0041882403
0.0041863955
0.0041831378
0.0041784957
0.0041725187
0.0041652196
0.0041566272
0.0041467743
0.0041356944
0.0041234183
0.004109971
0.0040953875
0.0040796882
0.0040629205
0.0040451009
0.0040262584
0.0040064015
0.0039855878
0.0039638266
0.003941143
0.0039175634
0.0038931137
0.0038678193
0.0038417057
0.0038147977
0.0037871202
0.0037586981
0.003729556
0.0036997186
0.003669211
0.003638058
0.003606285
0.0035739175
0.0035409814
0.0035075032
0.0034735096
0.0034390281
0.0034040861
0.0033687112
0.0033329251
0.0032967323
0.0032601781
0.0042668226
0.0042773491
0.0042860525
0.0042930405
0.0042983293
0.0043019469
0.0043039295
0.004304313
0.0043031343
0.0043004333
0.0042962473
0.0042906091
0.0042835721
0.0042751563
0.0042653939
0.0042543275
0.0042419917
0.0042284198
0.0042136456
0.004197698
0.0041806101
0.004162422
0.0041431655
0.0041228576
0.0041015334
0.0040792336
0.0040559749
0.004031785
0.0040066903
0.003980718
0.0039538954
0.0039262494
0.0038978064
0.0038685925
0.0038386336
0.0038079554
0.0037765836
0.0037445439
0.0037118619
0.0036785634
0.0036446745
0.0036102213
0.0035752307
0.0035397296
0.0035037455
0.0034673065
0.0034304405
0.0033931758
0.0033555347
0.0033175227
0.0032791825
0.0044009332
0.0044095961
0.0044163409
0.0044212804
0.0044244409
0.0044258602
0.0044255836
0.0044236554
0.0044201179
0.0044150209
0.0044084034
0.0044003219
0.0043908022
0.0043798812
0.004367609
0.004354026
0.0043391658
0.0043230708
0.0043057664
0.0042872992
0.0042677008
0.0042470076
0.0042252373
0.0042024481
0.0041786633
0.0041539066
0.0041282083
0.004101597
0.0040741006
0.0040457474
0.0040165656
0.003986583
0.0039558268
0.0039243241
0.0038921016
0.0038591856
0.0038256028
0.0037913793
0.0037565414
0.0037211158
0.0036851288
0.0036486075
0.003611579
0.003574071
0.0035361116
0.0034977292
0.0034589525
0.0034198097
0.0033803239
0.0033405011
0.0033003822
0.0045378868
0.0045444927
0.0045491
0.0045518266
0.0045527082
0.0045517912
0.0045491306
0.0045447779
0.004538779
0.0045312031
0.0045220822
0.0045114674
0.0044994008
0.0044859319
0.0044711058
0.0044549676
0.0044375543
0.0044189036
0.0043990659
0.0043780643
0.0043559478
0.0043327259
0.0043084772
0.0042832099
0.0042569613
0.0042297606
0.0042016378
0.0041726225
0.0041427438
0.0041120311
0.0040805131
0.0040482182
0.0040151744
0.0039814093
0.0039469501
0.0039118239
0.0038760576
0.0038396781
0.0038027122
0.0037651868
0.003727129
0.003688566
0.0036495256
0.0036100359
0.0035701254
0.0035298232
0.0034891581
0.0034481588
0.003406848
0.0033652313
0.0033233512
0.0046768909
0.0046812486
0.0046835429
0.0046838969
0.0046823551
0.0046789706
0.0046738091
0.004666924
0.0046583871
0.0046482378
0.0046365301
0.0046233233
0.0046086661
0.0045926039
0.0045751936
0.0045564641
0.0045364813
0.004515272
0.0044928861
0.0044693368
0.0044446983
0.0044189892
0.0043922542
0.0043645224
0.0043358285
0.0043062042
0.0042756801
0.0042442866
0.0042120538
0.0041790113
0.0041451883
0.0041106137
0.0040753159
0.0040393227
0.004002662
0.003965361
0.0039274471
0.0038889474
0.0038498891
0.0038102994
0.0037702056
0.0037296355
0.003688617
0.0036471786
0.0036053494
0.0035631587
0.003520636
0.0034778106
0.0034347056
0.0033913232
0.0033477134
0.0048171965
0.0048191207
0.0048189331
0.004816762
0.0048126598
0.0048066842
0.0047989202
0.004789415
0.0047782365
0.0047654403
0.0047510919
0.0047352425
0.0047179553
0.0046992643
0.0046792378
0.0046579153
0.0046353505
0.0046115617
0.0045866204
0.0045605561
0.0045334093
0.0045052156
0.0044760149
0.0044458411
0.0044147283
0.0043827091
0.0043498152
0.0043160772
0.0042815258
0.0042461907
0.0042101014
0.004173287
0.0041357759
0.0040975962
0.004058776
0.0040193427
0.0039793237
0.0039387465
0.0038976383
0.0038560264
0.0038139385
0.0037714024
0.0037284464
0.0036850991
0.00364139
0.0035973488
0.0035530056
0.0035083917
0.0034635288
0.0034184047
0.0049580993
0.004957414
0.0049545856
0.004949748
0.0049429563
0.0049342926
0.0049238163
0.0049115948
0.004897707
0.0048822069
0.0048651696
0.0048466365
0.0048266794
0.0048053481
0.0047826985
0.0047587567
0.0047335977
0.0047072583
0.0046797796
0.0046512014
0.0046215651
0.0045909086
0.00455927
0.0045266845
0.0044931866
0.004458809
0.0044235838
0.0043875421
0.0043507144
0.0043131305
0.0042748201
0.0042358119
0.0041961345
0.0041558161
0.0041148844
0.0040733672
0.0040312917
0.0039886853
0.0039455755
0.0039019894
0.0038579549
0.0038134997
0.0037686524
0.0037234416
0.0036778969
0.0036320482
0.0035859254
0.0035395563
0.0034929575
0.0034461425
0.0050989403
0.0050954814
0.0050898637
0.0050822351
0.0050726469
0.0050611766
0.0050479049
0.0050328984
0.0050162441
0.0049979899
0.0049782154
0.0049569794
0.0049343449
0.0049103403
0.004885051
0.0048585147
0.00483078
0.0048018902
0.0047718898
0.0047408202
0.0047087216
0.0046756327
0.0046415908
0.0046066314
0.0045707888
0.0045340958
0.0044965845
0.0044582858
0.0044192301
0.0043794472
0.0043389663
0.004297816
0.0042560248
0.0042136204
0.0041706306
0.0041270828
0.0040830042
0.004038422
0.0039933636
0.0039478561
0.0039019271
0.0038556046
0.0038089168
0.0037618926
0.0037145615
0.0036669532
0.0036190974
0.00357102
0.0035227321
0.0034742608
0.0052391056
0.0052327284
0.0052241962
0.0052136473
0.0052011551
0.0051867976
0.0051706646
0.0051528121
0.005133335
0.0051122984
0.0050897764
0.0050657972
0.0050404648
0.0050138096
0.004985893
0.0049567608
0.0049264632
0.004895045
0.0048625499
0.0048290193
0.0047944932
0.0047590098
0.0047226058
0.0046853166
0.0046471759
0.0046082164
0.0045684696
0.0045279662
0.0044867362
0.0044448089
0.0044022131
0.0043589771
0.0043151289
0.0042706958
0.0042257054
0.0041801846
0.0041341605
0.0040876599
0.0040407099
0.0039933376
0.0039455703
0.0038974358
0.0038489623
0.0038001787
0.0037511142
0.0037017986
0.0036522619
0.0036025298
0.0035526086
0.003502532
0.0053780428
0.0053686
0.0053570295
0.0053434645
0.0053279885
0.0053106722
0.0052916104
0.0052708779
0.0052485598
0.0052246928
0.0051993988
0.0051726985
0.0051446703
0.0051153612
0.0050848285
0.0050531207
0.0050202859
0.0049863693
0.0049514136
0.0049154601
0.004878548
0.0048407146
0.0048019962
0.0047624271
0.0047220405
0.0046808684
0.0046389418
0.0045962907
0.0045529444
0.0045089318
0.0044642809
0.0044190195
0.0043731749
0.0043267741
0.0042798441
0.0042324114
0.0041845026
0.0041361442
0.0040873629
0.0040381855
0.0039886391
0.0039387512
0.0038885498
0.0038380635
0.0037873216
0.0037363539
0.0036851913
0.0036338578
0.0035823485
0.0055152138
0.0055025941
0.0054878917
0.0054712244
0.0054526864
0.0054323748
0.0054103371
0.005386688
0.0053614926
0.0053348186
0.0053067422
0.0052773144
0.0052466017
0.0052146562
0.0051815315
0.0051472764
0.0051119381
0.0050755606
0.0050381861
0.0049998546
0.0049606043
0.0049204716
0.0048794917
0.0048376979
0.0047951224
0.0047517964
0.0047077499
0.0046630121
0.0046176115
0.0045715762
0.0045249333
0.00447771
0.0044299329
0.0043816284
0.0043328227
0.0042835418
0.0042338118
0.0041836588
0.004133109
0.0040821887
0.0040309248
0.0039793443
0.0039274749
0.0038753451
0.0038229838
0.0037704203
0.003717683
0.0036647919
0.0036117571
0.0056501586
0.0056342578
0.0056163348
0.0055965214
0.0055748607
0.0055514989
0.0055264802
0.0054998991
0.0054718225
0.0054423266
0.0054114794
0.0053793382
0.0053459633
0.005311408
0.0052757237
0.0052389585
0.0052011577
0.0051623644
0.0051226192
0.0050819608
0.0050404261
0.0049980502
0.0049548668
0.004910908
0.004866205
0.0048207876
0.0047746848
0.0047279248
0.0046805352
0.0046325427
0.0045839739
0.004534855
0.0044852117
0.0044350696
0.0043844543
0.0043333912
0.0042819056
0.0042300231
0.0041777693
0.0041251701
0.0040722519
0.0040190414
0.0039655659
0.0039118533
0.0038579323
0.0038038317
0.0037495782
0.0036951882
0.0036406803
0.0057824421
0.0057631895
0.0057419884
0.0057189613
0.0056941777
0.005667738
0.0056397148
0.0056101933
0.0055792435
0.0055469373
0.00551334
0.0054785102
0.0054425046
0.0054053757
0.0053671728
0.0053279421
0.0052877273
0.0052465697
0.0052045081
0.0051615797
0.0051178195
0.0050732611
0.0050279366
0.0049818767
0.0049351111
0.0048876683
0.004839576
0.0047908611
0.00474155
0.0046916685
0.0046412421
0.0045902957
0.0045388544
0.0044869429
0.0044345858
0.0043818078
0.0043286336
0.004275088
0.0042211962
0.0041669834
0.0041124755
0.0040576986
0.0040026798
0.0039474465
0.003892027
0.0038364499
0.0037807422
0.0037249157
0.0036689941
0.0059116803
0.0058890379
0.0058645232
0.0058382542
0.0058103138
0.0057807913
0.0057497646
0.0057173129
0.0056835066
0.0056484139
0.0056120974
0.0055746143
0.0055360188
0.005496361
0.005455688
0.0054140438
0.00537147
0.0053280055
0.0052836874
0.0052385506
0.0051926284
0.0051459525
0.0050985531
0.0050504593
0.0050016992
0.0049522997
0.0049022871
0.004851687
0.0048005243
0.0047488237
0.0046966095
0.0046439056
0.0045907359
0.0045371241
0.0044830942
0.0044286698
0.0043738749
0.0043187337
0.0042632705
0.0042075101
0.0041514777
0.0040951989
0.0040387002
0.0039820087
0.0039251522
0.0038681598
0.0038110569
0.0037538476
0.0060375674
0.0060114867
0.005983629
0.0059541104
0.0059230104
0.0058904135
0.0058563982
0.0058210395
0.0057844057
0.0057465615
0.0057075663
0.0056674749
0.0056263384
0.0055842043
0.0055411169
0.0054971176
0.0054522455
0.0054065371
0.0053600271
0.0053127481
0.0052647313
0.0052160063
0.0051666015
0.0051165439
0.0050658599
0.0050145747
0.0049627131
0.004910299
0.0048573562
0.0048039078
0.0047499768
0.0046955862
0.0046407586
0.0045855167
0.0045298835
0.0044738817
0.0044175347
0.0043608656
0.0043038982
0.0042466565
0.0041891651
0.0041314491
0.0040735342
0.004015447
0.0039572148
0.0038988652
0.0038404218
0.0037818947
0.0061597965
0.0061302635
0.0060990586
0.0060662955
0.0060320492
0.0059964005
0.0059594253
0.0059211947
0.0058817739
0.0058412235
0.0057995994
0.0057569531
0.0057133324
0.0056687816
0.0056233418
0.0055770517
0.0055299473
0.0054820626
0.0054334294
0.0053840782
0.0053340376
0.005283335
0.0052319966
0.0051800476
0.0051275123
0.0050744142
0.0050207762
0.0049666209
0.0049119704
0.0048568464
0.0048012706
0.0047452646
0.00468885
0.0046320485
0.0045748818
0.004517372
0.0044595413
0.0044014122
0.0043430076
0.0042843509
0.004225466
0.0041663772
0.0041071098
0.0040476894
0.0039881428
0.0039284966
0.003868773
0.0038089882
0.0062781247
0.0062451419
0.0062106028
0.0061746161
0.0061372522
0.0060985873
0.0060586935
0.0060176375
0.0059754805
0.0059322787
0.005888084
0.005842944
0.0057969028
0.0057500011
0.0057022767
0.005653765
0.0056044989
0.0055545093
0.0055038255
0.0054524751
0.0054004842
0.0053478778
0.0052946799
0.0052409136
0.0051866011
0.005131764
0.0050764235
0.0050206004
0.0049643152
0.0049075882
0.0048504398
0.0047928901
0.0047349596
0.0046766688
0.0046180385
0.0045590896
0.0044998435
0.004440322
0.004380547
0.0043205412
0.0042603278
0.0041999304
0.0041393735
0.0040786822
0.0040178823
0.0039570001
0.003896058
0.0038350742
0.006392348
0.0063559357
0.0063180916
0.0062789173
0.0062384782
0.0061968451
0.0061540855
0.006110261
0.006065428
0.0060196381
0.0059729387
0.0059253732
0.0058769814
0.0058278003
0.005777864
0.0057272042
0.0056758507
0.0056238313
0.0055711721
0.005517898
0.0054640325
0.0054095981
0.0053546163
0.005299108
0.0052430934
0.005186592
0.0051296233
0.0050722063
0.0050143598
0.0049561026
0.0048974536
0.0048384317
0.004779056
0.004719346
0.0046593213
0.0045990019
0.0045384082
0.0044775611
0.0044164819
0.0043551922
0.0042937146
0.004232072
0.0041702881
0.0041083874
0.004046395
0.0039843367
0.0039222356
0.0038601111
0.0065023
0.0064624958
0.0064213911
0.0063790795
0.0063356203
0.0062910786
0.0062455164
0.0061989896
0.0061515495
0.0061032425
0.0060541111
0.0060041941
0.0059535271
0.0059021427
0.0058500712
0.0057973407
0.0057439773
0.0056900056
0.0056354487
0.0055803285
0.0055246657
0.0054684802
0.0054117911
0.005354617
0.005296976
0.0052388855
0.005180363
0.0051214259
0.0050620912
0.0050023762
0.0049422984
0.0048818752
0.0048211246
0.0047600648
0.0046987143
0.0046370921
0.0045752178
0.0045131112
0.0044507928
0.0043882836
0.0043256052
0.0042627799
0.0041998306
0.0041367811
0.0040736559
0.0040104803
0.0039472785
0.0038840702
0.0066078509
0.0065647083
0.0065204021
0.0064750162
0.0064286037
0.0063812234
0.006332931
0.0062837766
0.0062338056
0.0061830591
0.0061315743
0.0060793852
0.0060265227
0.0059730152
0.0059188887
0.0058641676
0.0058088744
0.0057530302
0.005696655
0.0056397675
0.0055823858
0.005524527
0.0054662079
0.0054074445
0.0053482528
0.0052886482
0.0052286463
0.0051682626
0.0051075124
0.0050464115
0.0049849759
0.0049232216
0.0048611654
0.0047988242
0.0047362154
0.0046733572
0.004610268
0.0045469669
0.0044834734
0.0044198079
0.004355991
0.0042920443
0.00422799
0.0041638512
0.0040996518
0.0040354166
0.003971171
0.0039069347
0.006708905
0.0066624923
0.006615057
0.0065666715
0.0065173828
0.006467243
0.0064163012
0.006364601
0.0063121819
0.0062590791
0.0062053246
0.006150947
0.0060959726
0.0060404252
0.0059843268
0.0059276976
0.0058705564
0.005812921
0.005754808
0.0056962331
0.0056372114
0.0055777576
0.0055178857
0.0054576095
0.0053969427
0.0053358987
0.0052744911
0.0052127335
0.0051506398
0.005088224
0.0050255005
0.0049624843
0.0048991906
0.0048356353
0.0047718348
0.004707806
0.0046435665
0.0045791345
0.0045145287
0.0044497686
0.0043848741
0.004319866
0.0042547658
0.004189596
0.0041243796
0.0040591414
0.0039939074
0.0039286976
0.0068053986
0.0067557973
0.0067053174
0.0066540173
0.0066019385
0.0065491265
0.006495623
0.0064414653
0.0063866862
0.0063313153
0.0062753786
0.0062188998
0.0061619
0.0061043986
0.0060464131
0.0059879599
0.005929054
0.0058697096
0.00580994
0.0057497578
0.0056891755
0.0056282047
0.005566857
0.005505144
0.0054430771
0.0053806676
0.0053179272
0.0052548677
0.0051915012
0.0051278403
0.005063898
0.0049996877
0.0049352234
0.00487052
0.0048055926
0.0047404572
0.0046751306
0.0046096298
0.004543973
0.0044781786
0.0044122659
0.004346255
0.0042801665
0.0042140223
0.004147845
0.0040816589
0.0040154907
0.0039493606
0.0068972994
0.0068446011
0.0067911721
0.006737051
0.0066822761
0.0066268858
0.0065709145
0.0065143926
0.0064573463
0.006399799
0.0063417711
0.0062832809
0.0062243445
0.0061649767
0.0061051906
0.0060449986
0.0059844118
0.005923441
0.0058620962
0.005800387
0.0057383228
0.0056759127
0.0056131659
0.0055500913
0.0054866983
0.0054229962
0.0053589948
0.005294704
0.0052301345
0.005165297
0.0051002032
0.0050348651
0.0049692958
0.0049035085
0.0048375177
0.0047713382
0.0047049859
0.004638477
0.0045718288
0.0045050589
0.0044381857
0.0043712287
0.0043042079
0.0042371446
0.0041700609
0.0041029806
0.0040359311
0.0039689326
0.0069846051
0.0069289122
0.0068726342
0.006815793
0.0067584223
0.0067005533
0.006642213
0.0065834244
0.0065242071
0.0064645783
0.0064045525
0.0063441428
0.0062833601
0.0062222146
0.0061607152
0.00609887
0.0060366865
0.005974172
0.0059113332
0.0058481766
0.0057847088
0.0057209363
0.0056568658
0.0055925039
0.0055278577
0.0054629347
0.0053977427
0.00533229
0.0052665853
0.0052006382
0.0051344587
0.0050680578
0.005001447
0.0049346387
0.0048676461
0.0048004833
0.0047331651
0.0046657069
0.0045981251
0.0045304367
0.0044626592
0.0043948112
0.0043269124
0.0042589835
0.0041910462
0.004123124
0.0040552449
0.0039874284
0.0072401111
0.0071830755
0.0071254602
0.0070673391
0.007008765
0.0069497402
0.0068902841
0.006830423
0.0067701797
0.0067095729
0.0066486183
0.0065873289
0.0065257155
0.006463787
0.0064015508
0.0063390131
0.0062761792
0.0062130539
0.0061496411
0.0060859449
0.0060219689
0.0059577165
0.0058931914
0.0058283974
0.0057633383
0.0056980183
0.0056324419
0.0055666142
0.0055005405
0.0054342267
0.0053676796
0.0053009063
0.0052339148
0.0051667139
0.005099313
0.0050317228
0.0049639543
0.0048960199
0.0048279327
0.0047597065
0.004691356
0.0046228968
0.004554345
0.0044857173
0.0044170317
0.0043483072
0.0042795643
0.0042108248
0.004142112
0.0040734536
0.0040048682
0.0073275611
0.0072672755
0.0072065854
0.0071455506
0.0070842022
0.0070225413
0.0069605822
0.006898341
0.0068358311
0.0067730633
0.0067100459
0.0066467851
0.0065832855
0.0065195502
0.0064555813
0.00639138
0.0063269471
0.006262283
0.006197388
0.0061322622
0.0060669059
0.0060013195
0.0059355037
0.0058694595
0.0058031882
0.0057366916
0.0056699721
0.0056030326
0.0055358767
0.0054685084
0.0054009328
0.0053331554
0.005265183
0.0051970228
0.0051286833
0.0050601736
0.004991504
0.0049226858
0.0048537311
0.0047846531
0.0047154655
0.004646183
0.0045768211
0.0045073956
0.0044379237
0.0043684238
0.0042989166
0.0042294246
0.0041599709
0.0040905827
0.0040212759
0.007410152
0.007346742
0.0072831071
0.0072192836
0.0071552826
0.0070911065
0.0070267614
0.0069622535
0.0068975875
0.0068327662
0.0067677906
0.0067026602
0.0066373734
0.0065719276
0.0065063197
0.0064405461
0.0063746029
0.0063084867
0.0062421936
0.0061757204
0.006109064
0.0060422218
0.0059751916
0.0059079716
0.0058405609
0.005772959
0.005705166
0.0056371829
0.0055690113
0.0055006538
0.0054321136
0.005363395
0.0052945031
0.005225444
0.0051562248
0.0050868539
0.0050173403
0.0049476943
0.0048779273
0.0048080515
0.0047380799
0.0046680266
0.0045979059
0.0045277331
0.0044575243
0.0043872973
0.0043170731
0.0042468764
0.0041767309
0.0041066607
0.0040366789
0.0074879441
0.0074215478
0.0073550978
0.0072886126
0.0072220879
0.007155521
0.0070889094
0.0070222506
0.0069555405
0.0068887743
0.0068219458
0.0067550479
0.006688073
0.0066210128
0.006553859
0.0064866035
0.0064192381
0.0063517551
0.006284147
0.0062164072
0.0061485294
0.0060805079
0.0060123379
0.005944015
0.0058755359
0.0058068979
0.0057380991
0.0056691385
0.0056000161
0.0055307325
0.0054612898
0.0053916905
0.0053219386
0.0052520388
0.0051819973
0.0051118211
0.0050415185
0.0049710988
0.0049005726
0.0048299511
0.0047592469
0.004688473
0.0046176431
0.0045467715
0.0044758733
0.0044049653
0.0043340688
0.0042632135
0.0041924244
0.0041217186
0.0040511061
0.0075610158
0.0074917758
0.0074226472
0.0073536322
0.0072847142
0.0072158824
0.0071471257
0.0070784328
0.0070097916
0.0069411895
0.0068726134
0.0068040498
0.0067354851
0.0066669057
0.0065982984
0.0065296503
0.0064609492
0.0063921833
0.0063233418
0.0062544145
0.0061853921
0.0061162661
0.006047029
0.0059776741
0.0059081956
0.0058385888
0.0057688498
0.0056989758
0.0056289651
0.0055588168
0.0054885313
0.00541811
0.0053475554
0.0052768712
0.0052060624
0.005135135
0.0050640964
0.004992955
0.0049217205
0.0048504037
0.004779016
0.00470757
0.0046360784
0.0045645548
0.004493013
0.0044214681
0.004349941
0.0042784729
0.0042070857
0.0041357842
0.0040645867
0.0076294621
0.0075575251
0.0074858583
0.007414449
0.0073432693
0.0072722994
0.0072015195
0.0071309098
0.0070604502
0.0069901209
0.0069199018
0.0068497734
0.0067797162
0.0067097117
0.0066397416
0.0065697887
0.0064998367
0.0064298701
0.0063598747
0.0062898371
0.0062197451
0.0061495873
0.0060793538
0.0060090356
0.0059386246
0.0058681141
0.0057974985
0.0057267731
0.0056559345
0.0055849805
0.00551391
0.005442723
0.005371421
0.0053000065
0.0052284833
0.0051568567
0.005085133
0.0050133198
0.0049414262
0.004869462
0.0047974383
0.0047253666
0.0046532592
0.0045811285
0.0045089873
0.0044368486
0.0043647342
0.0042927005
0.0076933925
0.0076189083
0.007544846
0.0074711796
0.0073978705
0.0073248894
0.007252208
0.0071797982
0.0071076323
0.0070356833
0.0069639248
0.006892331
0.0068208773
0.0067495397
0.0066782958
0.006607124
0.006536004
0.006464917
0.0063938452
0.0063227724
0.0062516834
0.0061805644
0.006109403
0.0060381879
0.0059669091
0.0058955579
0.0058241268
0.0057526097
0.0056810015
0.0056092986
0.0055374986
0.0054656003
0.0053936039
0.005321511
0.0052493244
0.0051770483
0.0051046883
0.0050322513
0.0049597455
0.0048871802
0.0048145657
0.0047419129
0.0046692335
0.0045965392
0.0045238417
0.0044511547
0.0043785041
0.0077529292
0.0076760489
0.0075997354
0.0075239495
0.0074486428
0.0073737768
0.0072993147
0.0072252204
0.0071514589
0.0070779964
0.0070048
0.0069318386
0.006859082
0.0067865018
0.0067140709
0.0066417638
0.0065695566
0.0064974269
0.006425354
0.0063533187
0.0062813031
0.0062092912
0.0061372679
0.0060652202
0.0059931359
0.0059210046
0.0058488171
0.0057765656
0.0057042438
0.0056318466
0.0055593704
0.0054868128
0.0054141729
0.0053414514
0.00526865
0.0051957722
0.0051228228
0.0050498078
0.0049767349
0.0049036126
0.0048304506
0.0047572594
0.00468405
0.0046108337
0.004537622
0.0044644323
0.0043912912
0.0078082046
0.0077290799
0.0076506594
0.0075728911
0.0074957176
0.0074190916
0.007342968
0.007267303
0.0071920547
0.0071171825
0.007042648
0.0069684143
0.0068944465
0.0068207114
0.006747178
0.0066738168
0.0066006006
0.0065275038
0.0064545026
0.006381575
0.0063087009
0.0062358617
0.0061630404
0.0060902217
0.0060173919
0.0059445387
0.0058716514
0.0057987208
0.005725739
0.0056526998
0.0055795984
0.0055064314
0.0054331968
0.0053598942
0.0052865247
0.0052130909
0.0051395967
0.0050660476
0.0049924505
0.0049188134
0.0048451455
0.0047714567
0.0046977575
0.0046240586
0.004550372
0.0044767184
0.0044031223
0.0078593594
0.0077781415
0.0076977573
0.0076181422
0.0075392309
0.0074609678
0.0073832997
0.0073061756
0.0072295467
0.0071533666
0.0070775909
0.0070021778
0.0069270877
0.0068522831
0.0067777289
0.0067033924
0.0066292428
0.0065552516
0.0064813922
0.0064076403
0.006333973
0.0062603698
0.0061868117
0.0061132815
0.0060397637
0.0059662444
0.0058927116
0.0058191545
0.0057455642
0.0056719331
0.0055982554
0.0055245265
0.0054507437
0.0053769057
0.0053030126
0.0052290663
0.00515507
0.0050810286
0.0050069484
0.0049328368
0.0048587025
0.0047845549
0.0047104041
0.0046362605
0.0045621359
0.0044880532
0.0044140348
0.0079065412
0.0078233798
0.0077411732
0.0076598446
0.0075793221
0.0074995421
0.0074204438
0.0073419693
0.0072640636
0.0071866742
0.0071097517
0.0070332492
0.0069571228
0.0068813311
0.0068058354
0.0067305993
0.0066555893
0.0065807738
0.0065061239
0.0064316126
0.006357215
0.0062829086
0.0062086723
0.0061344874
0.0060603366
0.0059862048
0.0059120784
0.0058379453
0.0057637955
0.0056896204
0.0056154129
0.0055411677
0.0054668811
0.005392551
0.0053181768
0.0052437595
0.0051693019
0.0050948082
0.0050202839
0.0049457362
0.0048711732
0.0047966039
0.004722038
0.0046474854
0.0045729579
0.0044984796
0.0044240712
0.0079499031
0.0078649451
0.0077810544
0.0076981427
0.0076161326
0.0075349529
0.0074545357
0.0073748166
0.0072957344
0.0072172314
0.0071392531
0.0070617483
0.0069846688
0.0069079695
0.0068316082
0.0067555457
0.0066797453
0.0066041729
0.0065287972
0.0064535889
0.0063785213
0.0063035696
0.0062287114
0.0061539261
0.0060791951
0.0060045018
0.0059298312
0.0058551703
0.0057805079
0.0057058342
0.0056311414
0.0055564233
0.0054816752
0.0054068944
0.0053320794
0.0052572308
0.0051823506
0.0051074424
0.0050325114
0.0049575642
0.0048826083
0.0048076526
0.0047327062
0.0046577789
0.0045828819
0.0045080401
0.0044332732
0.0079896036
0.0079029922
0.0078175506
0.0077331825
0.0076498049
0.0075673392
0.0074857109
0.0074048493
0.0073246878
0.0072451635
0.0071662174
0.007087794
0.0070098413
0.0069323108
0.0068551571
0.0067783381
0.0067018144
0.0066255497
0.0065495102
0.0064736647
0.0063979845
0.0063224432
0.0062470166
0.0061716828
0.0060964217
0.0060212155
0.005946048
0.0058709052
0.0057957747
0.0057206459
0.0056455101
0.0055703602
0.0054951909
0.0054199986
0.0053447814
0.005269539
0.0051942731
0.0051189866
0.0050436842
0.0049683722
0.0048930576
0.004817749
0.0047424552
0.0046671854
0.0045919508
0.0045167765
0.0044416817
0.0084896963
0.0083934141
0.0082990285
0.0082063874
0.0081153444
0.0080258068
0.0079376771
0.0078508122
0.0077651104
0.0076804814
0.0075968397
0.0075141043
0.0074321989
0.0073510515
0.0072705948
0.0071907652
0.0071115036
0.0070327544
0.0069544659
0.0068765898
0.0067990813
0.0067218986
0.0066450031
0.006568359
0.0064919333
0.0064156953
0.0063396173
0.0062636735
0.0061878405
0.0061120971
0.0060364243
0.0059608049
0.0058852237
0.0058096675
0.0057341248
0.0056585861
0.0055830437
0.0055074913
0.005431925
0.005356342
0.0052807416
0.0052051249
0.0051294944
0.0050538543
0.0049782104
0.0049025696
0.0048269399
0.00475133
0.0046757487
0.0046002069
0.0045247297
0.004449336
0.0085311663
0.0084329015
0.008336672
0.0082423209
0.0081496913
0.0080586731
0.007969153
0.007880989
0.007794072
0.0077083038
0.0076235919
0.0075398495
0.0074569949
0.0073749515
0.0072936473
0.0072130153
0.0071329924
0.0070535201
0.0069745435
0.0068960119
0.0068178778
0.0067400974
0.0066626299
0.0065854376
0.0065084858
0.0064317424
0.0063551779
0.0062787654
0.0062024802
0.0061263
0.0060502046
0.0059741758
0.0058981976
0.0058222559
0.0057463385
0.0056704351
0.0055945372
0.0055186381
0.0054427331
0.0053668189
0.0052908945
0.0052149601
0.0051390181
0.0050630723
0.0049871279
0.0049111916
0.0048352711
0.0047593748
0.0046835112
0.004607691
0.0045319391
0.0044562746
0.0085686567
0.0084685888
0.0083706858
0.0082747819
0.0081807142
0.008088353
0.0079975709
0.0079082295
0.0078202118
0.007733412
0.0076477316
0.0075630781
0.007479365
0.0073965113
0.0073144412
0.0072330839
0.0071523733
0.0070722477
0.0069926499
0.0069135263
0.0068348276
0.0067565077
0.006678524
0.0066008372
0.006523411
0.0064462117
0.0063692086
0.0062923735
0.0062156807
0.0061391067
0.0060626303
0.0059862326
0.0059098967
0.0058336077
0.0057573526
0.0056811206
0.0056049024
0.0055286909
0.0054524808
0.0053762683
0.0053000518
0.0052238313
0.0051476086
0.0050713872
0.004995172
0.0049189694
0.0048427867
0.0047666322
0.0046905142
0.0046144429
0.0045384434
0.0044625345
0.0086023555
0.0085006573
0.0084012442
0.0083039397
0.008208573
0.008115
0.0080230822
0.0079326807
0.007843672
0.0077559439
0.007669392
0.0075839191
0.0074994341
0.007415852
0.0073330936
0.0072510846
0.0071697562
0.007089044
0.0070088882
0.0069292334
0.0068500278
0.0067712238
0.0066927771
0.0066146466
0.0065367948
0.0064591866
0.0063817903
0.0063045763
0.006227518
0.006150591
0.0060737732
0.0059970449
0.0059203883
0.0058437881
0.0057672304
0.0056907039
0.0056141989
0.0055377075
0.0054612239
0.0053847441
0.005308266
0.0052317891
0.0051553149
0.0050788465
0.0050023886
0.0049259473
0.0048495296
0.0047731437
0.0046967977
0.0046205013
0.0045442796
0.0044681516
0.0086324477
0.0085292867
0.0084285197
0.0083299601
0.0082334287
0.00813877
0.0080458366
0.007954487
0.0078645922
0.0077760342
0.0076887036
0.0076024986
0.0075173241
0.0074330916
0.0073497185
0.0072671279
0.0071852481
0.0071040125
0.007023359
0.0069432302
0.0068635727
0.006784337
0.0067054774
0.0066269516
0.0065487204
0.0064707479
0.0063930011
0.0063154496
0.0062380658
0.0061608243
0.0060837025
0.0060066797
0.0059297377
0.0058528602
0.0057760332
0.0056992445
0.005622484
0.0055457435
0.0054690165
0.0053922988
0.0053155877
0.0052388826
0.0051621845
0.0050854962
0.0050088222
0.0049321682
0.0048555413
0.0047789493
0.0047024001
0.0046259033
0.0045494837
0.0044731605
0.0086591172
0.008554654
0.0084526826
0.0083530068
0.0082554394
0.0081598157
0.008065981
0.00797379
0.0078831089
0.0077938147
0.0077057934
0.0076189392
0.0075331535
0.0074483446
0.0073644269
0.0072813209
0.0071989527
0.0071172535
0.0070361593
0.0069556109
0.0068755533
0.0067959356
0.0067167106
0.0066378349
0.0065592682
0.0064809735
0.0064029167
0.0063250667
0.006247395
0.0061698755
0.0060924848
0.0060152018
0.0059380074
0.005860885
0.00578382
0.0057067996
0.0056298133
0.0055528526
0.0054759106
0.0053989826
0.0053220657
0.0052451589
0.0051682629
0.0050913803
0.0050145153
0.0049376734
0.0048608615
0.0047840873
0.0047073586
0.0046306846
0.0045540902
0.0044775944
0.0086825454
0.0085769337
0.0084739004
0.0083732408
0.0082747603
0.0081782865
0.0080836589
0.0079907278
0.0078993551
0.0078094135
0.0077207851
0.0076333603
0.0075470375
0.007461722
0.0073773259
0.0072937673
0.0072109702
0.0071288639
0.0070473829
0.0069664662
0.0068860575
0.0068061046
0.0067265592
0.0066473765
0.0065685155
0.0064899382
0.0064116097
0.0063334981
0.006255574
0.0061778109
0.0061001846
0.0060226735
0.005945258
0.005867921
0.0057906473
0.005713424
0.00563624
0.0055590864
0.0054819561
0.005404844
0.0053277468
0.0052506634
0.0051735941
0.0050965413
0.005019509
0.0049425025
0.0048655286
0.0047885948
0.0047117089
0.0046348798
0.0045581323
0.0044814854
0.0087029106
0.0085962969
0.0084923372
0.0083908195
0.0082915428
0.0081943282
0.00809901
0.0080054344
0.0079134596
0.0078229547
0.007733798
0.0076458769
0.007559087
0.0074733311
0.007388519
0.007304567
0.0072213971
0.0071389372
0.00705712
0.0069758835
0.0068951699
0.0068149259
0.0067351022
0.0066556532
0.0065765368
0.0064977143
0.00641915
0.0063408113
0.0062626683
0.0061846939
0.0061068633
0.0060291544
0.0059515472
0.0058740242
0.0057965697
0.0057191705
0.0056418151
0.0055644944
0.0054872009
0.0054099292
0.0053326759
0.0052554394
0.00517822
0.0051010198
0.0050238425
0.0049466934
0.0048695791
0.0047925071
0.0047154851
0.004638522
0.004561642
0.0044848641
0.0087203877
0.008612911
0.0085081534
0.0084058967
0.0083059343
0.0082080822
0.0081121702
0.0080180404
0.0079255481
0.007834559
0.0077449484
0.0076566009
0.0075694098
0.0074832756
0.0073981065
0.0073138167
0.007230327
0.0071475636
0.0070654581
0.0069839472
0.0069029721
0.0068224786
0.0067424164
0.006662739
0.0065834038
0.0065043711
0.0064256049
0.0063470717
0.0062687413
0.0061905859
0.0061125804
0.0060347022
0.005956931
0.0058792487
0.0058016395
0.0057240898
0.0056465879
0.0055691242
0.0054916911
0.005414283
0.0053368961
0.0052595288
0.005182181
0.0051048547
0.0050275535
0.0049502826
0.0048730483
0.0047958583
0.0047187202
0.0046416427
0.0045646498
0.0044877601
0.0087351464
0.008626938
0.008521504
0.008418621
0.0083180779
0.0082196859
0.0081232708
0.0080286719
0.0079357413
0.0078443424
0.0077543479
0.0076656397
0.0075781091
0.0074916552
0.0074061841
0.0073216089
0.0072378489
0.0071548291
0.0070724801
0.0069907376
0.0069095419
0.0068288378
0.0067485743
0.0066687044
0.0065891846
0.0065099748
0.0064310383
0.0063523413
0.0062738529
0.006195545
0.0061173922
0.0060393714
0.005961462
0.0058836457
0.0058059063
0.0057282299
0.0056506047
0.0055730207
0.0054954702
0.0054179473
0.0053404482
0.0052629709
0.0051855153
0.0051080832
0.005030678
0.0049533048
0.00487597
0.0047986809
0.0047214453
0.0046442717
0.0045671839
0.0044902012
0.0087483314
0.0086394667
0.0085334259
0.0084299813
0.0083289174
0.0082300416
0.0081331764
0.0080381571
0.0079448339
0.0078530682
0.0077627299
0.0076736989
0.0075858646
0.0074991245
0.0074133833
0.0073285529
0.0072445512
0.0071613024
0.0070787359
0.0069967865
0.0069153938
0.0068345018
0.0067540588
0.0066740171
0.0065943327
0.006514965
0.0064358767
0.0063570337
0.0062784046
0.006199961
0.006121677
0.0060435292
0.0059654968
0.0058875612
0.005809706
0.0057319169
0.0056541819
0.005576491
0.0054988362
0.0054212114
0.0053436126
0.0052660376
0.0051884864
0.0051109604
0.005033463
0.0049559993
0.0048785753
0.0048011986
0.0047238766
0.0046466178
0.004569446
0.0044923817
0.0087595418
0.0086501183
0.0085435603
0.0084396369
0.0083381293
0.0082388413
0.0081415926
0.0080462153
0.0079525574
0.0078604795
0.0077698489
0.0076805432
0.0075924506
0.007505467
0.0074194962
0.0073344487
0.0072502416
0.007166798
0.0070840466
0.0070019214
0.0069203613
0.0068393096
0.0067587141
0.0066785266
0.0065987024
0.0065192005
0.0064399834
0.0063610164
0.0062822678
0.006203709
0.0061253136
0.0060470582
0.0059689214
0.0058908846
0.0058129311
0.0057350465
0.0056572185
0.0055794369
0.0055016936
0.0054239824
0.005346299
0.0052686413
0.005191009
0.0051134034
0.0050358279
0.0049582874
0.0048807879
0.0048033369
0.0047259419
0.0046486112
0.0045713681
0.0044942351
0.0087679688
0.008658125
0.0085511777
0.0084468933
0.0083450514
0.0082454534
0.0081479164
0.0080522697
0.0079583599
0.0078660473
0.0077751972
0.0076856853
0.0075973986
0.0075102323
0.0074240889
0.0073388783
0.0072545169
0.007170927
0.0070880368
0.0070057796
0.0069240937
0.0068429221
0.0067622122
0.0066819151
0.006601986
0.0065223835
0.0064430697
0.0063640096
0.0062851715
0.0062065262
0.0061280474
0.0060497112
0.0059714963
0.0058933836
0.0058153565
0.0057374003
0.0056595026
0.0055816532
0.0055038436
0.0054260676
0.005348321
0.0052706013
0.0051929081
0.0051152429
0.0050376088
0.0049600106
0.0048824545
0.0048049478
0.0047274985
0.0046501148
0.004572818
0.0044956332
0.0087735983
0.0086634733
0.0085562661
0.0084517402
0.0083496748
0.0082498696
0.0081521404
0.0080563138
0.0079622349
0.0078697655
0.0077787692
0.0076891198
0.0076007038
0.0075134154
0.0074271569
0.0073418375
0.0072573731
0.0071736856
0.0070907027
0.0070083574
0.0069265877
0.0068453362
0.0067645498
0.0066841797
0.0066041807
0.0065245112
0.006445133
0.006366011
0.0062871132
0.0062084104
0.006129876
0.0060514861
0.0059732191
0.005895056
0.0058169799
0.0057389762
0.0056610322
0.0055831376
0.005505284
0.0054274651
0.0053496763
0.0052719155
0.0051941819
0.005116477
0.0050388039
0.0049611673
0.0048835735
0.0048060299
0.0047285447
0.0046511266
0.0045737941
0.0044965732
0.0087764218
0.0086661545
0.008558818
0.0084541708
0.0083519933
0.0082520844
0.008154259
0.0080583431
0.0079641795
0.0078716307
0.0077805615
0.0076908438
0.0076023632
0.0075150139
0.0074286978
0.007343324
0.007258808
0.0071750717
0.0070920426
0.0070096533
0.0069278417
0.0068465503
0.006765726
0.0066853195
0.0066052857
0.0065255828
0.0064461725
0.0063670197
0.0062880923
0.0062093609
0.0061307989
0.0060523823
0.0059740896
0.0058959015
0.0058178011
0.0057397738
0.0056618069
0.00558389
0.0055060147
0.0054281745
0.005350365
0.0052725837
0.0051948302
0.0051171056
0.0050394132
0.0049617576
0.0048841452
0.0048065833
0.0047290807
0.0046516467
0.0045742963
0.0044970539
)
;

boundaryField
{
    inletLow
    {
        type            calculated;
        value           nonuniform List<scalar> 0();
    }
    inletJet
    {
        type            calculated;
        value           nonuniform List<scalar> 0();
    }
    inletHigh
    {
        type            calculated;
        value           nonuniform List<scalar> 0();
    }
    outlet
    {
        type            calculated;
        value           nonuniform List<scalar> 0();
    }
    upperWall
    {
        type            calculated;
        value           nonuniform List<scalar> 0();
    }
    lowerWall
    {
        type            calculated;
        value           nonuniform List<scalar> 
53
(
0.0032282692
0.0032517258
0.0032750048
0.003298126
0.0033209906
0.0033435203
0.0033656515
0.0033873255
0.003408488
0.0034290885
0.0034490802
0.0034684194
0.0034870655
0.0035049805
0.0035221291
0.0035384785
0.0035539982
0.0035686598
0.0035824374
0.0035953071
0.0036072455
0.0036182255
0.0036282528
0.0036372958
0.0036453395
0.0036523636
0.0036583628
0.0036633242
0.0036672397
0.0036701028
0.0036719028
0.0036726354
0.0036723014
0.0036709006
0.0036684139
0.0036648586
0.0036602328
0.00365454
0.0036477852
0.0036399731
0.0036311098
0.0036212033
0.0036102624
0.0035982977
0.0035853206
0.0035713438
0.0035563813
0.0035404478
0.0035235592
0.0035057326
0.0034869802
0.0034673324
0.0034468829
)
;
    }
    frontAndBack
    {
        type            empty;
    }
    procBoundary6to2
    {
        type            processor;
        value           nonuniform List<scalar> 
44
(
0.0079641878
0.0078716379
0.0077805689
0.0076908523
0.0076023725
0.0075150236
0.007428708
0.0073433345
0.007258819
0.0071750831
0.0070920543
0.0070096655
0.0069278545
0.0068465637
0.0067657399
0.006685334
0.0066053008
0.0065255986
0.006446189
0.0063670369
0.0062881102
0.0062093795
0.0061308183
0.0060524024
0.0059741104
0.0058959231
0.0058178235
0.005739797
0.0056618309
0.0055839148
0.0055060402
0.0054282008
0.0053503921
0.0052726116
0.0051948588
0.0051171349
0.005039443
0.004961788
0.0048841761
0.004806615
0.0047291135
0.0046516819
0.0045743318
0.0044970849
)
;
    }
    procBoundary6to3
    {
        type            processor;
        value           nonuniform List<scalar> 8(0.0087764289 0.0086661599 0.0085588243 0.0084541771 0.0083519995 0.0082520907 0.0081542649 0.0080583501);
    }
    procBoundary6to5
    {
        type            processor;
        value           nonuniform List<scalar> 
74
(
0.0034254219
0.0033358549
0.0032837246
0.0032399227
0.0032037616
0.003175152
0.00315351
0.0031382255
0.0031859198
0.0031287705
0.0031554413
0.0031859198
0.0031894969
0.0031972901
0.0032087403
0.0032233347
0.0032405855
0.0032600345
0.003281261
0.0033039029
0.003373081
0.003373081
0.0033991618
0.0034256559
0.0034523397
0.0035307131
0.0035307131
0.0035586278
0.0035861054
0.0036130228
0.0036965724
0.0036965724
0.0037233282
0.0037491867
0.0037740929
0.0037980056
0.0038208958
0.0038427459
0.0038635481
0.0038833027
0.0039020173
0.0039197051
0.0039363849
0.0039520792
0.0039668139
0.0039806157
0.0042207576
0.0041488886
0.0039935129
0.0040771452
0.0042207576
0.0043059454
0.0043059454
0.0043182367
0.0043296081
0.0043400981
0.0043497464
0.004358593
0.0043666767
0.0043740356
0.0043807064
0.0043867249
0.0043921254
0.0043969413
0.0044012046
0.004404946
0.0044081949
0.0044109796
0.0044133279
0.0044154262
0.0044172102
0.0044185561
0.0044194623
0.0044199282
)
;
    }
    procBoundary6to7
    {
        type            processor;
        value           nonuniform List<scalar> 
73
(
0.0032044576
0.0031872193
0.0031972069
0.0032228783
0.0032632477
0.003317446
0.0033844112
0.0034630677
0.0035523542
0.0036512248
0.0037586547
0.0038736449
0.0039952262
0.0041224612
0.0042544466
0.0043903144
0.0045292333
0.0046704102
0.0048130917
0.0049565653
0.0051001608
0.0052432514
0.0053852548
0.0055256402
0.0056639015
0.0057995966
0.0059323317
0.0060617627
0.0061875545
0.0063094525
0.0064272355
0.0065407182
0.0066497528
0.0067542277
0.0068540653
0.0069492203
0.0071477553
0.0070940829
0.0070396795
0.0070396795
0.0072965158
0.00738741
0.0074733118
0.0075542735
0.0076303672
0.0077016829
0.0077683264
0.0078304179
0.007888089
0.0079414811
0.0079907435
0.0080360324
0.0084440524
0.0083499429
0.0082575767
0.0081668083
0.0080775111
0.0080775111
0.0085879884
0.0086316088
0.0086710549
0.008706521
0.0087381991
0.0087662804
0.0087909537
0.0088124053
0.0088308184
0.008846371
0.0088602684
0.0088720861
0.0088809701
0.0088869053
0.0088898823
)
;
    }
}


// ************************************************************************* //
