/*--------------------------------*- C++ -*----------------------------------*\
| =========                 |                                                 |
| \\      /  F ield         | OpenFOAM: The Open Source CFD Toolbox           |
|  \\    /   O peration     | Version:  2312                                  |
|   \\  /    A nd           | Website:  www.openfoam.com                      |
|    \\/     M anipulation  |                                                 |
\*---------------------------------------------------------------------------*/
FoamFile
{
    version     2.0;
    format      ascii;
    arch        "LSB;label=32;scalar=64";
    class       volScalarField;
    location    "0.06";
    object      CO2;
}
// * * * * * * * * * * * * * * * * * * * * * * * * * * * * * * * * * * * * * //

dimensions      [0 0 0 0 0 0 0];

internalField   nonuniform List<scalar> 
3272
(
0.0038067676
0.0039302744
0.0040528037
0.0041742939
0.0042946025
0.0044135319
0.0045308695
0.0046464441
0.0047601663
0.0048720326
0.0049820969
0.0050904272
0.0051970679
0.0053020153
0.0054052083
0.0055065289
0.0056058098
0.0057028449
0.005797403
0.0058892457
0.0059781469
0.0060639186
0.0061464218
0.006225551
0.0063012406
0.0063735358
0.0064420334
0.00650721
0.006568576
0.0066261558
0.0066798985
0.0067295422
0.0067749703
0.0068160901
0.0068528393
0.0068851864
0.0069131211
0.0069366471
0.0069557969
0.0069705264
0.0069809206
0.0069869715
0.0069886623
0.0069860032
0.0069790062
0.0069676953
0.0069521427
0.0069324399
0.0069087044
0.0068810706
0.0068496765
0.0068146464
0.0067760729
0.0045605853
0.004685476
0.0048093251
0.0049320227
0.0050534113
0.005173297
0.0052914787
0.0054077908
0.0055221332
0.0056344741
0.0057448279
0.0058532211
0.0059596623
0.0060641214
0.0061665216
0.0062667402
0.0063646145
0.0064599517
0.0065525364
0.0066421529
0.0067285797
0.0068116333
0.0068912486
0.0069672652
0.0070393125
0.0071079731
0.0071724943
0.0072333381
0.0072902289
0.0073429891
0.0073915114
0.0074356617
0.0074753246
0.0075104113
0.0075408528
0.0075666318
0.0075877359
0.0076040996
0.0076158468
0.0076229537
0.0076254104
0.007623262
0.0076165062
0.0076051445
0.0075892155
0.0075687646
0.0075438664
0.0075146231
0.0074811625
0.0074436308
0.0074021807
0.0073569524
0.0073080326
0.0057918716
0.0059230517
0.006052854
0.0061811325
0.006307725
0.0064324527
0.0065551373
0.0066756268
0.0067938129
0.0069096326
0.0070230536
0.0071340517
0.0072425903
0.0073486053
0.0074519987
0.0075526395
0.0076503721
0.007745024
0.007836377
0.0079243274
0.0080086619
0.0080888361
0.0081656048
0.00823786
0.0083061832
0.0083702874
0.0084299846
0.0084852512
0.0085359856
0.0085820588
0.0086233456
0.008659728
0.0086910987
0.0087174083
0.0087384832
0.0087544423
0.0087651891
0.0087707463
0.0087711242
0.0087663494
0.0087564037
0.0087413367
0.0087211725
0.008695941
0.0086656893
0.0086304836
0.0085904149
0.0085456002
0.0084961796
0.008442311
0.0083841608
0.0083218918
0.0082556213
0.0072256015
0.0073694735
0.0075113952
0.0076512056
0.0077887483
0.0079238637
0.0080563969
0.0081862097
0.0083131899
0.0084372509
0.0085583231
0.0086763407
0.008791229
0.0089028936
0.0090112143
0.0091160453
0.0092172378
0.009314692
0.0094077211
0.0094970137
0.0095821197
0.009662526
0.009738857
0.0098103242
0.0098769272
0.0099385733
0.0099951536
0.010046569
0.010092707
0.010133444
0.01016866
0.010198256
0.010222015
0.010240096
0.010252289
0.010258645
0.010259064
0.010253578
0.010242147
0.010224825
0.010201633
0.010172605
0.01013778
0.010097209
0.010050959
0.0099991143
0.0099417852
0.0098791047
0.0098112282
0.0097383283
0.0096605893
0.0095781991
0.0094913161
0.0086782262
0.0088394617
0.0089981126
0.0091540157
0.0093070216
0.0094569843
0.0096037637
0.0097472298
0.0098872661
0.010023769
0.010156642
0.010285791
0.010411114
0.010532494
0.010649791
0.010762832
0.010871411
0.01097479
0.011074282
0.011168376
0.011258077
0.011342836
0.011422278
0.011496236
0.01156459
0.01162722
0.011684006
0.011734826
0.011779553
0.01181805
0.011850181
0.011875717
0.011894791
0.011907366
0.011913258
0.011912419
0.011904831
0.011890428
0.011869249
0.01184131
0.011806639
0.011765273
0.011717261
0.011662668
0.011601575
0.011534084
0.011460318
0.011380426
0.011294576
0.011202956
0.011105768
0.011003225
0.010895528
0.010065209
0.01024552
0.01042268
0.010596528
0.010766919
0.010933715
0.011096783
0.011255995
0.011411228
0.011562368
0.011709299
0.011851907
0.01199007
0.012123659
0.012252537
0.012376591
0.01249435
0.012607869
0.012715423
0.012817848
0.012915396
0.013007079
0.013092753
0.013172263
0.013245463
0.013312209
0.013372357
0.013425766
0.013472299
0.013511825
0.013543885
0.013568738
0.013586385
0.013596645
0.013599357
0.013594511
0.013581989
0.013561773
0.013533876
0.013498305
0.013455081
0.013404239
0.01334583
0.013279925
0.013206612
0.013126
0.013038224
0.01294344
0.012841826
0.01273358
0.012618921
0.01249808
0.012371294
0.011367587
0.01156623
0.011761253
0.011952504
0.012139845
0.012323142
0.012502266
0.01267709
0.01284749
0.01301334
0.013174519
0.013330898
0.013482345
0.013628711
0.013769804
0.013905315
0.014033775
0.014158189
0.014275384
0.014387648
0.014494218
0.01459438
0.014687964
0.0147748
0.014854717
0.014927549
0.01499313
0.015051296
0.015101889
0.015144755
0.015179316
0.015205957
0.015224719
0.015235295
0.015237527
0.015231408
0.015216763
0.015193566
0.015161816
0.015121503
0.015072635
0.015015239
0.01494936
0.014875063
0.014792436
0.014701589
0.014602658
0.0144958
0.014381199
0.014259058
0.014129604
0.013993083
0.013849754
0.012596662
0.012811494
0.013022312
0.01322898
0.013431368
0.013629353
0.01382281
0.014011619
0.014195655
0.014374795
0.014548913
0.014717883
0.014881582
0.015039897
0.015192756
0.015337822
0.015477138
0.015611958
0.015738737
0.015860755
0.015976412
0.016085231
0.016187031
0.016281622
0.016368815
0.016448423
0.016520256
0.016584131
0.016639865
0.016687283
0.016725679
0.016755543
0.016776943
0.016789501
0.016793021
0.01678747
0.016772672
0.016748535
0.016715054
0.016672199
0.01661996
0.016558347
0.016487391
0.016407147
0.016317694
0.016219134
0.016111596
0.015995235
0.01587023
0.015736788
0.015595138
0.015445532
0.015288241
0.013771228
0.013999584
0.014223572
0.014443075
0.014657982
0.014868182
0.015073565
0.015274018
0.015469427
0.015659673
0.015844632
0.016024178
0.016198178
0.0163665
0.016529034
0.01668303
0.016832497
0.016974779
0.017110513
0.017241359
0.017365197
0.017481877
0.017591213
0.017693006
0.017787049
0.017873136
0.017951057
0.018020608
0.018081584
0.018133787
0.018176372
0.018209938
0.018234577
0.018249848
0.018255503
0.018251466
0.018237598
0.018213698
0.01817977
0.018135758
0.018081628
0.018017371
0.017942997
0.017858545
0.017764078
0.017659684
0.017545481
0.017421614
0.017288255
0.017145608
0.016993903
0.016833395
0.016664347
0.014907189
0.015146371
0.015380849
0.015610529
0.015835324
0.016055144
0.016269897
0.016479487
0.016683813
0.016882767
0.017076233
0.017264088
0.01744619
0.017622351
0.017792187
0.017953378
0.018110812
0.018259561
0.018403079
0.018540803
0.018671367
0.018794582
0.018910244
0.019018138
0.019118042
0.019209732
0.019292981
0.019367564
0.019433256
0.019489839
0.019536322
0.019573416
0.019601252
0.019619296
0.019627256
0.019625006
0.019612465
0.0195893
0.019555526
0.019511063
0.019455851
0.019389854
0.019313062
0.01922549
0.019127181
0.019018208
0.018898669
0.018768697
0.018628453
0.018478135
0.018317973
0.01601486
0.016262331
0.016504768
0.016742111
0.016974299
0.017201268
0.017422951
0.017639273
0.017850151
0.018055493
0.0182552
0.018449165
0.018637303
0.01881964
0.018992815
0.019160712
0.019323726
0.019477642
0.019627294
0.019770239
0.019905954
0.020034219
0.020154813
0.020267506
0.020372061
0.020468237
0.020555793
0.020634483
0.020704064
0.020764297
0.020814055
0.020854159
0.0208848
0.020905292
0.020915329
0.020914735
0.020903485
0.020881121
0.020847664
0.020803004
0.020747056
0.020679758
0.020601074
0.020510994
0.020409541
0.020296763
0.020172742
0.020037591
0.019891457
0.019734524
0.019567005
0.017099686
0.017353092
0.017601151
0.017843834
0.018081115
0.018312959
0.018539327
0.01876017
0.018975427
0.019185026
0.019388873
0.01958684
0.01977874
0.019964381
0.02014092
0.020314173
0.020478542
0.020637768
0.020791473
0.020938111
0.02107748
0.02120936
0.021333521
0.02144972
0.021557708
0.021657232
0.02174803
0.021829839
0.021902396
0.021965446
0.022017746
0.022060237
0.022093149
0.022115597
0.022127304
0.022128057
0.02211783
0.022096127
0.02206291
0.022018062
0.021961467
0.021893035
0.021812704
0.021720439
0.021616237
0.021500123
0.021372159
0.021232436
0.021081083
0.020918264
0.020744184
0.018163857
0.018420999
0.018672502
0.018918376
0.019158628
0.019393259
0.019622257
0.019845604
0.020063268
0.020275208
0.020481361
0.020681612
0.020875602
0.021060544
0.0212416
0.021415899
0.021582499
0.021745215
0.021901132
0.022050023
0.022191676
0.022325862
0.02245234
0.022570861
0.022681163
0.022782975
0.022876022
0.022960018
0.023034672
0.023099699
0.023153792
0.023198179
0.023232755
0.023256638
0.023269568
0.0232713
0.023261782
0.023240506
0.023207365
0.023162232
0.023104963
0.023035439
0.022953569
0.022859293
0.02275258
0.022633433
0.022501888
0.022358018
0.02220193
0.022033768
0.021853726
0.019207734
0.019466528
0.019719426
0.019966477
0.020207724
0.020443203
0.020672936
0.020896933
0.021115193
0.021327713
0.021534524
0.021735813
0.021927263
0.022113621
0.022296212
0.02246962
0.022639064
0.022802657
0.022959493
0.023109381
0.023252108
0.023387441
0.023515134
0.023634926
0.023746545
0.023849708
0.023944125
0.02402949
0.024105464
0.024171608
0.024226857
0.02427272
0.024308387
0.024333234
0.024346974
0.024349333
0.024340231
0.024319142
0.024285901
0.024240368
0.024182367
0.024111751
0.024028402
0.023932229
0.023823178
0.023701224
0.023566381
0.023418697
0.02325826
0.023085194
0.022899676
0.020230823
0.020489275
0.020741617
0.020987938
0.021228322
0.021462838
0.021691543
0.021914471
0.022131634
0.022343018
0.022548563
0.022748091
0.022937941
0.023125466
0.02330433
0.023479052
0.023648717
0.023811929
0.023968515
0.02411828
0.02426101
0.024396468
0.024524401
0.02464454
0.024756603
0.024860297
0.024955322
0.025041376
0.025118183
0.025184159
0.02524033
0.025287198
0.025323515
0.025348925
0.025363119
0.025365797
0.025356861
0.02533575
0.025302258
0.025256223
0.025197442
0.025125737
0.025040961
0.024942996
0.024831759
0.024707201
0.024569309
0.024418109
0.024253667
0.024076087
0.023885524
0.021232322
0.021488518
0.021738443
0.021982226
0.02221999
0.022451843
0.022677876
0.022898153
0.023112703
0.023321522
0.023524563
0.02371848
0.02390938
0.024091997
0.024270325
0.024444478
0.024612492
0.024774226
0.02492951
0.025078151
0.025219929
0.025354605
0.025481919
0.025601591
0.025713329
0.025816826
0.025911767
0.025997809
0.026074443
0.026140264
0.026197106
0.026244251
0.026280807
0.026306426
0.026320768
0.026323509
0.026314528
0.026293225
0.026259362
0.026212753
0.026153163
0.026080387
0.025994248
0.0258946
0.025781331
0.025654365
0.025513667
0.025359236
0.025191117
0.025009392
0.024814196
0.022211396
0.022463506
0.022709243
0.022948774
0.023182257
0.023409844
0.023631675
0.02384784
0.024058389
0.024263334
0.024459258
0.024652346
0.024837284
0.025017748
0.025194743
0.025365961
0.025531274
0.025690535
0.025843572
0.025990189
0.026130163
0.026263249
0.026389179
0.026507664
0.026618398
0.026721065
0.026815359
0.026901042
0.026976192
0.027041916
0.027098966
0.02714601
0.027182477
0.027208007
0.02722224
0.027224825
0.027215628
0.027193994
0.027159668
0.027112433
0.027052027
0.026978213
0.026890785
0.026789569
0.026674426
0.026545252
0.026401984
0.026244602
0.026073126
0.025887621
0.025688196
0.023167282
0.023413571
0.023653448
0.023887113
0.024114752
0.024336556
0.024552758
0.024763467
0.02496874
0.0251651
0.025358842
0.025544606
0.025725947
0.025904162
0.026076977
0.026244285
0.026405962
0.026561859
0.026711801
0.026855588
0.026992994
0.027123767
0.027247631
0.027364288
0.027473414
0.027574665
0.027667674
0.027752018
0.027825989
0.027891249
0.027947949
0.027994526
0.028030596
0.028055772
0.028069669
0.028071909
0.028062349
0.028040268
0.028005404
0.02795751
0.027896291
0.027821482
0.027732847
0.027630183
0.027513321
0.027382133
0.027236529
0.027076465
0.026901943
0.026713014
0.026509781
0.024099313
0.024338152
0.024570615
0.024796921
0.025017254
0.025231789
0.025441063
0.025645093
0.025840361
0.026033359
0.026218381
0.026399428
0.026577279
0.026750108
0.026917838
0.027080369
0.027237578
0.027389316
0.027535406
0.027675645
0.0278098
0.027937613
0.028058802
0.028173064
0.028280056
0.028379413
0.028470749
0.028552523
0.028625403
0.028690225
0.028746024
0.028791825
0.028827222
0.028851804
0.028865162
0.028866889
0.028856836
0.028834206
0.028798744
0.028750163
0.028688141
0.028612382
0.02852262
0.028418622
0.028300194
0.028167178
0.028019459
0.027856968
0.027679688
0.027487662
0.025006905
0.025236785
0.025460416
0.025678029
0.025889763
0.026095353
0.026296642
0.026489301
0.026680206
0.026862982
0.027042545
0.027218526
0.02738984
0.027556452
0.027718296
0.02787528
0.028027285
0.028174162
0.028315731
0.028451784
0.02858208
0.028706357
0.028824322
0.028935689
0.029040085
0.029137123
0.029225053
0.029305574
0.029376858
0.029440706
0.029495262
0.029539995
0.029574466
0.029598237
0.02961087
0.029611932
0.029601267
0.029577997
0.02954188
0.02949259
0.029429774
0.029353106
0.029262291
0.029157069
0.029037215
0.028902544
0.028752915
0.028588231
0.028408443
0.028213533
0.025889536
0.026109059
0.026322596
0.026530391
0.026732846
0.026926571
0.027116168
0.027303471
0.027482654
0.027659476
0.027832186
0.028000531
0.028164541
0.0283242
0.028479453
0.028630215
0.028776372
0.028917774
0.029054236
0.029185547
0.029311445
0.029431677
0.029545902
0.02965396
0.029755366
0.029848354
0.029934766
0.030012299
0.030082539
0.030144741
0.030197775
0.030241185
0.030274504
0.030297266
0.030309007
0.030309266
0.03029788
0.030273883
0.030237059
0.030187036
0.030123432
0.030045891
0.02995409
0.029847739
0.029726585
0.029590418
0.029439068
0.029272414
0.029090377
0.028892917
0.026746736
0.026954568
0.0271569
0.027353652
0.027542013
0.027727612
0.027906496
0.028081441
0.028254245
0.028422381
0.02858638
0.028746365
0.028902393
0.029054457
0.029202505
0.029346457
0.029486214
0.029621618
0.029752464
0.029878565
0.02999958
0.030115364
0.030225261
0.030329769
0.030426322
0.030517599
0.030600446
0.030675672
0.030744276
0.030804466
0.030855734
0.030897597
0.030929564
0.030951141
0.030961838
0.030961181
0.030948956
0.030924155
0.030886576
0.030835795
0.030771404
0.030693019
0.030600288
0.030492891
0.03037055
0.030233026
0.030080126
0.029911706
0.029727674
0.029527989
0.027578132
0.027772807
0.027963307
0.028143927
0.028323766
0.028495561
0.028665004
0.028830925
0.028993114
0.029151426
0.029306011
0.029456999
0.029604462
0.02974839
0.029888708
0.03002534
0.030158238
0.030287217
0.030411992
0.030532555
0.030648154
0.030759444
0.030863851
0.030963642
0.03105771
0.0311453
0.03122462
0.031297969
0.031364091
0.031422044
0.031471337
0.031511462
0.031541903
0.03156214
0.031571657
0.031569985
0.031556807
0.031531139
0.031492754
0.03144119
0.03137601
0.031296802
0.031203185
0.031094814
0.030971382
0.030832623
0.03067832
0.030508311
0.030322496
0.028383736
0.02856263
0.028739252
0.028907769
0.029073092
0.029235473
0.029393657
0.029548291
0.029699527
0.029847396
0.02999197
0.030133423
0.030271849
0.030407214
0.030539346
0.030668192
0.030793883
0.030916161
0.031034314
0.031149445
0.031258425
0.031363746
0.031464753
0.031560372
0.031650368
0.031732986
0.031809939
0.031880709
0.031944114
0.031999647
0.03204679
0.032085014
0.032113778
0.032132542
0.032140761
0.032137977
0.032123754
0.03209716
0.032057921
0.032005547
0.031939572
0.031859556
0.031765091
0.031655804
0.031531361
0.031391473
0.031235894
0.031064429
0.030876904
0.029158985
0.02932688
0.029486007
0.029643277
0.029796174
0.029945507
0.030091424
0.030234244
0.030374124
0.030511109
0.030645149
0.030776618
0.030905665
0.031032226
0.031155709
0.031276247
0.031394546
0.031510273
0.031620377
0.031728925
0.031833233
0.031933429
0.032029344
0.032120413
0.03220488
0.032284191
0.032358345
0.032425935
0.032486468
0.032539426
0.032584273
0.032620459
0.032647422
0.032664598
0.032671418
0.032667436
0.03265209
0.032624514
0.032584379
0.032531169
0.03246439
0.032383577
0.032288293
0.032178139
0.032052755
0.031911828
0.031755089
0.031582312
0.031393303
0.029909431
0.030061356
0.030207797
0.030350613
0.030489842
0.030625728
0.030758829
0.030889426
0.031017632
0.031143487
0.031266404
0.031387521
0.031507012
0.031625014
0.031739014
0.031850445
0.031961357
0.032069264
0.032173661
0.032275374
0.032373774
0.032468517
0.0325593
0.032644324
0.032724824
0.032800983
0.032871447
0.032935703
0.03299323
0.033043487
0.03308592
0.033119956
0.033145016
0.033160509
0.033165846
0.033160596
0.033144058
0.033115449
0.033074382
0.033020313
0.032952723
0.032871118
0.032775039
0.032664058
0.032537792
0.032395903
0.032238106
0.032064165
0.031873897
0.030634599
0.030769824
0.030901236
0.031029402
0.031154586
0.031276418
0.03139633
0.031514445
0.031630758
0.031745718
0.031856424
0.031966961
0.032076733
0.03218472
0.0322905
0.032394215
0.032496478
0.032596639
0.032694285
0.032789335
0.032881699
0.032970802
0.033055026
0.033135708
0.033212501
0.033284498
0.033351172
0.03341199
0.033466409
0.03351387
0.033553797
0.033585599
0.033608672
0.033622408
0.033626194
0.033619617
0.033601833
0.03357215
0.033530118
0.03347517
0.033406761
0.033324372
0.033227516
0.033115742
0.032988642
0.032845855
0.032687077
0.032512082
0.031331986
0.03145069
0.031566554
0.031679792
0.031791101
0.031897746
0.032004364
0.032109926
0.032213916
0.032316523
0.032417215
0.032517174
0.032616444
0.032714638
0.032811503
0.03290692
0.033000894
0.03309339
0.033184053
0.033272216
0.033358641
0.033440629
0.033520382
0.033596545
0.033668771
0.033736559
0.033799381
0.033856694
0.033907939
0.033952538
0.033989894
0.034019398
0.034040426
0.034052349
0.034054532
0.034046581
0.034027506
0.033996717
0.033953697
0.033897854
0.03382862
0.033745452
0.033647836
0.033535299
0.033407405
0.033263769
0.033104053
0.032927954
0.032001616
0.03210368
0.032203865
0.032301713
0.032397703
0.032491459
0.032584456
0.032676777
0.032768274
0.032858851
0.032948603
0.03303797
0.033126983
0.033215475
0.033303288
0.033390259
0.033475838
0.033560746
0.033644663
0.033725171
0.033805096
0.033882149
0.033956517
0.034027738
0.034095373
0.034158926
0.034217867
0.034271641
0.034319674
0.034361369
0.034396114
0.034423279
0.034442222
0.034452294
0.034452841
0.034443476
0.034423081
0.034391161
0.034347135
0.034290387
0.034220326
0.034136385
0.034038026
0.033924752
0.033796102
0.033651663
0.033491064
0.033313981
0.032644646
0.032729868
0.032813583
0.032895821
0.032976839
0.033056769
0.033136243
0.033215519
0.033294632
0.033373131
0.03345168
0.033530475
0.033609348
0.033688214
0.033766997
0.033845779
0.033922383
0.033999826
0.034076291
0.03415093
0.034224301
0.034295649
0.034364665
0.034430925
0.034493968
0.034553287
0.034608343
0.034658571
0.034703379
0.034742155
0.03477427
0.034799075
0.03481591
0.034824105
0.034823021
0.034812186
0.034790461
0.034757397
0.034712354
0.034654697
0.034583809
0.034499103
0.034400018
0.034286032
0.034156661
0.034011466
0.033850052
0.033672079
0.033259912
0.033328327
0.033395769
0.033462429
0.033528572
0.03359444
0.033660414
0.033726783
0.03379389
0.033859954
0.033927339
0.033995745
0.034064582
0.03413389
0.03420358
0.034273471
0.03434288
0.03441248
0.034481659
0.034549878
0.034617022
0.034682641
0.034746333
0.034807658
0.034866136
0.034921247
0.034972441
0.035019138
0.035060732
0.035096595
0.035126081
0.035148523
0.035163244
0.035169554
0.03516685
0.0351545
0.035131458
0.035097241
0.035051177
0.034992609
0.034920901
0.03483544
0.034735646
0.034620974
0.034490916
0.034345011
0.03418284
0.03400405
0.03384757
0.033899348
0.033950686
0.034001879
0.034053254
0.034105074
0.034157616
0.034211097
0.034265616
0.034320727
0.034377124
0.034434873
0.034493731
0.034553599
0.034614343
0.034675758
0.034737512
0.034799633
0.03486177
0.034923516
0.03498457
0.035044526
0.035102958
0.035159407
0.035213375
0.03526433
0.035311706
0.03535491
0.035393322
0.035426298
0.035453174
0.035473269
0.035485886
0.035490319
0.035485999
0.035472126
0.035447777
0.035412407
0.035365325
0.035305851
0.03523333
0.035147129
0.035046646
0.034931312
0.0348006
0.034654027
0.034491152
0.034311606
0.034408598
0.034443461
0.034478702
0.034514572
0.034551348
0.034589266
0.034628545
0.034669352
0.034711758
0.034755665
0.034801294
0.034848705
0.034897778
0.034948391
0.035000387
0.035053558
0.03510765
0.035162492
0.03521778
0.035273148
0.035328236
0.035382637
0.035435906
0.035487567
0.035537107
0.035583978
0.035627603
0.035667372
0.035702652
0.035732783
0.035757085
0.035774861
0.035785399
0.035787976
0.035782054
0.035766666
0.035741021
0.035704509
0.035656417
0.035596049
0.035522728
0.035435803
0.03533465
0.035218683
0.035087349
0.034940146
0.034776613
0.034596363
0.034942442
0.034960746
0.03498016
0.035000954
0.035023373
0.035047628
0.035073891
0.035102298
0.035132916
0.035165729
0.035200805
0.035238157
0.035277693
0.035319284
0.035362759
0.035407904
0.035454475
0.035502228
0.035550855
0.035599996
0.035649267
0.035698245
0.035746474
0.03579346
0.035838674
0.035881557
0.035921515
0.035957925
0.035990139
0.036017482
0.03603926
0.036054761
0.036063257
0.036064013
0.036056504
0.036039623
0.036012702
0.035975064
0.035925977
0.035864729
0.035790625
0.035702995
0.035601198
0.035484623
0.035352701
0.035204905
0.035040754
0.034859845
0.035449527
0.035451574
0.035455487
0.035461519
0.035469895
0.035480795
0.03549435
0.035510671
0.035529824
0.035551789
0.035576576
0.035604158
0.035634435
0.035667269
0.035702477
0.035739835
0.03577909
0.035819963
0.03586213
0.035905226
0.03594885
0.035992564
0.036035897
0.03607834
0.036119352
0.036158358
0.036194749
0.036227891
0.036257119
0.036281746
0.036301062
0.036314341
0.036320838
0.036319839
0.03631074
0.036292406
0.036264238
0.036225495
0.036175434
0.036113326
0.036038459
0.035950147
0.035847729
0.035730578
0.0355981
0.035449746
0.035285016
0.035103489
0.035930232
0.035916385
0.035905167
0.035896814
0.035891517
0.035889429
0.035890637
0.035895219
0.035903263
0.035914696
0.035929498
0.035947627
0.035968947
0.035993318
0.036020537
0.03605037
0.036082548
0.036116771
0.0361527
0.036189954
0.036228121
0.036266747
0.036305347
0.036343398
0.036380346
0.036415599
0.036448539
0.036478515
0.03650485
0.036526843
0.036543771
0.036554891
0.036559446
0.036556758
0.036546073
0.036526346
0.036496957
0.036457137
0.036406127
0.036343181
0.036267575
0.036178605
0.036075595
0.035957897
0.035824898
0.035676025
0.03551075
0.035328638
0.036384957
0.036355641
0.036329736
0.03630743
0.036288878
0.0362742
0.03626347
0.036256738
0.036254036
0.036255293
0.036260446
0.03626947
0.036282156
0.036298381
0.036317909
0.036340499
0.036365865
0.036393688
0.036423614
0.036455249
0.036488164
0.036521894
0.036555939
0.036589762
0.036622795
0.036654435
0.036684048
0.036710973
0.036734518
0.036753969
0.03676859
0.036777624
0.036780301
0.036775981
0.036763744
0.036742677
0.036712104
0.036671238
0.036619306
0.03655555
0.036479229
0.036389628
0.036286056
0.036167847
0.036034366
0.035885009
0.035719223
0.035536556
0.036968832
0.03691398
0.036862322
0.036814131
0.03676988
0.036729781
0.036693998
0.036662655
0.036635841
0.036613606
0.036595971
0.036582924
0.036574401
0.036570319
0.036570589
0.036574964
0.036583388
0.036595538
0.036611184
0.03663002
0.036651709
0.036675882
0.036702132
0.036730014
0.036759052
0.03678873
0.0368185
0.036847779
0.036875953
0.036902376
0.036926371
0.036947237
0.036964245
0.036976648
0.036983676
0.036984552
0.036978651
0.036964914
0.036942557
0.03691084
0.036868965
0.036816143
0.036751604
0.036674597
0.036584393
0.03648029
0.036361609
0.036227688
0.036077889
0.035911623
0.035728424
0.03742122
0.037349404
0.03728169
0.037218352
0.037159702
0.037105935
0.037057187
0.03701355
0.036975083
0.036941808
0.036913715
0.036890763
0.03687287
0.03685993
0.036851809
0.03684831
0.036849254
0.036854339
0.036863358
0.036875958
0.036891791
0.036910472
0.03693158
0.036954659
0.036979217
0.037004726
0.037030626
0.037056321
0.037081184
0.037104557
0.037125752
0.037144055
0.037158727
0.037169005
0.037174111
0.03717328
0.037165832
0.037150664
0.037127071
0.037094255
0.037051408
0.03699773
0.036932439
0.036854774
0.036763997
0.036659397
0.036540284
0.036405976
0.036255782
0.036089062
0.035905348
0.037847505
0.037759337
0.037676171
0.037598233
0.037525749
0.03745887
0.037397697
0.037342291
0.037292677
0.037248849
0.037210767
0.037178362
0.03715153
0.037130141
0.037114032
0.037103001
0.037096829
0.037095247
0.037097926
0.037104592
0.037114852
0.03712831
0.037144529
0.03716304
0.037183338
0.037204882
0.0372271
0.037249385
0.037271097
0.037291568
0.037310097
0.037325959
0.037338404
0.037346658
0.037349928
0.03734749
0.037338523
0.03732201
0.037297232
0.037263364
0.037219587
0.037165089
0.037099077
0.037020783
0.03692946
0.036824397
0.036704899
0.036570266
0.036419737
0.036252579
0.036068358
0.038248199
0.038144338
0.038046353
0.03795442
0.037868695
0.037789286
0.037716253
0.037649624
0.037589389
0.037535513
0.037487926
0.037446533
0.037411205
0.037381789
0.037358098
0.037339915
0.037326995
0.037319054
0.037315775
0.037316818
0.037321779
0.037330287
0.037341874
0.037356057
0.037372317
0.037390105
0.037408834
0.037427886
0.037446612
0.037464331
0.037480331
0.037493878
0.037504209
0.037510541
0.03751207
0.037508104
0.03749768
0.037479896
0.037453988
0.037419118
0.037374453
0.037319172
0.037252472
0.037173576
0.037081736
0.036976239
0.036856404
0.036721527
0.036570739
0.036403134
0.036218409
0.038623877
0.038505018
0.038392882
0.038287592
0.038189249
0.038097912
0.038013603
0.037936311
0.037865995
0.037802587
0.037745991
0.037696082
0.037652711
0.037615697
0.037584836
0.037559888
0.03754059
0.037526642
0.037517714
0.037513448
0.037513454
0.037517254
0.037524468
0.037534565
0.037547015
0.037561255
0.03757669
0.03759269
0.037608595
0.037623714
0.037637325
0.037648683
0.037657015
0.037661529
0.037661422
0.037655994
0.037644188
0.037625205
0.037598227
0.037562404
0.037516895
0.037460869
0.037393514
0.037314044
0.037221709
0.037115803
0.036995672
0.03686066
0.036709724
0.036541592
0.036356377
0.038975175
0.03884204
0.038716446
0.038598464
0.038488145
0.0383855
0.038290511
0.038203129
0.03812328
0.038050865
0.037985759
0.037927814
0.037876853
0.037832676
0.037795054
0.037763733
0.037738428
0.037718825
0.037704577
0.037695313
0.037690624
0.037690064
0.03769313
0.037699383
0.037708247
0.037719151
0.037731486
0.037744615
0.037757866
0.037770537
0.0377819
0.037791196
0.037797646
0.037800444
0.03779882
0.037791971
0.037778878
0.037758764
0.037730774
0.037694051
0.037647743
0.037591011
0.037523033
0.037443015
0.037350204
0.0372439
0.037123492
0.036988488
0.039302781
0.039156111
0.039017771
0.038887782
0.038766143
0.03865282
0.038547754
0.038450859
0.03836203
0.038281135
0.038208024
0.03814252
0.038084425
0.038033517
0.037989548
0.037952243
0.037921301
0.037896391
0.037877154
0.037863201
0.037854111
0.037849429
0.037848669
0.03785129
0.037856793
0.037864568
0.037873998
0.037884434
0.037895196
0.037905573
0.037914826
0.037922189
0.037926872
0.037928063
0.037925018
0.037916815
0.037902527
0.037881347
0.037852405
0.037814835
0.037767773
0.037710373
0.037641805
0.037561265
0.037467992
0.037361283
0.037240553
0.039607428
0.039447979
0.039297617
0.039156313
0.039024019
0.038900654
0.038786118
0.038680291
0.038583033
0.038494186
0.038413569
0.038340984
0.038276209
0.038219
0.03816909
0.038126187
0.038089974
0.038060103
0.038036202
0.038017867
0.038004667
0.037996134
0.037991771
0.037991051
0.037993391
0.037998244
0.03800496
0.038012881
0.038021318
0.038029552
0.038036833
0.038042389
0.03804542
0.038045119
0.038040729
0.038031257
0.038015856
0.037993678
0.037963844
0.037925478
0.037877709
0.037819681
0.037750555
0.037669519
0.037575797
0.037468659
0.037347404
0.039889885
0.03971842
0.039556766
0.039404848
0.039262564
0.039129793
0.039006394
0.038892211
0.038787075
0.038690797
0.038603172
0.038523977
0.038452969
0.038389883
0.038334435
0.038286315
0.038245189
0.038210698
0.038182452
0.038160039
0.038143011
0.038130893
0.038123177
0.038119324
0.038118765
0.038120877
0.038125067
0.038130648
0.038136921
0.038143159
0.038148605
0.038152478
0.03815397
0.038152298
0.03814662
0.03813598
0.038119543
0.038096434
0.038065767
0.038026657
0.037978228
0.037919611
0.037849961
0.037768454
0.0376743
0.037566735
0.037444997
0.040150954
0.039968235
0.039796021
0.039634187
0.03948258
0.039341034
0.039209373
0.039087406
0.038974934
0.038871741
0.038777596
0.038692255
0.038615453
0.038546908
0.038486316
0.038433351
0.038387666
0.038348885
0.03831661
0.038290411
0.038269834
0.038254391
0.038243565
0.038236808
0.03823354
0.038233149
0.03823498
0.03823839
0.038242657
0.038247045
0.038250789
0.038253101
0.038253171
0.038250222
0.038243336
0.038231623
0.038214224
0.038190249
0.038158807
0.038119006
0.03806996
0.038010795
0.037940655
0.037858707
0.037764144
0.037656175
0.037534014
0.040391452
0.04019824
0.040016197
0.039845141
0.039684869
0.039535174
0.039395843
0.039266654
0.039147379
0.039037776
0.038937591
0.038846558
0.038764393
0.038690794
0.038625442
0.038567997
0.038518095
0.03847535
0.038439349
0.038409653
0.038385796
0.038367282
0.038353582
0.038344142
0.038338372
0.038335654
0.038335336
0.038336727
0.038339141
0.03834182
0.038343991
0.03834486
0.038343632
0.038339478
0.038331482
0.038318781
0.038300491
0.038275716
0.038243557
0.038203115
0.038153498
0.038093824
0.038023228
0.037940868
0.037845924
0.037737586
0.037615056
0.04061221
0.040409262
0.040218117
0.040038526
0.039870238
0.039713007
0.039566587
0.039430726
0.039305169
0.039189649
0.039083892
0.038987608
0.038900497
0.038822241
0.038752504
0.038690931
0.038637146
0.03859075
0.038551319
0.038518405
0.038491529
0.038470188
0.038453845
0.038441936
0.038433865
0.038429005
0.038426698
0.038426254
0.038426954
0.038428061
0.038428786
0.038428333
0.038425905
0.038420629
0.038411624
0.038398013
0.038378902
0.03835339
0.03832057
0.038279537
0.038229393
0.038169249
0.038098232
0.038015491
0.037920196
0.037811522
0.037688668
0.040814053
0.040602133
0.040402607
0.040215155
0.040039487
0.03987532
0.039722377
0.03958038
0.039449047
0.03932809
0.039217213
0.039116109
0.039024458
0.038941927
0.038868166
0.038802806
0.03874546
0.038695717
0.038653142
0.038617277
0.038587636
0.038563705
0.03854494
0.03853077
0.03852059
0.038513768
0.03850964
0.038507508
0.03850665
0.038506314
0.038505715
0.038504056
0.038500511
0.038494214
0.038484287
0.038469842
0.038449979
0.03842379
0.038390364
0.038348789
0.038298161
0.038237585
0.038166181
0.03808309
0.037987474
0.037878497
0.037755357
0.042299255
0.042011248
0.041737461
0.041477566
0.041231162
0.040997785
0.040777694
0.040570494
0.04037584
0.040193409
0.040022888
0.039863973
0.039716359
0.039579742
0.039453812
0.039338254
0.039232743
0.039136943
0.039050507
0.038973071
0.038904254
0.038843657
0.038790858
0.038745414
0.038706857
0.038674693
0.038648399
0.038627425
0.038611192
0.038599091
0.03859048
0.03858469
0.03858102
0.038578739
0.03857709
0.038575286
0.03857252
0.038567958
0.038560734
0.038549966
0.03853476
0.038514211
0.038487404
0.038453425
0.038411355
0.038360285
0.038299314
0.038227556
0.038144146
0.038048238
0.037938991
0.037815598
0.042511771
0.042213178
0.041929545
0.041660473
0.041405527
0.041164319
0.040936793
0.040722601
0.040521382
0.040332787
0.040156477
0.039992121
0.039839392
0.039697964
0.039567508
0.039447691
0.039338171
0.039238599
0.039148613
0.039067837
0.038995879
0.038932328
0.038876754
0.038828705
0.038787704
0.038753248
0.03872481
0.038701831
0.038683727
0.03866988
0.038659647
0.038652349
0.038647283
0.038643712
0.038640873
0.038637975
0.038634203
0.03862872
0.038620655
0.038609124
0.038593228
0.038572055
0.038544688
0.038510206
0.038467687
0.038416215
0.038354885
0.038282806
0.038199107
0.038102937
0.037993447
0.03786983
0.042703862
0.04239562
0.042103023
0.041825607
0.041562913
0.041314544
0.041080273
0.040859742
0.040652572
0.040458391
0.040276834
0.040107549
0.039950188
0.039804404
0.039669852
0.03954618
0.039433035
0.039330051
0.039236855
0.039153059
0.039078262
0.039012042
0.038953962
0.038903559
0.03886035
0.038823826
0.038793451
0.038768662
0.038748868
0.038733447
0.038721749
0.038713092
0.038706765
0.03870203
0.038698116
0.038694231
0.038689553
0.038683238
0.038674416
0.038662196
0.038645676
0.038623942
0.038596069
0.038561134
0.038518209
0.038466374
0.038404721
0.038332352
0.038248392
0.038151986
0.038042281
0.037918466
0.042876498
0.042559524
0.04225882
0.041973868
0.041704178
0.04144932
0.041208962
0.040982718
0.040770186
0.040570972
0.04038469
0.040210967
0.040049436
0.039899732
0.039761494
0.039634356
0.03951795
0.039411899
0.039315818
0.039229309
0.039151961
0.039083344
0.039023012
0.038970496
0.038925305
0.038886924
0.038854811
0.038828398
0.038807088
0.038790254
0.038777241
0.038767364
0.038759908
0.038754127
0.038749251
0.03874448
0.038738989
0.038731929
0.038722427
0.038709591
0.038692512
0.038670273
0.038641948
0.038606605
0.038563316
0.038511157
0.038449213
0.038376585
0.038292392
0.038195776
0.03808588
0.037961893
0.043030648
0.042705833
0.04239785
0.042106138
0.041830173
0.041569485
0.041323671
0.041092312
0.040874982
0.040671265
0.040480756
0.040303064
0.040137804
0.039984597
0.039843065
0.03971283
0.039593511
0.039484722
0.039386065
0.039297134
0.039217509
0.039146753
0.039084412
0.039030011
0.038983052
0.038943015
0.038909353
0.038881492
0.03885883
0.038840738
0.038826554
0.03881559
0.038807127
0.038800416
0.038794682
0.038789121
0.038782906
0.038775184
0.038765077
0.038751692
0.038734116
0.038711428
0.038682699
0.038646994
0.038603382
0.038550933
0.03848873
0.038415871
0.038331472
0.038234671
0.038124609
0.03800047
0.04316728
0.042835479
0.042521016
0.042223287
0.041941737
0.041675857
0.041425191
0.041189288
0.040967697
0.040759981
0.040565721
0.040384506
0.040215938
0.040059623
0.03991517
0.03978219
0.03966029
0.039549073
0.039448133
0.039357057
0.039275416
0.039202766
0.039138646
0.039082576
0.039034053
0.038992551
0.038957518
0.038928376
0.038904519
0.038885313
0.038870094
0.038858169
0.038848816
0.038841282
0.03883479
0.038828533
0.038821678
0.03881337
0.03880273
0.038788859
0.038770844
0.03874776
0.038718675
0.038682651
0.038638752
0.038586048
0.038523617
0.038450555
0.038365974
0.038269011
0.038158804
0.038034536
0.043287348
0.042949382
0.042629201
0.042326167
0.042039692
0.041769233
0.041514292
0.041274387
0.041049046
0.040837813
0.040640252
0.040455939
0.040284462
0.040125414
0.039978394
0.039843001
0.039718832
0.039605483
0.03950254
0.03940958
0.039326168
0.039251855
0.039186175
0.039128641
0.039078746
0.039035958
0.038999723
0.038969458
0.038944553
0.038924371
0.038908245
0.038895478
0.038885345
0.038877092
0.038869936
0.038863068
0.038855654
0.038846834
0.038835726
0.038821431
0.038803033
0.038779603
0.038750206
0.038713902
0.038669753
0.038616826
0.038554196
0.038480956
0.038396217
0.038299115
0.038188784
0.038064405
0.043391793
0.043048445
0.042723275
0.042415611
0.042124839
0.041850385
0.041591718
0.041348329
0.041119723
0.040905427
0.040704991
0.040517982
0.040343973
0.040182548
0.040033295
0.039895804
0.039769663
0.039654461
0.039549775
0.039455179
0.039370229
0.039294473
0.039227437
0.039168632
0.039117545
0.039073642
0.039036364
0.039005124
0.038979311
0.038958283
0.03894137
0.038927874
0.038917065
0.038908188
0.038900457
0.038893061
0.038885162
0.038875899
0.038864388
0.038849726
0.038830996
0.038807267
0.0387776
0.038741056
0.038696691
0.038643571
0.038580769
0.038507376
0.038422501
0.038325279
0.038214844
0.038090373
0.043481537
0.04313355
0.04280408
0.04249243
0.042197958
0.041920066
0.041658193
0.041411807
0.041180394
0.040963465
0.040760558
0.040571231
0.040395047
0.04023158
0.04008041
0.039941117
0.039813284
0.03969649
0.03959031
0.039494309
0.039408041
0.039331046
0.039262849
0.039202954
0.039150846
0.039105988
0.039067816
0.039035742
0.039009151
0.038987399
0.038969813
0.038955693
0.038944307
0.038934896
0.038926674
0.038918827
0.038910514
0.038900873
0.038889017
0.038874043
0.03885503
0.038831045
0.03880115
0.0387644
0.038719851
0.038666567
0.038603619
0.038530095
0.038445105
0.038347782
0.038237261
0.038112718
0.043557477
0.043205554
0.042872439
0.04255741
0.042259803
0.041978998
0.041714411
0.041465491
0.041231703
0.041012544
0.040807546
0.040616258
0.040438234
0.040273041
0.040120249
0.039979434
0.03985017
0.039732033
0.039624591
0.039527404
0.039440023
0.039361983
0.039292805
0.039231991
0.039179022
0.039133358
0.039094433
0.039061657
0.03903441
0.039012049
0.038993896
0.038979251
0.038967379
0.03895752
0.038948886
0.038940659
0.038932
0.038922041
0.038909897
0.038894661
0.03887541
0.038851213
0.038821125
0.038784203
0.038739502
0.03868608
0.03862301
0.038549377
0.038464291
0.038366885
0.038256295
0.038131697
0.043625476
0.043270022
0.042933637
0.04261558
0.042315165
0.042031751
0.041764736
0.04151355
0.041277638
0.041056482
0.040849612
0.040656568
0.040476899
0.040310162
0.040155921
0.040013744
0.039883203
0.039763866
0.039655296
0.039557051
0.039468675
0.039389703
0.03931965
0.039258017
0.039204281
0.039157899
0.039118303
0.039084901
0.039057071
0.039034167
0.039015511
0.039000399
0.038988096
0.03897784
0.038968839
0.038960277
0.038951309
0.03894107
0.038928671
0.038913203
0.038893744
0.038869358
0.038839101
0.038802028
0.038757191
0.038703649
0.038640471
0.038566742
0.038481572
0.038384092
0.038273445
0.038148809
0.04368341
0.04332494
0.042985767
0.04266513
0.042362324
0.042076691
0.041807613
0.041554504
0.041316788
0.041093931
0.040885466
0.040690929
0.040509861
0.040341812
0.04018634
0.040043009
0.039911383
0.039791027
0.039681501
0.039582359
0.039493141
0.039413379
0.039342586
0.039280259
0.039225874
0.039178885
0.039138723
0.039104793
0.039076472
0.03905311
0.039034031
0.039018526
0.039005861
0.03899527
0.038985962
0.038977119
0.038967894
0.038957421
0.038944808
0.038929148
0.038909514
0.038884972
0.038854576
0.038817377
0.038772427
0.038718785
0.038655518
0.03858171
0.038496469
0.03839893
0.03828824
0.038163587
0.043727039
0.043366293
0.043025022
0.042702446
0.042397844
0.042110546
0.041839925
0.041585382
0.041346313
0.041122175
0.04091251
0.040716853
0.040534737
0.040365705
0.040209311
0.040065115
0.039932677
0.03981156
0.03970132
0.039601507
0.039511661
0.039431309
0.039359965
0.039297121
0.039242254
0.039194814
0.039154232
0.039119909
0.039091224
0.039067524
0.039048132
0.039032338
0.039019405
0.039008569
0.038999036
0.038989987
0.038980575
0.03896993
0.038957163
0.038941362
0.038921603
0.038896948
0.038866451
0.038829161
0.038784132
0.038730418
0.038667086
0.038593221
0.038507929
0.038410346
0.03829963
0.038174985
0.043756279
0.043394003
0.043051329
0.042727462
0.042421666
0.042133263
0.041861621
0.041606138
0.041366175
0.041141174
0.040930708
0.040734306
0.040551493
0.040381809
0.040224805
0.040080036
0.039947062
0.039825441
0.039714729
0.039614474
0.039524214
0.039443476
0.039371769
0.039308587
0.039253403
0.039205669
0.039164812
0.039130235
0.039101313
0.039077395
0.0390578
0.03904182
0.039028716
0.039017724
0.039008048
0.038998867
0.038989337
0.038978585
0.038965721
0.038949834
0.038929997
0.038905272
0.038874713
0.038837369
0.03879229
0.038738532
0.038675161
0.03860126
0.038515936
0.038418325
0.038307596
0.038182982
0.043771067
0.043408009
0.043064634
0.042740126
0.04243374
0.042144795
0.041872659
0.041616738
0.041376337
0.04115089
0.040940025
0.040743254
0.040560099
0.040390096
0.040232792
0.040087744
0.039954509
0.039832644
0.039721704
0.039621235
0.039530776
0.039449852
0.039377973
0.03931463
0.039259297
0.039211425
0.03917044
0.039135745
0.039106715
0.039082697
0.039063011
0.039046948
0.039033769
0.039022708
0.03901297
0.039003735
0.038994154
0.038983359
0.038970456
0.038954534
0.038934667
0.038909916
0.038879334
0.03884197
0.038796873
0.038743099
0.038679713
0.038605798
0.038520459
0.038422834
0.038312099
0.038187524
)
;

boundaryField
{
    inletLow
    {
        type            fixedValue;
        value           nonuniform List<scalar> 0();
    }
    inletJet
    {
        type            fixedValue;
        value           nonuniform List<scalar> 0();
    }
    inletHigh
    {
        type            fixedValue;
        value           nonuniform List<scalar> 0();
    }
    outlet
    {
        type            inletOutlet;
        inletValue      nonuniform List<scalar> 0();
        value           nonuniform List<scalar> 0();
    }
    upperWall
    {
        type            inletOutlet;
        inletValue      nonuniform List<scalar> 0();
        value           nonuniform List<scalar> 0();
    }
    lowerWall
    {
        type            inletOutlet;
        inletValue      uniform 0;
        value           nonuniform List<scalar> 
53
(
0.0038067676
0.0039302744
0.0040528037
0.0041742939
0.0042946025
0.0044135319
0.0045308695
0.0046464441
0.0047601663
0.0048720326
0.0049820969
0.0050904272
0.0051970679
0.0053020153
0.0054052083
0.0055065289
0.0056058098
0.0057028449
0.005797403
0.0058892457
0.0059781469
0.0060639186
0.0061464218
0.006225551
0.0063012406
0.0063735358
0.0064420334
0.00650721
0.006568576
0.0066261558
0.0066798985
0.0067295422
0.0067749703
0.0068160901
0.0068528393
0.0068851864
0.0069131211
0.0069366471
0.0069557969
0.0069705264
0.0069809206
0.0069869715
0.0069886623
0.0069860032
0.0069790062
0.0069676953
0.0069521427
0.0069324399
0.0069087044
0.0068810706
0.0068496765
0.0068146464
0.0067760729
)
;
    }
    frontAndBack
    {
        type            empty;
    }
    procBoundary6to2
    {
        type            processor;
        value           nonuniform List<scalar> 
44
(
0.041376369
0.041150891
0.040940027
0.040743257
0.040560103
0.040390102
0.0402328
0.040087754
0.03995452
0.039832657
0.039721719
0.039621252
0.039530795
0.039449873
0.039377995
0.039314655
0.039259324
0.039211454
0.039170472
0.039135779
0.039106751
0.039082736
0.039063052
0.039046991
0.039033815
0.039022756
0.03901302
0.039003787
0.038994209
0.038983415
0.038970514
0.038954594
0.038934728
0.038909978
0.038879395
0.03884203
0.038796932
0.038743156
0.038679766
0.038605846
0.038520499
0.038422862
0.038312114
0.038187452
)
;
    }
    procBoundary6to3
    {
        type            processor;
        value           nonuniform List<scalar> 8(0.043770947 0.04340793 0.043064564 0.042740061 0.042433684 0.042144751 0.041872636 0.041616782);
    }
    procBoundary6to5
    {
        type            processor;
        value           nonuniform List<scalar> 
74
(
0.0067346778
0.0072558154
0.0081856585
0.009400197
0.010782903
0.012238778
0.013699829
0.015123446
0.018148217
0.016486814
0.017968894
0.018148217
0.019389083
0.020559004
0.02166195
0.022701838
0.023682093
0.024605606
0.025474849
0.02629202
0.027280806
0.027280806
0.028003416
0.028679854
0.029312199
0.030120615
0.030120615
0.030673055
0.031187682
0.031666594
0.032320452
0.032320452
0.032735095
0.033120047
0.033477172
0.033808252
0.034114984
0.034398976
0.034661744
0.034904716
0.03512923
0.035336541
0.035527819
0.035704156
0.035866561
0.036015956
0.036836768
0.036668122
0.036153153
0.036482359
0.036836768
0.037105001
0.037105001
0.037211088
0.037308143
0.037396737
0.037477426
0.037550735
0.037617161
0.037677169
0.037731196
0.037779652
0.03782292
0.037861359
0.037895304
0.037925069
0.03795095
0.037973221
0.03799214
0.0380092
0.038023939
0.038035317
0.038043322
0.03804792
)
;
    }
    procBoundary6to7
    {
        type            processor;
        value           nonuniform List<scalar> 
73
(
0.0036825076
0.0044350745
0.0056596709
0.0070800307
0.0085145749
0.0098818695
0.01116543
0.012377915
0.013538593
0.014663372
0.0157624
0.016840943
0.017901047
0.018942972
0.019966145
0.020969694
0.021952708
0.022914335
0.023853809
0.024770434
0.025663573
0.026532627
0.027377026
0.028196131
0.028988629
0.029756348
0.030495815
0.031210132
0.03189815
0.032557531
0.033190238
0.033796023
0.034373893
0.034924852
0.035448931
0.035946338
0.036489679
0.036452386
0.036417411
0.036417411
0.037026418
0.037496777
0.037940373
0.038357686
0.038749261
0.039115703
0.03945768
0.039775909
0.040071154
0.040344215
0.040595921
0.040827124
0.042065054
0.041788592
0.041525545
0.041275678
0.041038688
0.041038688
0.042601624
0.042825639
0.043028168
0.043210232
0.043372845
0.043517013
0.043643732
0.043753985
0.043848733
0.043928919
0.044000728
0.044061909
0.044107981
0.04413885
0.044154438
)
;
    }
}


// ************************************************************************* //
