/*--------------------------------*- C++ -*----------------------------------*\
| =========                 |                                                 |
| \\      /  F ield         | OpenFOAM: The Open Source CFD Toolbox           |
|  \\    /   O peration     | Version:  2312                                  |
|   \\  /    A nd           | Website:  www.openfoam.com                      |
|    \\/     M anipulation  |                                                 |
\*---------------------------------------------------------------------------*/
FoamFile
{
    version     2.0;
    format      ascii;
    arch        "LSB;label=32;scalar=64";
    class       volScalarField;
    location    "0.06";
    object      Ma;
}
// * * * * * * * * * * * * * * * * * * * * * * * * * * * * * * * * * * * * * //

dimensions      [0 0 0 0 0 0 0];

internalField   nonuniform List<scalar> 
3272
(
0.002215799
0.002262802
0.0023094297
0.0023554781
0.0024008172
0.0024454068
0.0024892641
0.0025324019
0.0025747807
0.0026163017
0.0026568314
0.0026962323
0.002734383
0.0027711843
0.0028065585
0.0028404465
0.0028728065
0.0029036149
0.0029328709
0.0029605991
0.0029868356
0.0030116017
0.0030349236
0.0030568071
0.0030772223
0.0030961117
0.0031134267
0.0031291496
0.003143213
0.0031556741
0.0031665494
0.0031758424
0.0031835731
0.0031897618
0.0031944246
0.0031975733
0.0031992154
0.0031993535
0.0031979823
0.0031951079
0.0031907367
0.0031848805
0.0031775651
0.0031688319
0.0031587186
0.0031472685
0.0031345204
0.0031205035
0.0031052402
0.0030887453
0.0030710315
0.0030521259
0.0030321046
0.0012818764
0.0013274431
0.0013728252
0.0014178281
0.0014622896
0.0015061077
0.0015492358
0.0015916593
0.0016333609
0.0016742997
0.0017144085
0.0017536044
0.0017918
0.001828912
0.0018648648
0.0018995928
0.0019330386
0.0019651508
0.0019958951
0.0020252707
0.0020533121
0.0020799847
0.0021053119
0.0021293151
0.0021519941
0.0021733199
0.0021932599
0.0022117788
0.0022288754
0.0022444986
0.00225869
0.002271465
0.0022828387
0.0022928297
0.002301459
0.0023087446
0.0023147011
0.0023193468
0.0023226758
0.0023247079
0.0023254525
0.0023249247
0.0023231464
0.0023201521
0.0023159854
0.0023106865
0.0023042976
0.0022968592
0.0022884057
0.0022789674
0.002268566
0.0022572165
0.0022449451
0.0013016893
0.001329423
0.0013576701
0.0013862435
0.0014149703
0.0014437125
0.0014723677
0.0015008635
0.0015291402
0.0015571344
0.0015847712
0.0016119651
0.0016386257
0.0016646633
0.0016899935
0.0017145437
0.0017382483
0.0017610278
0.0017827986
0.0018035173
0.0018232978
0.0018420147
0.0018596433
0.0018762262
0.0018917475
0.0019061885
0.001919526
0.0019317252
0.0019427736
0.0019526424
0.0019613329
0.0019688524
0.0019752108
0.0019804205
0.001984506
0.001987481
0.0019893507
0.0019901608
0.0019898974
0.0019885623
0.0019861882
0.0019827874
0.0019783796
0.0019729927
0.0019666642
0.0019594351
0.0019513473
0.0019424438
0.0019327645
0.0019223433
0.0019112023
0.0018993423
0.0018867596
0.0015495448
0.001567406
0.0015855151
0.0016037609
0.001622035
0.0016402426
0.0016583031
0.0016761506
0.0016937295
0.0017109864
0.0017278655
0.0017443069
0.0017602476
0.0017756219
0.0017903662
0.0018044366
0.0018178086
0.0018304249
0.001842188
0.0018529433
0.0018629032
0.0018720675
0.0018801957
0.0018874066
0.0018937089
0.0018990773
0.001903497
0.0019069502
0.0019094249
0.0019109089
0.0019113977
0.001910897
0.001909419
0.001906968
0.0019035654
0.0018992511
0.0018940136
0.0018878778
0.0018808937
0.0018730399
0.0018643425
0.0018548253
0.0018445118
0.0018334297
0.0018216148
0.001809105
0.0017959439
0.0017821733
0.0017678359
0.0017529684
0.0017375931
0.0017217119
0.0017053173
0.0018557481
0.0018697921
0.0018837191
0.001897457
0.0019109316
0.0019240728
0.0019368149
0.0019490993
0.0019608748
0.0019720945
0.0019827143
0.0019926909
0.0020019815
0.0020105364
0.0020183043
0.0020252638
0.0020314365
0.0020367923
0.0020412255
0.0020446835
0.0020471628
0.0020487557
0.0020493764
0.0020490394
0.0020477519
0.0020455115
0.0020423168
0.002038166
0.0020330593
0.0020269984
0.0020199848
0.0020120261
0.0020031397
0.0019933461
0.0019826586
0.0019710951
0.0019587053
0.0019455018
0.0019315118
0.0019167516
0.0019012473
0.0018850267
0.0018681186
0.0018505556
0.0018323737
0.0018136138
0.0017943176
0.0017745305
0.0017542957
0.0017336526
0.0017126317
0.0016912434
0.0016694943
0.0021539854
0.002166952
0.0021795109
0.0021916059
0.0022031785
0.0022141704
0.0022245245
0.0022341879
0.002243113
0.002251257
0.0022585811
0.0022650501
0.0022706311
0.0022752904
0.0022789925
0.0022817184
0.0022835005
0.0022842763
0.0022840337
0.0022827222
0.0022803297
0.0022769062
0.0022724321
0.0022669078
0.0022603402
0.0022527369
0.0022441059
0.0022344559
0.0022237976
0.0022121432
0.0021995017
0.0021858828
0.0021713174
0.0021558286
0.0021394314
0.0021221399
0.0021040093
0.0020850765
0.0020653588
0.0020448839
0.0020236839
0.0020017915
0.0019792411
0.0019560691
0.0019323149
0.0019080199
0.0018832288
0.0018579862
0.0018323385
0.0018063282
0.0017799923
0.0017533572
0.0017264435
0.0024286323
0.0024414696
0.0024536764
0.0024652028
0.0024759977
0.0024860097
0.0024951884
0.0025034865
0.002510861
0.0025172736
0.0025226902
0.0025270812
0.0025304203
0.0025326819
0.0025338406
0.0025338853
0.002532836
0.0025306233
0.0025272778
0.0025227736
0.0025171025
0.0025102856
0.0025023208
0.002493213
0.0024829724
0.0024716113
0.0024591435
0.0024455839
0.0024309496
0.0024152594
0.0023985304
0.0023807765
0.0023620289
0.0023423177
0.0023216645
0.0023000859
0.0022776322
0.0022543437
0.0022302456
0.0022053715
0.0021797572
0.0021534395
0.0021264563
0.0020988472
0.0020706536
0.002041919
0.0020126882
0.0019830083
0.0019529254
0.0019224865
0.0018917334
0.0018607049
0.0018294344
0.0026803197
0.0026931604
0.0027051927
0.0027163696
0.0027266453
0.0027359739
0.0027443111
0.0027516158
0.0027578506
0.0027629823
0.0027669822
0.0027698261
0.0027714939
0.0027719657
0.0027712157
0.0027692738
0.0027661079
0.0027616544
0.0027559682
0.0027490493
0.0027409105
0.002731544
0.0027209514
0.0027091431
0.0026961328
0.0026819363
0.002666571
0.0026500558
0.0026324111
0.0026136599
0.0025938259
0.0025729282
0.0025509935
0.0025280543
0.0025041439
0.002479284
0.0024535155
0.0024268749
0.0023993963
0.0023711177
0.0023420772
0.0023123138
0.0022818675
0.00225078
0.0022190941
0.0021868539
0.0021541056
0.0021208957
0.0020872735
0.0020532861
0.0020189828
0.0019844047
0.0019495939
0.0029147114
0.002927354
0.0029390323
0.0029497034
0.0029593272
0.0029678642
0.0029752769
0.0029815313
0.0029865967
0.0029904461
0.0029930567
0.0029944094
0.0029944889
0.0029932802
0.002990768
0.0029870044
0.0029819339
0.0029755181
0.0029677561
0.0029587096
0.0029484053
0.0029368227
0.0029239627
0.0029098394
0.0028944693
0.0028778708
0.0028600638
0.0028410696
0.002820911
0.0027996133
0.0027772054
0.0027537101
0.0027291496
0.0027035557
0.0026769736
0.0026494342
0.002620966
0.0025915983
0.0025613717
0.0025303289
0.0024985091
0.0024659522
0.0024326995
0.0023987933
0.002364277
0.0023291951
0.0022935936
0.0022575196
0.0022210222
0.0021841538
0.0021469648
0.002109499
0.0020717931
0.0031372463
0.0031494087
0.0031604579
0.0031703573
0.0031790741
0.0031865766
0.0031928359
0.0031978258
0.0032015238
0.0032039105
0.0032049701
0.0032046908
0.0032030633
0.0032000744
0.003195717
0.0031900364
0.0031829793
0.0031745779
0.0031647836
0.0031536627
0.0031412307
0.0031274833
0.0031124307
0.0030960891
0.0030784772
0.003059615
0.0030395246
0.0030182291
0.002995753
0.0029721236
0.0029473728
0.0029215263
0.0028946025
0.0028666296
0.0028376624
0.0028077474
0.0027769032
0.0027451462
0.0027125191
0.0026790707
0.0026448419
0.0026098728
0.0025742047
0.0025378802
0.0025009423
0.0024634357
0.0024254052
0.0023868985
0.0023479645
0.0023086595
0.0022690413
0.0033515722
0.0033629948
0.0033731552
0.0033820253
0.0033895818
0.0033958022
0.003400667
0.0034041592
0.0034062652
0.0034069737
0.0034062772
0.003404172
0.0034006584
0.0033957249
0.0033894163
0.0033816365
0.0033724589
0.0033619395
0.0033500094
0.003336728
0.0033220977
0.0033061293
0.00328884
0.0032702491
0.0032503775
0.0032292478
0.003206884
0.0031833114
0.0031585563
0.0031326477
0.0031056199
0.0030774994
0.0030483042
0.0030180575
0.0029868159
0.0029546423
0.0029215579
0.0028875653
0.002852701
0.0028170209
0.0027805677
0.0027433813
0.0027055031
0.0026669752
0.0026278408
0.0025881436
0.002547929
0.0025072427
0.0024661359
0.0024246638
0.0023828857
0.0035596784
0.0035701418
0.0035791932
0.0035868154
0.0035929955
0.0035977215
0.003600984
0.003602776
0.0036030928
0.0036019324
0.0035992941
0.0035951793
0.003589596
0.0035825821
0.0035742497
0.0035641969
0.0035527298
0.0035399521
0.0035257831
0.0035102305
0.0034933062
0.003475031
0.0034554272
0.0034345175
0.0034123257
0.0033888768
0.0033641973
0.0033383142
0.003311256
0.0032830538
0.0032537422
0.0032233469
0.0031918929
0.0031594041
0.003125928
0.0030915319
0.003056236
0.003020058
0.0029830197
0.0029451802
0.0029065829
0.0028672675
0.0028272749
0.0027866475
0.0027454278
0.0027036599
0.0026613877
0.0026186585
0.002575521
0.002532032
0.0024882479
0.0037624815
0.0037717931
0.003779545
0.0037857319
0.0037903524
0.0037934059
0.0037948934
0.0037948179
0.0037931845
0.0037899997
0.0037852699
0.0037789901
0.0037711514
0.0037619051
0.0037515127
0.0037392792
0.0037252247
0.0037100773
0.0036935839
0.0036756687
0.0036563679
0.0036357104
0.0036137229
0.0035904316
0.0035658629
0.0035400445
0.0035130045
0.0034847724
0.0034553785
0.0034248564
0.0033932407
0.0033605543
0.0033268273
0.0032920924
0.0032563913
0.0032197824
0.0031822867
0.0031439353
0.0031047445
0.0030647731
0.0030240646
0.0029826583
0.002940595
0.0028979167
0.0028546663
0.0028108866
0.0027666225
0.0027219194
0.0026768272
0.0026313999
0.0025856937
0.0039603315
0.003968308
0.0039745827
0.0039791633
0.0039820602
0.0039832845
0.003982848
0.0039807639
0.003977047
0.0039717147
0.003964784
0.0039562445
0.0039461744
0.0039345718
0.0039215552
0.0039070491
0.0038908029
0.0038732133
0.0038542445
0.0038338783
0.0038121352
0.003789041
0.0037646229
0.0037389089
0.0037119274
0.003683708
0.0036542805
0.0036236762
0.0035919287
0.0035590725
0.0035251391
0.0034901561
0.0034541528
0.0034171678
0.0033792413
0.003340428
0.0033007462
0.0032602334
0.0032189047
0.0031768192
0.0031340204
0.0030905473
0.0030464404
0.0030017418
0.0029564935
0.0029107391
0.0028645219
0.002817888
0.0027708857
0.0027235689
0.0026759912
0.0041533249
0.0041597808
0.0041644023
0.0041672101
0.0041682272
0.0041674758
0.0041649789
0.0041607596
0.0041548426
0.0041472537
0.0041380171
0.0041271459
0.0041147207
0.0041006837
0.0040851888
0.0040681577
0.0040495648
0.0040295303
0.0040080823
0.0039852386
0.0039610244
0.0039354673
0.0039085966
0.0038804421
0.0038510344
0.0038204042
0.0037885826
0.0037556029
0.0037215028
0.0036863163
0.0036500709
0.0036127991
0.0035745311
0.0035353078
0.0034951685
0.0034541681
0.003412322
0.0033696703
0.0033262269
0.0032820517
0.0032371885
0.0031916761
0.0031455548
0.0030988662
0.0030516525
0.0030039563
0.0029558215
0.0029072929
0.002858419
0.0028092519
0.0027598442
0.0043414649
0.0043462075
0.0043489957
0.0043498636
0.0043488457
0.0043459759
0.0043412873
0.004334813
0.0043265866
0.0043166398
0.0043049982
0.0042917475
0.0042768259
0.0042603631
0.0042423447
0.0042227883
0.0042017279
0.0041792081
0.0041552655
0.0041299309
0.0041032342
0.0040752068
0.0040458798
0.0040152855
0.0039834561
0.0039504234
0.0039162188
0.0038808777
0.003844443
0.0038069461
0.0037684119
0.0037288735
0.0036883673
0.0036469331
0.0036046093
0.0035614529
0.0035174761
0.0034727203
0.003427197
0.0033809678
0.0033340767
0.0032865621
0.003238464
0.0031898239
0.0031406834
0.0030910852
0.0030410724
0.00299069
0.0029399856
0.002889011
0.002837816
0.0045247293
0.0045275588
0.0045283298
0.004527088
0.0045238803
0.0045187508
0.0045117427
0.0045028979
0.0044922564
0.0044798512
0.004465779
0.0044499834
0.0044325917
0.0044135964
0.0043930292
0.0043709435
0.0043473645
0.0043223311
0.0042958816
0.0042680503
0.0042388712
0.0042083778
0.004176604
0.0041435833
0.0041093498
0.0040739361
0.0040373742
0.0039997003
0.0039609607
0.0039211837
0.0038803953
0.0038386274
0.0037959217
0.0037523158
0.0037078488
0.0036625797
0.0036165174
0.003569703
0.0035221458
0.0034739089
0.0034250365
0.0033755667
0.0033255392
0.0032749949
0.0032239754
0.0031725226
0.0031206795
0.0030684908
0.0030160039
0.002963271
0.0029103384
0.004703093
0.0047038064
0.0047023734
0.0046988529
0.0046933011
0.0046857738
0.0046763223
0.0046649941
0.0046518304
0.0046369376
0.0046202662
0.0046019493
0.0045819847
0.0045604069
0.0045372813
0.00451264
0.0044865193
0.0044589591
0.0044299977
0.0043996722
0.0043680187
0.004335073
0.0043008701
0.0042654455
0.0042288333
0.0041910687
0.0041521861
0.0041122216
0.0040712156
0.0040291971
0.0039861952
0.0039422449
0.003897387
0.003851658
0.0038050976
0.0037577685
0.0037096742
0.0036608558
0.0036113184
0.0035611285
0.0035103296
0.0034589598
0.003407058
0.0033546651
0.0033018216
0.0032485695
0.0031949508
0.0031410099
0.0030867956
0.003032359
0.0029777442
0.004876533
0.0048749256
0.0048711052
0.0048651394
0.0048570936
0.0048470355
0.0048350203
0.0048210954
0.0048053748
0.0047878173
0.0047685676
0.0047476236
0.0047250319
0.0047008592
0.0046751451
0.0046479309
0.0046192574
0.0045891655
0.0045576949
0.0045248843
0.0044907715
0.0044553937
0.0044187873
0.0043809875
0.0043420294
0.0043019487
0.0042607884
0.0042185784
0.0041753511
0.00413114
0.0040859746
0.0040398941
0.0039929369
0.0039451382
0.0038965402
0.0038472096
0.0037971434
0.0037463802
0.0036949224
0.0036428395
0.0035901751
0.0035369659
0.0034832511
0.0034290704
0.0033744644
0.0033194736
0.0032641403
0.0032085085
0.0031526268
0.0030965493
0.005045023
0.0050408973
0.0050345094
0.0050259395
0.0050152567
0.0050025431
0.0049878428
0.0049712832
0.0049528198
0.0049326188
0.0049106741
0.0048870535
0.0048618197
0.0048350187
0.0048066975
0.0047769001
0.0047456702
0.0047130494
0.0046790789
0.0046437986
0.0046072478
0.0045694642
0.0045304852
0.0044903456
0.0044490786
0.004406719
0.0043633285
0.0043189258
0.0042735251
0.0042271739
0.0041799008
0.0041317473
0.0040827477
0.0040329361
0.0039823601
0.0039310911
0.0038791156
0.0038264701
0.0037731548
0.0037192429
0.003664777
0.0036097932
0.00355433
0.0034984266
0.0034421226
0.0033854587
0.0033284762
0.0032712197
0.0032137387
0.003156083
0.0052085349
0.0052017
0.0051925749
0.0051812478
0.00516779
0.0051523261
0.0051348743
0.0051154894
0.0050943108
0.005071335
0.0050466585
0.0050203394
0.0049924298
0.0049629808
0.0049320413
0.0048996579
0.0048658746
0.0048307349
0.0047942803
0.004756552
0.0047175897
0.0046774323
0.0046361175
0.0045936804
0.0045501484
0.0045055416
0.0044599708
0.0044134331
0.0043659172
0.0043174777
0.0042681561
0.0042179897
0.0041670082
0.0041152435
0.0040627531
0.0040096105
0.003955789
0.0039013231
0.0038462155
0.0037905412
0.0037343403
0.0036776486
0.0036205037
0.0035629442
0.0035050093
0.0034467385
0.0033881738
0.0033293599
0.0032703459
0.0032111784
0.0053670339
0.0053573167
0.0053452949
0.0053310625
0.0053147634
0.0052963884
0.0052760712
0.0052538644
0.0052298292
0.005204061
0.0051766226
0.0051475734
0.0051169682
0.0050848596
0.0050512993
0.0050163342
0.0049800088
0.0049423668
0.0049034509
0.0048633019
0.0048219606
0.0047794652
0.0047358564
0.0046911696
0.0046454262
0.0045986175
0.004550895
0.0045022886
0.0044527142
0.0044022457
0.0043509368
0.0042988195
0.0042459203
0.0041922671
0.0041379335
0.0040829713
0.0040273751
0.0039711471
0.0039143138
0.0038569448
0.0037990767
0.0037407446
0.0036819856
0.0036228375
0.0035633387
0.0035035284
0.0034434479
0.0033831421
0.0033226622
0.0032620482
0.0055204804
0.0055077258
0.0054926546
0.0054754526
0.0054561049
0.0054347982
0.005411523
0.00538639
0.0053594873
0.0053308898
0.0053006628
0.0052688659
0.005235555
0.0052007845
0.0051646094
0.0051270761
0.0050882271
0.005048107
0.0050067587
0.0049642224
0.0049205396
0.0048757461
0.004829884
0.0047829869
0.0047350816
0.0046861817
0.0046363593
0.0045856857
0.0045341103
0.004481684
0.0044284518
0.0043744463
0.0043196946
0.0042642241
0.004208112
0.0041514027
0.0040940901
0.0040361643
0.0039776715
0.0039186743
0.003859206
0.0037993009
0.0037389951
0.0036783258
0.0036173303
0.0035560474
0.003494518
0.0034327883
0.0033709082
0.005668822
0.0056529097
0.0056346844
0.0056143386
0.0055919242
0.0055675416
0.0055412657
0.0055131801
0.0054833727
0.0054519207
0.0054188897
0.0053843383
0.0053483221
0.0053108949
0.0052721213
0.0052320426
0.0051906961
0.0051481287
0.0051043843
0.0050595001
0.0050135191
0.0049664742
0.0049184054
0.0048693514
0.0048193403
0.0047683865
0.0047165458
0.0046638653
0.0046103449
0.0045560198
0.0045009257
0.0044450948
0.0043885553
0.0043313363
0.0042735163
0.0042151254
0.0041561591
0.0040966019
0.0040365157
0.0039759563
0.0039149543
0.0038535426
0.0037917567
0.0037296326
0.0036672072
0.0036045187
0.0035416082
0.0034785222
0.003415309
0.0058120643
0.0057928015
0.0057713559
0.0057477682
0.0057221873
0.0056946993
0.0056653789
0.005634309
0.005601576
0.0055672583
0.0055314212
0.0054941206
0.0054554107
0.0054153382
0.0053739907
0.0053314022
0.0052875915
0.0052426137
0.0051965155
0.005149331
0.0051010967
0.0050518529
0.005001635
0.0049504828
0.0048984137
0.0048454589
0.0047916588
0.004737047
0.004681645
0.0046254815
0.0045685883
0.0045109962
0.0044527342
0.0043938328
0.0043343716
0.004274365
0.0042138106
0.0041526902
0.0040910765
0.0040290204
0.0039665501
0.0039036975
0.003840497
0.0037769838
0.0037131936
0.0036491643
0.0035849377
0.0035205608
0.0034560773
0.0059500911
0.0059274281
0.0059026204
0.0058757592
0.0058469656
0.0058163318
0.005783937
0.0057498633
0.005714196
0.0056770142
0.0056383811
0.0055983482
0.0055569686
0.0055142756
0.0054703802
0.0054253242
0.005379093
0.0053317494
0.0052833445
0.0052339109
0.0051834796
0.005132092
0.0050797868
0.0050265868
0.0049725232
0.0049176268
0.0048619261
0.0048054543
0.0047482358
0.004690298
0.0046316703
0.0045723824
0.0045124633
0.0044519452
0.0043909083
0.0043293508
0.0042672747
0.0042046584
0.0041415835
0.0040780956
0.0040142218
0.003949993
0.0038854426
0.0038206042
0.0037555133
0.0036902065
0.0036247256
0.0035591195
0.0034934272
0.0060828744
0.0060567359
0.0060285216
0.0059983386
0.0059662996
0.0059324996
0.0058970179
0.0058599356
0.0058213385
0.005781307
0.0057398977
0.0056971549
0.0056531344
0.0056078843
0.0055614793
0.0055139765
0.0054653779
0.0054157253
0.0053650679
0.005313441
0.0052608725
0.0052074042
0.0051530628
0.0050978835
0.0050418915
0.0049851127
0.004927577
0.0048693121
0.0048103433
0.004750697
0.0046904008
0.004629483
0.0045679723
0.0045059039
0.0044433574
0.0043803131
0.0043167798
0.0042527339
0.0041882633
0.0041234084
0.0040581953
0.0039926541
0.003926817
0.0038607171
0.0037943878
0.0037278658
0.003661193
0.0035944179
0.0062104025
0.0061807307
0.0061490722
0.0061155395
0.0060802405
0.0060432693
0.0060047044
0.0059646236
0.0059231155
0.0058802631
0.0058361078
0.0057906905
0.0057440716
0.0056963054
0.0056474473
0.0055975514
0.0055466391
0.0054947328
0.0054418815
0.005388123
0.0053334848
0.0052779845
0.0052216855
0.0051645913
0.0051067337
0.0050481393
0.0049888341
0.0049288431
0.0048681912
0.0048069035
0.0047450057
0.0046825241
0.0046194867
0.0045559357
0.004491947
0.0044274789
0.0043625502
0.0042971399
0.0042313385
0.0041651806
0.0040986914
0.0040319007
0.0039648396
0.0038975397
0.0038300346
0.0037623594
0.0036945561
0.0036266729
0.006332651
0.0062994138
0.0062642935
0.0062274042
0.0061888481
0.0061487167
0.0061070869
0.0060640321
0.0060196439
0.0059740133
0.0059271552
0.0058791053
0.0058299395
0.0057797067
0.0057284518
0.0056762284
0.0056230628
0.0055689658
0.0055139846
0.0054581524
0.0054015087
0.0053440613
0.0052858616
0.0052269203
0.0051672659
0.0051069231
0.0050459155
0.0049842664
0.0049219993
0.0048591378
0.0047957057
0.0047317267
0.004667227
0.0046022627
0.0045368985
0.0044710701
0.0044048044
0.0043380942
0.0042710263
0.0042036283
0.0041359253
0.0040679466
0.0039997223
0.0039312836
0.0038626623
0.0037938938
0.0037250191
0.003656083
0.0064496101
0.0064127984
0.0063742185
0.0063339841
0.0062921914
0.0062489269
0.0062042649
0.0061582731
0.0061110479
0.0060626904
0.0060131835
0.0059625518
0.0059108981
0.0058582603
0.0058046722
0.0057501905
0.0056948257
0.0056386144
0.0055815634
0.0055237402
0.0054651578
0.0054058302
0.0053457987
0.0052850801
0.0052236982
0.0051616759
0.0050990346
0.0050357961
0.0049719821
0.0049076145
0.0048427155
0.0047773062
0.00471141
0.004645105
0.0045784145
0.004511302
0.0044437551
0.0043758094
0.0043075372
0.0042389605
0.0041701046
0.004100998
0.0040316703
0.0039621513
0.0038924726
0.0038226679
0.0037527775
0.003682844
0.0065612811
0.0065209087
0.0064788915
0.0064353417
0.0063903479
0.0063439922
0.0062963455
0.0062474701
0.0061974661
0.0061464222
0.0060943329
0.0060411872
0.0059871131
0.0059321372
0.0058762873
0.0058196062
0.0057621279
0.0057038642
0.005644829
0.0055850777
0.0055246262
0.0054634901
0.0054017
0.005339275
0.0052762363
0.0052126045
0.0051483992
0.0050836403
0.0050183478
0.0049525416
0.0048862422
0.0048194691
0.0047522457
0.0046846589
0.0046167127
0.004548374
0.0044796098
0.0044104913
0.0043410743
0.0042713785
0.0042014288
0.0041312532
0.00406088
0.0039903383
0.0039196581
0.0038488732
0.0037780217
0.003707144
0.006667669
0.0066237806
0.0065783721
0.0065315528
0.0064834065
0.0064340135
0.0063834411
0.0063317511
0.0062790236
0.0062253574
0.0061707473
0.0061151779
0.0060587552
0.0060015116
0.005943473
0.005884674
0.0058251465
0.0057649039
0.0057039615
0.005642358
0.0055801115
0.0055172388
0.0054537637
0.0053897046
0.0053250807
0.0052599102
0.0051942109
0.0051280009
0.0050612981
0.0049941207
0.004926487
0.0048584154
0.0047899339
0.0047211324
0.0046519893
0.0045824801
0.0045125639
0.0044423335
0.0043718308
0.0043010744
0.004230089
0.0041589015
0.0040875393
0.0040160303
0.0039444042
0.0038726925
0.0038009327
0.003729164
0.0067688291
0.0067214646
0.006672736
0.0066227055
0.0065714671
0.0065191026
0.0064656731
0.0064112427
0.0063558773
0.0062996523
0.0062425862
0.0061846734
0.0061259844
0.0060665531
0.006006404
0.0059455665
0.0058840679
0.0058219238
0.0057591492
0.0056957705
0.0056318052
0.0055672698
0.0055021835
0.0054365634
0.0053704262
0.0053037881
0.005236665
0.0051690729
0.005101028
0.0050325464
0.004963644
0.0048943376
0.0048246664
0.0047547173
0.0046844349
0.0046138091
0.0045428044
0.0044715217
0.0043999914
0.0043282318
0.0042562672
0.0041841235
0.004111827
0.0040394051
0.0039668858
0.0038943003
0.0038216841
0.0037490746
0.0068648023
0.0068140286
0.0067620629
0.0067088943
0.0066546375
0.0065993802
0.0065431697
0.0064860787
0.0064281611
0.0063694619
0.0063100204
0.00624984
0.0061889679
0.0061274329
0.0060652552
0.0060024608
0.0059390725
0.0058751075
0.005810578
0.0057455019
0.0056798947
0.0056137714
0.0055471482
0.0054800402
0.0054124619
0.0053444272
0.00527595
0.0052070446
0.0051377251
0.0050680058
0.0049978999
0.0049274211
0.0048566282
0.0047855946
0.0047142317
0.0046425412
0.0045705099
0.0044982334
0.0044257323
0.0043530254
0.0042801365
0.0042070906
0.0041339132
0.0040606306
0.0039872704
0.0039138616
0.0038404387
0.0037670385
0.0069556899
0.0069015798
0.0068464497
0.0067902247
0.0067330358
0.006674977
0.0066160651
0.0065564008
0.0064960242
0.0064349386
0.0063732116
0.0063108458
0.0062478755
0.0061843234
0.0061202014
0.0060555336
0.0059903385
0.0059246352
0.0058584305
0.0057917353
0.0057245631
0.0056569272
0.0055888412
0.0055203183
0.0054513706
0.0053820099
0.0053122478
0.0052420969
0.0051715695
0.0051006781
0.0050294336
0.0049578453
0.0048860022
0.0048139265
0.0047415538
0.0046688489
0.0045958519
0.0045226379
0.0044492212
0.0043756212
0.0043018613
0.0042279655
0.0041539586
0.0040798663
0.0040057148
0.0039315325
0.003857352
0.0037832079
0.0070416744
0.0069842713
0.0069260027
0.0068668115
0.0068067896
0.0067460384
0.006684498
0.0066223557
0.0065596237
0.0064962383
0.0064323211
0.0063678577
0.0063028769
0.0062373965
0.0061714156
0.0061049597
0.0060380415
0.0059706836
0.0059028852
0.0058346493
0.005765989
0.0056969154
0.0056274404
0.005557575
0.0054873292
0.0054167121
0.0053457335
0.0052744038
0.005202734
0.0051307346
0.0050584144
0.004985782
0.0049129446
0.0048398913
0.0047665594
0.0046928989
0.0046189942
0.0045448961
0.0044706169
0.0043961763
0.004321597
0.0042469019
0.0041721152
0.004097262
0.0040223683
0.0039474601
0.0038725683
0.0037977272
0.0071227362
0.0070621538
0.0070008417
0.0069387801
0.0068760271
0.0068126475
0.0067486552
0.0066841312
0.0066191258
0.0065535193
0.0064875128
0.0064210418
0.0063541395
0.0062868224
0.0062190688
0.0061509114
0.0060823535
0.0060134266
0.0059441169
0.0058744183
0.0058043458
0.005733909
0.0056631177
0.0055919815
0.0055205079
0.0054487034
0.0053765752
0.0053041324
0.0052313842
0.0051583393
0.0050850052
0.0050113943
0.004937624
0.0048636452
0.0047894002
0.0047148464
0.0046400891
0.0045651594
0.0044900697
0.0044148395
0.0043394904
0.0042640447
0.0041885261
0.0041129595
0.0040373698
0.0039617821
0.0038862252
0.0038107302
0.0073858467
0.0073243766
0.007262058
0.007198972
0.0071353294
0.0070710959
0.0070062717
0.0069408949
0.0068750104
0.0068086461
0.006741844
0.0066746341
0.0066069804
0.0065389945
0.0064705663
0.0064018289
0.0063327673
0.0062633288
0.0061935579
0.0061234431
0.0060530335
0.0059822958
0.0059112115
0.005839802
0.0057680752
0.0056960391
0.0056237026
0.0055510705
0.0054781461
0.0054049342
0.0053314422
0.0052576783
0.0051836486
0.0051093613
0.0050348389
0.0049601914
0.0048853379
0.0048102243
0.0047348377
0.004659281
0.0045835712
0.0045077212
0.0044317506
0.0043556797
0.0042795304
0.0042033259
0.0041270908
0.0040508507
0.0039746282
0.0038984489
0.0038223438
0.0074671043
0.0074021883
0.0073366325
0.0072705039
0.0072039284
0.0071369019
0.0070694315
0.0070015433
0.0069332684
0.0068646313
0.0067956565
0.0067263627
0.0066567411
0.0065868397
0.0065166209
0.0064461729
0.006375394
0.0063043608
0.0062330628
0.0061614738
0.0060896692
0.0060175876
0.0059451928
0.0058725202
0.0057995755
0.0057263646
0.0056528965
0.0055791739
0.0055051961
0.0054309646
0.0053564856
0.0052817665
0.0052068101
0.0051316321
0.0050562706
0.0049807789
0.0049051114
0.0048291731
0.0047530122
0.004676707
0.0046002664
0.0045237049
0.0044470411
0.0043702948
0.0042934868
0.0042166402
0.0041397804
0.0040629325
0.0039861179
0.0039093594
0.0038326838
0.0075434143
0.0074751952
0.00740653
0.0073374706
0.0072680932
0.0071984032
0.0071284084
0.0070581257
0.0069875748
0.0069167723
0.0068457322
0.0067744651
0.0067029691
0.0066312659
0.0065593418
0.0064872343
0.006414899
0.0063423724
0.0062695828
0.0061966056
0.0061234918
0.0060501515
0.0059765198
0.0059026568
0.0058285655
0.0057542478
0.005679715
0.005604968
0.0055300016
0.0054548131
0.0053794074
0.0053037917
0.0052279624
0.0051519574
0.0050758157
0.0049995339
0.0049230923
0.0048463835
0.0047695019
0.0046924957
0.004615372
0.0045381456
0.0044608343
0.0043834568
0.0043060334
0.0042285868
0.0041511431
0.0040737292
0.0039963635
0.0039190647
0.003841859
0.0076148952
0.0075435199
0.0074718817
0.0074000173
0.0073279712
0.0072557489
0.0071833549
0.0071107973
0.0070380862
0.0069652296
0.0068922332
0.0068191005
0.006745829
0.0066724273
0.0065988876
0.0065252243
0.0064514113
0.0063774449
0.0063033252
0.0062290079
0.0061546509
0.0060801368
0.0060053427
0.0059303624
0.005855195
0.005779836
0.0057043026
0.0056285953
0.0055527036
0.0054766191
0.0054003453
0.0053238905
0.0052472368
0.0051704683
0.0050936091
0.0050165803
0.0049394019
0.0048619806
0.0047844276
0.0047067669
0.0046290059
0.0045511595
0.0044732445
0.0043952786
0.0043172812
0.0042392749
0.0041612871
0.0040833452
0.0040054663
0.0039276668
0.0038499673
0.0076816767
0.0076072964
0.0075328277
0.0074582928
0.0073837139
0.007309092
0.0072344257
0.0071597149
0.0070849604
0.0070101625
0.006935319
0.0068604271
0.006785481
0.0067104802
0.0066354165
0.0065602912
0.0064850832
0.0064097748
0.0063343592
0.0062588556
0.006183321
0.0061076766
0.0060318039
0.0059557804
0.0058796084
0.0058032707
0.0057267968
0.0056501906
0.0055734352
0.0054965141
0.0054194287
0.0053421929
0.0052647585
0.0051872863
0.0051097674
0.0050320353
0.0049541572
0.0048760807
0.0047979023
0.0047196319
0.0046412778
0.0045628545
0.0044843778
0.0044058646
0.0043273334
0.0042488062
0.0041703113
0.0040918791
0.0040135217
0.0039352557
0.0038570987
0.0077438976
0.0076666672
0.007589515
0.0075124493
0.0074354756
0.0073585876
0.0072817767
0.0072050348
0.0071283544
0.0070517278
0.0069751462
0.0068986004
0.00682208
0.0067455775
0.0066690818
0.0065925852
0.0065160665
0.0064395025
0.0063628814
0.0062862207
0.0062096237
0.0061329526
0.0060560254
0.0059790486
0.0059019441
0.0058246878
0.0057473284
0.0056698805
0.0055923215
0.0055146211
0.0054367784
0.0053588208
0.0052806476
0.0052025296
0.0051243871
0.0050460096
0.0049674696
0.0048887911
0.004810031
0.0047311936
0.0046522887
0.0045733298
0.0044943318
0.0044153108
0.0043362846
0.0042572746
0.0041783111
0.0040994214
0.0078017043
0.0077217811
0.0076420952
0.0075626414
0.0074834116
0.007404391
0.0073255632
0.0072469122
0.0071684228
0.0070900797
0.0070118677
0.0069337716
0.006855776
0.0067778675
0.0067000308
0.0066222517
0.0065445073
0.0064667721
0.0063890308
0.006311297
0.0062336708
0.0061560064
0.0060781795
0.0060002827
0.0059223325
0.005844217
0.0057660208
0.0056877833
0.0056094789
0.0055310553
0.0054525039
0.0053738829
0.0052950256
0.005216292
0.0051375833
0.0050585917
0.0049794448
0.0049002102
0.0048209098
0.0047415468
0.0046621313
0.0045826762
0.0045031956
0.0044237049
0.0043442216
0.004264767
0.0041853715
0.0078552485
0.0077727911
0.0076907225
0.0076090247
0.0075276774
0.0074466571
0.0073659392
0.0072855002
0.0072053172
0.0071253684
0.007045632
0.0069660873
0.0068867138
0.0068074928
0.0067284045
0.0066494297
0.0065705433
0.0064917187
0.0064129386
0.0063342068
0.0062556024
0.0061770061
0.0060983093
0.0060196274
0.0059408767
0.0058619834
0.0057829924
0.0057040085
0.0056250166
0.0055459236
0.0054667018
0.0053874738
0.0053080215
0.0052286813
0.0051494386
0.0050698678
0.0049901761
0.004910428
0.0048306273
0.0047507782
0.0046708908
0.0045909772
0.004511051
0.0044311271
0.0043512228
0.0042713601
0.0041915705
0.0079046857
0.0078198533
0.007735553
0.007651755
0.0075684279
0.0074855391
0.0074030564
0.0073209486
0.007239186
0.00715774
0.0070765832
0.0069956893
0.006915033
0.0068345904
0.0067543378
0.0066742515
0.0065943044
0.0065144688
0.0064347252
0.0063550698
0.0062755491
0.0061960811
0.0061165737
0.0060371146
0.0059576981
0.0058780896
0.0057983623
0.0057186596
0.0056390358
0.0055593284
0.0054794616
0.0053996682
0.0053197333
0.0052398257
0.0051600241
0.0050799282
0.0049997489
0.0049195276
0.0048392653
0.0047589679
0.0046786453
0.0045983093
0.0045179727
0.0044376503
0.0043573592
0.0042771218
0.0041969684
0.0079501757
0.0078631256
0.0077767438
0.0076909881
0.0076058168
0.0075211888
0.0074370641
0.0073534046
0.0072701737
0.0071873369
0.0071048611
0.0070227147
0.0069408679
0.0068592923
0.00677796
0.0066968437
0.0066159143
0.0065351426
0.0064545067
0.0063739964
0.0062936332
0.0062133553
0.0061330925
0.0060528933
0.0059727978
0.0058926551
0.0058122448
0.0057318353
0.0056516338
0.0055713703
0.0054908823
0.0054105717
0.0053302166
0.0052497877
0.0051694368
0.0050888671
0.0050082438
0.0049275869
0.0048469
0.0047661904
0.0046854679
0.0046047437
0.0045240304
0.0044433424
0.0043626965
0.0042821152
0.0042016273
0.0079918793
0.0079027688
0.0078144532
0.0077268799
0.0076399976
0.0075537569
0.0074681104
0.0073830133
0.0072984228
0.0072142985
0.0071306021
0.0070472972
0.0069643495
0.0068817264
0.0067993963
0.0067173287
0.0066354921
0.006553856
0.006472396
0.0063910964
0.0063099608
0.0062289412
0.0061479793
0.0060670983
0.0059863175
0.0059056439
0.0058247497
0.0057436473
0.0056629061
0.0055821452
0.0055010707
0.0054202833
0.0053395233
0.0052586282
0.0051777658
0.0050967696
0.0050157378
0.0049346804
0.004853604
0.0047725166
0.0046914277
0.0046103482
0.0045292901
0.0044482676
0.0043672974
0.0042864013
0.0042056064
0.0080299646
0.0079389458
0.0078488416
0.0077595879
0.0076711245
0.0075833943
0.007496343
0.0074099193
0.0073240745
0.007238763
0.0071539412
0.0070695687
0.0069856066
0.0069020186
0.0068187697
0.0067358263
0.0066531547
0.0065707231
0.0064885042
0.006406478
0.006324636
0.006242938
0.0061613369
0.0060798361
0.0059984412
0.0059171515
0.0058358122
0.0057542444
0.0056729358
0.0055917359
0.0055101473
0.005428871
0.0053477379
0.0052664099
0.0051850984
0.0051037137
0.0050223048
0.0049408804
0.004859448
0.0047780155
0.0046965923
0.0046151887
0.0045338164
0.0044524893
0.0043712235
0.0042900404
0.0042089658
0.0080646018
0.0079718258
0.0078800739
0.0077892731
0.007699355
0.0076102549
0.0075219121
0.0074342692
0.0073472721
0.00726087
0.007175015
0.0070896622
0.007004769
0.0069202957
0.0068362038
0.006752457
0.0066690198
0.0065858583
0.0065029431
0.0064202503
0.0063377632
0.0062554461
0.0061732591
0.0060911949
0.0060092477
0.0059273831
0.0058455701
0.0057635964
0.0056818332
0.0056001874
0.005518183
0.0054364653
0.0053549271
0.0052732178
0.0051915156
0.0051097733
0.0050280188
0.0049462595
0.004864503
0.0047827568
0.0047010298
0.0046193319
0.0045376746
0.0044560711
0.0043745373
0.0042930939
0.0042117653
0.0085881332
0.0084866422
0.0083867926
0.0082884722
0.0081915683
0.0080959735
0.0080015833
0.0079083208
0.0078161023
0.0077248517
0.0076344976
0.0075449727
0.0074562143
0.0073681631
0.0072807636
0.0071939638
0.0071077148
0.0070219706
0.0069366879
0.0068518257
0.006767345
0.0066832081
0.0065993798
0.0065158281
0.0064325261
0.0063494512
0.0062665703
0.0061838475
0.0061012686
0.0060188183
0.0059364539
0.0058541825
0.0057718358
0.0056896584
0.0056075563
0.0055252223
0.0054431448
0.0053612013
0.0052791447
0.0051970935
0.0051150251
0.0050329559
0.0049508929
0.0048688427
0.0047868125
0.0047048109
0.0046228472
0.0045409325
0.0044590798
0.0043773042
0.004295626
0.0042140684
0.0086255237
0.0085219428
0.0084201521
0.0083200242
0.0082214355
0.0081242628
0.0080284015
0.007933761
0.0078402502
0.0077477854
0.0076562889
0.0075656875
0.0074759134
0.0073869025
0.0072985952
0.0072109353
0.0071238707
0.007037352
0.0069513329
0.0068657698
0.0067806212
0.0066958478
0.0066114124
0.0065272812
0.0064434247
0.0063598161
0.0062764231
0.0061932124
0.0061101645
0.0060272589
0.0059444537
0.0058617593
0.0057790619
0.0056965067
0.0056139881
0.0055313602
0.0054489629
0.0053666492
0.0052842776
0.0052019144
0.0051195508
0.0050371974
0.0049548601
0.0048725453
0.0047902594
0.0047080107
0.0046258082
0.0045436624
0.004461586
0.0043795936
0.0042977047
0.0042159419
0.0086591911
0.0085537102
0.0084501557
0.0083483865
0.0082482672
0.0081496663
0.0080524706
0.0079565812
0.0078618994
0.0077683348
0.0076758035
0.0075842274
0.0074935335
0.0074036538
0.0073145244
0.0072260859
0.0071382829
0.0070510628
0.006964377
0.0068781791
0.0067924257
0.0067070757
0.0066220903
0.0065374338
0.0064530746
0.0063689829
0.0062851267
0.0062014736
0.0061180007
0.0060346835
0.0059514854
0.0058684103
0.0057853826
0.0057024778
0.005619605
0.0055367068
0.0054540057
0.0053713679
0.0052887115
0.005206069
0.0051234399
0.0050408309
0.0049582473
0.0048756949
0.00479318
0.0047107101
0.004628294
0.0045459419
0.0044636658
0.0043814799
0.0042994033
0.0042174576
0.008689362
0.0085821655
0.0084770196
0.0083737702
0.0082722717
0.0081723844
0.0080739881
0.0079769747
0.0078812392
0.007786685
0.007693223
0.0076007699
0.0075092488
0.0074185875
0.0073287187
0.0072395797
0.0071511121
0.0070632609
0.0069759748
0.0068892054
0.0068029073
0.0067170377
0.0066315565
0.0065464264
0.0064616138
0.0063770867
0.006292813
0.0062087606
0.0061249041
0.006041217
0.0059576668
0.0058742501
0.0057909161
0.0057076951
0.005624516
0.0055413669
0.005458385
0.0053754627
0.0052925486
0.005209657
0.0051267898
0.0050439518
0.0049611478
0.004878383
0.0047956634
0.0047129963
0.0046303899
0.0045478542
0.0044654006
0.004383043
0.0043007997
0.0042186919
0.0087162644
0.0086075318
0.0085009611
0.0083963875
0.0082936561
0.00819262
0.0080931511
0.0079951343
0.0078984584
0.0078030212
0.0077087287
0.0076154934
0.0075232342
0.0074318755
0.0073413469
0.0072515827
0.0071625219
0.0070741071
0.0069862847
0.0068990045
0.0068122195
0.0067258851
0.0066399601
0.0065544056
0.0064691865
0.0063842694
0.0062996214
0.0062152107
0.00613101
0.0060469916
0.0059631262
0.005879404
0.0057957886
0.0057122854
0.0056288384
0.0055454564
0.00546222
0.0053790462
0.0052959004
0.005212786
0.0051297057
0.0050466629
0.0049636617
0.0048807073
0.0047978051
0.0047149623
0.0046321867
0.0045494878
0.0044668768
0.0043843669
0.004301976
0.0042197247
0.0087401225
0.0086300254
0.0085221907
0.008416443
0.0083126191
0.0082105658
0.008110148
0.0080112438
0.0079137366
0.0078175187
0.0077224925
0.0076285661
0.0075356549
0.0074436803
0.0073525689
0.0072622525
0.0071726675
0.0070837545
0.0069954581
0.006907726
0.0068205099
0.0067337639
0.0066474454
0.0065615144
0.0064759345
0.0063906708
0.0063056902
0.0062209605
0.0061364533
0.0060521402
0.0059679941
0.005884
0.0058001303
0.0057163756
0.0056326929
0.0055490971
0.0054656324
0.0053822359
0.0052988821
0.0052155689
0.0051322979
0.0050490718
0.0049658943
0.0048827704
0.0047997053
0.0047167057
0.0046337793
0.0045509351
0.0044681839
0.0043855388
0.0043030169
0.0042206383
0.0087611472
0.0086498501
0.0085409039
0.0084341247
0.0083293422
0.0082263968
0.0081251474
0.0080254662
0.0079272314
0.0078303311
0.0077346635
0.0076401335
0.0075466532
0.0074541411
0.0073625213
0.0072717231
0.0071816811
0.0070923337
0.0070036238
0.0069154976
0.0068279054
0.0067407999
0.0066541376
0.0065678774
0.0064819816
0.0063964144
0.0063111422
0.0062261325
0.006141356
0.0060567841
0.0059723907
0.0058881573
0.0058040611
0.0057200848
0.0056361949
0.0055524057
0.0054687383
0.0053851453
0.0053016062
0.0052181156
0.0051346744
0.0050512846
0.0049679497
0.0048846742
0.0048014632
0.0047183233
0.0046352619
0.0045522876
0.0044694112
0.004386645
0.004304006
0.0042215136
0.008779534
0.0086671901
0.0085572753
0.0084495981
0.0083439815
0.0082402607
0.0081382892
0.008037934
0.0079390687
0.0078415772
0.0077453549
0.0076503032
0.0075563316
0.0074633559
0.0073712981
0.0072800855
0.0071896505
0.00709993
0.0070108652
0.0069224011
0.0068344864
0.006747073
0.0066601162
0.006573574
0.0064874076
0.0064015805
0.0063160584
0.0062308085
0.0061458009
0.0060610067
0.0059764004
0.0058919612
0.0058076685
0.0057235012
0.0056394325
0.0055554729
0.0054716295
0.0053878659
0.0053041644
0.0052205183
0.0051369274
0.0050533932
0.0049699189
0.004886509
0.0048031683
0.0047199034
0.0046367213
0.0045536307
0.0044706418
0.0043877668
0.0043050222
0.0042224275
0.0087954577
0.0086822093
0.0085714575
0.0084630042
0.008356668
0.0082522778
0.0081496837
0.0080487477
0.0079493398
0.0078513401
0.0077546414
0.0076591424
0.0075647501
0.0074713783
0.0073789469
0.0072873815
0.0071966127
0.0071065762
0.0070172115
0.0069284625
0.0068402767
0.0067526051
0.0066654018
0.0065786241
0.0064922322
0.006406189
0.0063204594
0.0062350104
0.0061498112
0.0060648332
0.0059800505
0.0058954412
0.005810985
0.0057266596
0.0056424423
0.0055583394
0.0054743493
0.0053904432
0.0053066051
0.0052228276
0.0051391096
0.0050554523
0.0049718586
0.0048883328
0.0048048799
0.0047215059
0.0046382182
0.0045550249
0.0044719364
0.0043889646
0.0043061257
0.0042234384
0.0088090834
0.0086950588
0.0085835885
0.0084744689
0.0083675132
0.0082625472
0.0081594166
0.0080579801
0.0079581042
0.0078596658
0.0077625563
0.0076666718
0.0075719171
0.0074782046
0.0073854524
0.0072935847
0.007202531
0.0071122256
0.0070226069
0.0069336178
0.0068452048
0.0067573181
0.006669911
0.0065829399
0.0064963643
0.0064101463
0.0063242504
0.0062386428
0.0061532924
0.00606817
0.0059832499
0.0058985088
0.0058139266
0.0057294802
0.0056451498
0.0055609371
0.0054768355
0.0053928213
0.0053088795
0.005225002
0.0051411871
0.0050574353
0.0049737494
0.0048901334
0.0048065923
0.004723132
0.0046397597
0.0045564834
0.0044733134
0.0043902613
0.0043073431
0.0042245778
0.0088214402
0.0087067092
0.008594583
0.008484853
0.0083773308
0.0082718358
0.0081682126
0.0080663157
0.0079660086
0.0078671658
0.0077696768
0.0076734359
0.0075783464
0.0074843194
0.0073912716
0.0072991262
0.0072078115
0.0071172607
0.0070274114
0.0069382057
0.0068495893
0.0067615114
0.0066739248
0.0065867851
0.0065000511
0.0064136843
0.0063276484
0.0062419093
0.0061564353
0.006071197
0.0059861676
0.0059013232
0.0058166427
0.0057321034
0.0056476868
0.0055633906
0.0054792052
0.0053951102
0.0053110912
0.0052271395
0.0051432527
0.0050594305
0.0049756753
0.0048919907
0.0048083814
0.0047248533
0.0046414134
0.0045580699
0.0044748327
0.0043917135
0.0043087282
0.004225895
0.0088320538
0.0087167216
0.0086040388
0.0084937931
0.0083857903
0.0082798494
0.0081758107
0.0080735266
0.0079728577
0.007873676
0.0077758702
0.0076793325
0.0075839648
0.0074896769
0.0073963846
0.0073040099
0.00721248
0.0071217274
0.0070316888
0.0069423055
0.0068535223
0.0067652879
0.0066775542
0.0065902764
0.0065034125
0.0064169233
0.0063307719
0.0062449239
0.0061593469
0.0060740111
0.0059888894
0.0059039571
0.0058191926
0.0057345733
0.0056500817
0.0055657121
0.0054814529
0.0053972859
0.0053131971
0.0052291777
0.0051452244
0.0050613366
0.0049775165
0.0048937674
0.0048100941
0.0047265022
0.0046429988
0.0045595918
0.0044762914
0.0043931089
0.0043100601
0.0042271632
0.0088400885
0.0087243094
0.0086112129
0.0085005832
0.0083922269
0.0082859559
0.0081816118
0.0080790438
0.0079781106
0.0078786822
0.007780646
0.0076838932
0.0075883243
0.0074938482
0.0074003797
0.00730784
0.0072161555
0.0071252579
0.0070350833
0.0069455721
0.0068566685
0.0067683209
0.0066804803
0.0065931015
0.0065061418
0.0064195617
0.0063333239
0.0062473935
0.0061617379
0.0060763269
0.0059911331
0.0059061313
0.0058212996
0.0057366156
0.0056520622
0.0055676315
0.0054833108
0.0053990831
0.0053149348
0.0052308571
0.0051468464
0.0050629019
0.0049790256
0.0048952207
0.004811492
0.0047278452
0.0046442872
0.0045608262
0.0044774721
0.0043942364
0.0043111345
0.0042281839
0.0088454897
0.0087294137
0.0086160433
0.0085051616
0.00839657
0.0082900829
0.0081855381
0.0080827843
0.0079816783
0.0078820888
0.0077839024
0.0076870094
0.0075913094
0.0074967106
0.0074031274
0.0073104802
0.0072186949
0.0071277027
0.007037439
0.006947844
0.0068588614
0.0067704389
0.0066825274
0.0065950813
0.0065080575
0.0064214163
0.0063351199
0.0062491334
0.0061634237
0.0060779607
0.0059927168
0.0059076666
0.0058227877
0.0057380578
0.0056534604
0.0055689863
0.0054846218
0.0054003507
0.0053161598
0.0052320403
0.0051479884
0.0050640031
0.0049800864
0.0048962416
0.0048124735
0.0047287877
0.0046451913
0.0045616923
0.0044783007
0.0043950278
0.0043118888
0.0042289006
0.008848206
0.0087319837
0.0086184773
0.0085074689
0.0083987626
0.0082921674
0.0081875238
0.0080846781
0.0079834874
0.0078838193
0.0077855592
0.0076885974
0.0075928329
0.0074981738
0.0074045341
0.007311834
0.0072199991
0.0071289602
0.0070386526
0.0069490161
0.0068599943
0.0067715347
0.0066835878
0.006596108
0.006509052
0.00642238
0.006336054
0.0062500389
0.0061643017
0.0060788123
0.0059935428
0.0059084678
0.0058235646
0.005738811
0.0056541908
0.0055696943
0.0054853072
0.0054010138
0.005316801
0.0052326599
0.0051485866
0.0050645803
0.0049806429
0.0048967776
0.0048129893
0.0047292836
0.0046456676
0.0045621493
0.0044787388
0.0043954473
0.0043122893
0.0042292805
)
;

boundaryField
{
    inletLow
    {
        type            calculated;
        value           nonuniform List<scalar> 0();
    }
    inletJet
    {
        type            calculated;
        value           nonuniform List<scalar> 0();
    }
    inletHigh
    {
        type            calculated;
        value           nonuniform List<scalar> 0();
    }
    outlet
    {
        type            calculated;
        value           nonuniform List<scalar> 0();
    }
    upperWall
    {
        type            calculated;
        value           nonuniform List<scalar> 0();
    }
    lowerWall
    {
        type            calculated;
        value           nonuniform List<scalar> 
53
(
0.0022175985
0.0022646327
0.0023112909
0.0023573688
0.0024027359
0.0024473528
0.0024912369
0.0025344016
0.0025768075
0.0026183554
0.002658911
0.0026983364
0.0027365097
0.0027733316
0.0028087241
0.0028426284
0.0028750025
0.002905823
0.0029350896
0.0029628268
0.0029890713
0.0030138445
0.0030371726
0.0030590615
0.0030794809
0.003098373
0.0031156881
0.0031314109
0.0031454696
0.0031579267
0.0031687957
0.003178081
0.0031858028
0.0031919815
0.0031966332
0.0031997697
0.0032013984
0.0032015218
0.0032001345
0.0031972423
0.0031928522
0.0031869756
0.0031796384
0.0031708824
0.0031607453
0.0031492706
0.0031364971
0.003122454
0.0031071638
0.003090641
0.0030728982
0.0030539623
0.0030339091
)
;
    }
    frontAndBack
    {
        type            empty;
    }
    procBoundary6to2
    {
        type            processor;
        value           nonuniform List<scalar> 
44
(
0.0079835072
0.0078838411
0.0077855817
0.0076886206
0.0075928567
0.0074981982
0.007404559
0.0073118595
0.0072200251
0.0071289868
0.0070386797
0.0069490438
0.0068600225
0.0067715634
0.0066836171
0.0065961379
0.0065090824
0.0064224109
0.0063360854
0.006250071
0.0061643344
0.0060788456
0.0059935769
0.0059085027
0.0058236003
0.0057388472
0.0056542276
0.0055697321
0.0054853461
0.0054010537
0.0053168418
0.0052327014
0.0051486288
0.0050646231
0.0049806863
0.0048968216
0.004813034
0.0047293289
0.0046457136
0.004562196
0.0044787861
0.0043954953
0.0043123374
0.0042293282
)
;
    }
    procBoundary6to3
    {
        type            processor;
        value           nonuniform List<scalar> 8(0.0088482252 0.0087320009 0.0086184939 0.0085074862 0.0083987783 0.0082921843 0.0081875414 0.0080846959);
    }
    procBoundary6to5
    {
        type            processor;
        value           nonuniform List<scalar> 
74
(
0.0030110892
0.0022318146
0.0018735074
0.0016884646
0.0016474382
0.0016993034
0.0017979689
0.0019145957
0.0022291434
0.0020338969
0.002189
0.0022291434
0.002340838
0.0024442049
0.0025397434
0.0026281872
0.002710229
0.0027864331
0.0028572357
0.002922977
0.0030403142
0.0030403142
0.0030982862
0.0031518841
0.0032013233
0.0033089159
0.0033089159
0.0033519978
0.0033915103
0.0034276678
0.0035275788
0.0035275788
0.0035587404
0.0035871128
0.0036128915
0.0036362637
0.003657408
0.0036764937
0.0036936811
0.003709121
0.0037229557
0.0037353174
0.0037463309
0.0037561104
0.0037647634
0.0037723867
0.0040206274
0.0039419265
0.0037790704
0.0038633439
0.0040206274
0.0041060662
0.0041060662
0.0041118807
0.0041169216
0.0041212507
0.0041249286
0.0041280128
0.0041305638
0.0041326424
0.0041343155
0.0041356525
0.0041367288
0.0041376218
0.0041384118
0.0041391768
0.0041399908
0.0041409121
0.0041419736
0.0041432238
0.0041444275
0.0041453958
0.0041460746
0.0041464349
)
;
    }
    procBoundary6to7
    {
        type            processor;
        value           nonuniform List<scalar> 
73
(
0.0021686015
0.0012362546
0.0012745947
0.0015320088
0.0018416522
0.0021406758
0.0024152312
0.0026667363
0.0029011659
0.0031240239
0.0033389302
0.0035478338
0.0037516279
0.0039506574
0.0041450251
0.0043347448
0.004519804
0.0047001845
0.0048758639
0.0050468135
0.0052129957
0.0053743626
0.0055308573
0.0056824146
0.0058289783
0.0059704566
0.0061068196
0.0062379792
0.006363905
0.0064845675
0.006599953
0.0067100724
0.0068149288
0.0069145993
0.0070091205
0.0070984202
0.0072995403
0.0072416571
0.0071826909
0.0071826909
0.0074464641
0.0075313554
0.0076111602
0.0076859862
0.0077559567
0.0078212053
0.0078818756
0.0079381167
0.0079900848
0.0080379379
0.0080818412
0.008121961
0.0085468091
0.0084476026
0.0083498767
0.0082535333
0.0081584738
0.0081584738
0.0086914018
0.0087310439
0.0087667598
0.0087987823
0.0088273441
0.0088526769
0.008875
0.0088945197
0.0089114234
0.0089258883
0.0089390093
0.0089502718
0.008958793
0.0089645151
0.0089673939
)
;
    }
}


// ************************************************************************* //
