/*--------------------------------*- C++ -*----------------------------------*\
| =========                 |                                                 |
| \\      /  F ield         | OpenFOAM: The Open Source CFD Toolbox           |
|  \\    /   O peration     | Version:  2312                                  |
|   \\  /    A nd           | Website:  www.openfoam.com                      |
|    \\/     M anipulation  |                                                 |
\*---------------------------------------------------------------------------*/
FoamFile
{
    version     2.0;
    format      ascii;
    arch        "LSB;label=32;scalar=64";
    class       volScalarField;
    location    "0.05";
    object      H2O;
}
// * * * * * * * * * * * * * * * * * * * * * * * * * * * * * * * * * * * * * //

dimensions      [0 0 0 0 0 0 0];

internalField   nonuniform List<scalar> 
3250
(
0.020880832
0.020615249
0.020337767
0.02004908
0.019749837
0.019440691
0.019122312
0.018795385
0.018460603
0.018118669
0.017770289
0.017416173
0.017057026
0.016693551
0.016326444
0.015956389
0.015584059
0.015210113
0.01483519
0.014459913
0.014084883
0.013710678
0.013337855
0.012966942
0.012598443
0.012232837
0.011870573
0.011512074
0.011157734
0.010807919
0.010462969
0.010123192
0.0097888735
0.0094602683
0.0091376063
0.0088210912
0.0085109013
0.0082071907
0.0079100893
0.007619704
0.0073361186
0.0070593942
0.0067895675
0.0065266508
0.020989737
0.020722628
0.020443558
0.020153212
0.019852234
0.019541281
0.019221026
0.018892156
0.018555371
0.018211378
0.017860888
0.017504616
0.017143274
0.016777569
0.016408203
0.016035867
0.015661239
0.015284983
0.014907745
0.014530152
0.014152811
0.013776305
0.013401195
0.013028015
0.012657273
0.01228945
0.011925002
0.011564352
0.0112079
0.010856015
0.010509037
0.010167279
0.0098310264
0.0095005374
0.0091760429
0.008857748
0.0085458322
0.0082404508
0.0079417351
0.0076497942
0.0073647153
0.0070865648
0.0068153826
0.0065511502
0.021192615
0.020922822
0.020640909
0.020347568
0.020043447
0.01972921
0.019405537
0.019073123
0.018732675
0.01838491
0.01803055
0.017670318
0.017304937
0.016935125
0.016561595
0.016185047
0.015806171
0.015425641
0.015044113
0.014662226
0.014280595
0.013899814
0.013520451
0.01314305
0.012768127
0.012396172
0.012027646
0.011662982
0.011302582
0.010946823
0.01059605
0.010250581
0.0099107045
0.0095766825
0.0092487489
0.0089271115
0.0086119519
0.008303427
0.0080016697
0.0077067896
0.0074188744
0.00713799
0.0068641751
0.0065974078
0.021475686
0.021202275
0.02091652
0.020619115
0.020310719
0.019992004
0.019663659
0.019326392
0.018980921
0.018627975
0.01826829
0.017902602
0.017531649
0.017156164
0.016776873
0.016394493
0.016009728
0.015623267
0.015235781
0.014847922
0.01446032
0.014073583
0.013688291
0.013305
0.01292424
0.01254651
0.012172282
0.011801998
0.011436071
0.011074884
0.010718791
0.010368115
0.010023152
0.0096841686
0.0093514029
0.0090250666
0.0087053444
0.0083923956
0.0080863549
0.0077873332
0.0074954185
0.0072106765
0.0069331452
0.0066628001
0.021826504
0.021548754
0.021258376
0.020956071
0.020642506
0.020318364
0.019984348
0.019641176
0.019289582
0.018930311
0.018564114
0.018191746
0.01781396
0.017431509
0.017045137
0.016655578
0.016263557
0.01586978
0.015474937
0.015079697
0.01468471
0.014290597
0.013897958
0.013507364
0.013119359
0.012734457
0.012353144
0.011975872
0.011603068
0.011235124
0.010872404
0.01051524
0.010163935
0.0098187625
0.0094799667
0.0091477639
0.0088223431
0.0085038667
0.0081924718
0.0078882708
0.0075913528
0.0073017836
0.0070196007
0.0067447776
0.022233795
0.021951168
0.021655581
0.02134774
0.021028321
0.020698018
0.020357548
0.020007644
0.019649058
0.01928255
0.018908891
0.018528855
0.018143217
0.017752748
0.017358215
0.016960376
0.016559973
0.016157737
0.015754379
0.015350589
0.014947037
0.014544366
0.014143194
0.013744112
0.013347681
0.012954432
0.012564866
0.012179452
0.011798629
0.011422803
0.011052349
0.010687609
0.010328895
0.0099764904
0.0096306451
0.0092915818
0.0089594945
0.0086345495
0.008316887
0.0080066216
0.0077038436
0.0074086193
0.0071209863
0.0068409163
0.022687363
0.022399482
0.022098268
0.021784428
0.021458649
0.021121637
0.020774122
0.020416857
0.020050607
0.019676155
0.019294291
0.01890581
0.01851151
0.018112187
0.01770863
0.01730162
0.016891927
0.016480305
0.016067488
0.015654192
0.01524111
0.014828907
0.014418225
0.014009675
0.013603838
0.013201266
0.012802478
0.01240796
0.012018167
0.011633519
0.011254403
0.010881177
0.010514161
0.010153649
0.0097998978
0.0094531387
0.009113571
0.008781366
0.0084566674
0.0081395926
0.0078302335
0.0075286573
0.0072349016
0.0069489368
0.023178021
0.022884638
0.02257752
0.022257368
0.021924878
0.02158077
0.021225788
0.020860699
0.020486292
0.020103366
0.019712735
0.019315217
0.018911633
0.018502806
0.01808955
0.017672674
0.017252973
0.016831228
0.016408201
0.015984634
0.015561245
0.015138726
0.014717743
0.01429893
0.013882893
0.013470203
0.013061401
0.012656991
0.012257446
0.011863204
0.011474667
0.011092203
0.010716149
0.010346806
0.0099844438
0.0096292989
0.0092815784
0.008941459
0.0086090888
0.0082845883
0.0079680514
0.0076595466
0.0073591119
0.0070667163
0.023697544
0.023398488
0.023085305
0.022758656
0.02241924
0.022067787
0.021705057
0.021331834
0.020948925
0.020557152
0.020157351
0.019750364
0.01933704
0.018918226
0.018494765
0.018067495
0.017637238
0.017204805
0.016770987
0.016336554
0.015902252
0.015468801
0.015036894
0.01460719
0.014180321
0.013756881
0.013337432
0.012922501
0.01251258
0.012108124
0.011709553
0.011317249
0.010931563
0.010552808
0.010181263
0.0098171749
0.009460758
0.0091121953
0.0087716395
0.0084392148
0.0081150177
0.0077991181
0.0074915543
0.0071922947
0.024801301
0.024527801
0.024238372
0.023933697
0.023614416
0.023281199
0.022934756
0.022575829
0.022205194
0.021823652
0.021432029
0.02103117
0.020621933
0.020205188
0.019781809
0.019352671
0.018918647
0.018480603
0.018039393
0.017595858
0.017150819
0.016705077
0.016259408
0.015814561
0.015371257
0.014930184
0.014491999
0.014057322
0.01362674
0.013200802
0.01278002
0.012364868
0.011955786
0.011553172
0.01115739
0.010768767
0.010387593
0.010014125
0.0096485862
0.0092911653
0.0089420209
0.0086012812
0.0082690455
0.0079453853
0.0076303398
0.0073238768
0.025366663
0.025088518
0.024794019
0.02448378
0.024158438
0.023818669
0.023465191
0.02309876
0.022720166
0.022330228
0.021929791
0.021519723
0.021100905
0.020674234
0.02024061
0.019800939
0.019356122
0.018907057
0.01845463
0.017999712
0.017543157
0.017085797
0.016628441
0.016171868
0.015716829
0.015264042
0.01481419
0.014367923
0.01392585
0.013488545
0.013056544
0.012630341
0.012210393
0.011797118
0.011390894
0.010992062
0.010600925
0.010217751
0.0098427703
0.0094761802
0.009118145
0.0087687971
0.008428239
0.0080965442
0.0077737529
0.0074598325
0.025940685
0.025658099
0.025358665
0.02504298
0.02471168
0.024365446
0.024005004
0.023631122
0.023244602
0.022846282
0.022437027
0.022017725
0.021589283
0.021152622
0.020708673
0.020258369
0.019802643
0.019342424
0.018878631
0.018412167
0.017943919
0.017474753
0.01700551
0.016537001
0.016070008
0.01560528
0.01514353
0.014685434
0.014231629
0.013782716
0.01333925
0.01290175
0.012470693
0.012046514
0.011629608
0.011220331
0.010818998
0.010425889
0.010041244
0.0096652668
0.0092981294
0.0089399684
0.0085908899
0.0082509693
0.0079202481
0.0075986935
0.026518209
0.026231378
0.025927189
0.025606227
0.025269129
0.024916577
0.024549305
0.024168091
0.023773752
0.02336714
0.022949141
0.022520664
0.022082641
0.021636019
0.021181756
0.020720815
0.020254161
0.019782754
0.019307546
0.018829475
0.018349462
0.017868405
0.017387179
0.01690663
0.01642757
0.015950781
0.015477005
0.015006948
0.014541276
0.014080612
0.013625539
0.013176598
0.012734285
0.012299056
0.011871323
0.011451457
0.011039787
0.010636603
0.010242156
0.0098566599
0.0094802908
0.0091131915
0.0087554713
0.0084072081
0.0080684448
0.0077391486
0.027094712
0.026803855
0.026495127
0.026169098
0.025826402
0.025467726
0.02509381
0.024705439
0.024303444
0.023888694
0.023462092
0.023024569
0.022577081
0.022120599
0.021656111
0.02118461
0.020707092
0.020224549
0.019737967
0.019248317
0.018756555
0.018263615
0.017770404
0.017277801
0.016786655
0.016297777
0.015811941
0.015329884
0.014852297
0.014379834
0.013913101
0.013452662
0.012999037
0.012552698
0.012114078
0.011683561
0.011261493
0.010848175
0.010443868
0.010048794
0.0096631368
0.0092870444
0.0089206301
0.0085639742
0.0082171208
0.0078800377
0.027666294
0.027371652
0.027058624
0.026727765
0.026379706
0.026015135
0.025634798
0.025239489
0.02483005
0.024407364
0.023972354
0.02352597
0.023069191
0.022603016
0.022128459
0.021646543
0.021158295
0.020664741
0.020166899
0.019665775
0.01916236
0.018657621
0.018152502
0.017647916
0.017144743
0.01664383
0.016145982
0.015651965
0.015162501
0.014678269
0.014199902
0.013727989
0.013263069
0.012805639
0.012356145
0.011914991
0.011482536
0.011059093
0.010644935
0.010240292
0.0098453557
0.0094602789
0.0090851789
0.0087201388
0.0083652044
0.0080203439
0.02822963
0.027931458
0.027614385
0.027278953
0.026925787
0.026555577
0.026169072
0.025767075
0.025350439
0.02492006
0.024476878
0.024021864
0.02355602
0.023080369
0.022595953
0.022103824
0.021605041
0.021100661
0.020591736
0.020079308
0.0195644
0.019048017
0.018531135
0.018014704
0.017499637
0.016986813
0.01647707
0.015971205
0.015469969
0.01497407
0.014484166
0.01400087
0.013524744
0.013056305
0.012596018
0.012144305
0.011701537
0.011268042
0.010844102
0.010429958
0.010025807
0.0096318093
0.0092480857
0.0088747221
0.0085117657
0.0081591855
0.028781916
0.028480484
0.02815963
0.027819891
0.027461889
0.027086313
0.026693915
0.026285505
0.025861944
0.025424145
0.024973062
0.024509685
0.024035038
0.02355017
0.023056148
0.022554055
0.02204498
0.021530011
0.021010234
0.020486725
0.019960543
0.019432726
0.018904286
0.018376207
0.017849436
0.017324887
0.016803428
0.016285888
0.015773049
0.015265643
0.014764359
0.014269831
0.013782646
0.01330334
0.012832398
0.012370258
0.011917307
0.011473885
0.011040286
0.010616759
0.01020351
0.0098007029
0.0094084645
0.0090268828
0.008656007
0.0082958068
0.029320816
0.029016409
0.028692045
0.028348272
0.027985711
0.027605051
0.027207047
0.026792514
0.026362323
0.025917397
0.025458706
0.024987261
0.024504105
0.024010311
0.023506974
0.022995202
0.022476116
0.021950837
0.021420483
0.020886163
0.02034897
0.019809977
0.019270233
0.018730753
0.018192522
0.017656483
0.01712354
0.01659455
0.016070325
0.015551628
0.015039171
0.014533614
0.014035567
0.013545587
0.013064178
0.012591793
0.012128836
0.011675659
0.011232568
0.010799821
0.010377631
0.0099661682
0.0095655637
0.0091759083
0.0087972532
0.0084295686
0.030130875
0.029844541
0.029537365
0.029209741
0.028862201
0.028495361
0.028109905
0.027706589
0.027286233
0.026849715
0.026397972
0.025931987
0.025452787
0.024961438
0.024459034
0.023946697
0.023425563
0.02289678
0.022361502
0.021820879
0.021276053
0.020728152
0.020178283
0.019627527
0.019076938
0.01852753
0.017980281
0.017436127
0.016895957
0.01636061
0.015830879
0.015307501
0.014791162
0.014282494
0.013782074
0.013290426
0.01280802
0.012335274
0.011872554
0.011420177
0.010978409
0.010547473
0.010127544
0.0097187561
0.0093212046
0.0089349418
0.0085599392
0.030639905
0.030351523
0.030041827
0.029711199
0.02936016
0.028989317
0.028599352
0.02819102
0.027765145
0.027322613
0.02686437
0.026391413
0.025904787
0.025405576
0.024894897
0.024373896
0.023843736
0.023305595
0.022760656
0.022210101
0.021655104
0.021096828
0.020536412
0.019974973
0.019413596
0.018853331
0.018295188
0.017740133
0.017189087
0.016642919
0.016102448
0.015568438
0.015041599
0.014522586
0.014011997
0.013510374
0.013018205
0.012535922
0.012063904
0.011602479
0.011151923
0.010712464
0.010284287
0.0098675278
0.009462285
0.009068613
0.0086864842
0.031130784
0.030840603
0.030528626
0.030195242
0.029840962
0.029466388
0.029072196
0.028659143
0.028228053
0.027779821
0.0273154
0.026835801
0.026342084
0.025835352
0.025316745
0.02478743
0.024248598
0.023701454
0.023147211
0.022587081
0.022022271
0.021453976
0.020883369
0.020311599
0.019739786
0.019169011
0.018600316
0.018034701
0.017473113
0.016916453
0.016365566
0.015821243
0.015284217
0.014755166
0.014234707
0.013723403
0.013221757
0.012730215
0.012249171
0.011778963
0.011319876
0.010872146
0.010435962
0.010011467
0.0095987609
0.0091978998
0.0088088575
0.031602661
0.031310926
0.030996895
0.03066099
0.030303719
0.029925675
0.029527534
0.029110047
0.028674044
0.028220422
0.027750145
0.027264235
0.026763767
0.026249862
0.02572368
0.025186411
0.02463927
0.024083491
0.023520314
0.022950983
0.022376734
0.021798794
0.02121837
0.020636643
0.020054764
0.019473848
0.018894968
0.018319153
0.017747382
0.017180584
0.016619629
0.016065335
0.015518458
0.014979698
0.014449694
0.013929025
0.01341821
0.012917712
0.012427936
0.01194923
0.011481891
0.01102616
0.010582232
0.010150255
0.009730331
0.0093225185
0.0089267921
0.032325399
0.03205512
0.031761934
0.031446038
0.031107828
0.030747802
0.030366541
0.029964716
0.029543077
0.029102454
0.02864375
0.028167935
0.027676044
0.027169164
0.026648434
0.026115033
0.025570173
0.025015095
0.024451056
0.023879325
0.023301174
0.022717872
0.022130675
0.021540821
0.020949524
0.020357967
0.019767294
0.019178611
0.018592977
0.018011399
0.017434832
0.016864176
0.016300271
0.015743899
0.015195779
0.014656571
0.01412687
0.013607215
0.01309808
0.012599882
0.012112983
0.011637685
0.011174239
0.010722845
0.010283654
0.0098567723
0.0094422596
0.0090400915
0.032758855
0.032487703
0.032193247
0.031875675
0.031535369
0.03117281
0.030788572
0.030383319
0.029957799
0.029512842
0.029049355
0.028568315
0.028070767
0.027557812
0.027030603
0.026490339
0.025938254
0.025375609
0.024803688
0.024223787
0.023637206
0.023045243
0.022449184
0.021850297
0.021249828
0.020648988
0.020048956
0.019450865
0.018855802
0.018264805
0.017678855
0.017098878
0.016525737
0.015960237
0.01540312
0.014855062
0.014316679
0.013788522
0.013271082
0.012764788
0.012270009
0.01178706
0.011316197
0.010857625
0.0104115
0.0099779308
0.0095569789
0.0091486211
0.033172093
0.032900258
0.032604699
0.03228563
0.03194342
0.031578539
0.031191552
0.030783115
0.030353974
0.029904958
0.029436978
0.028951018
0.028448131
0.02792943
0.027396085
0.026849311
0.026290361
0.025720521
0.025141097
0.024553412
0.023958791
0.023358562
0.022754039
0.022146522
0.021537283
0.020927566
0.020318576
0.019711479
0.019107388
0.018507369
0.017912429
0.017323518
0.016741525
0.016167276
0.015601532
0.015044989
0.01449828
0.013961972
0.013436569
0.01292251
0.012420177
0.011929891
0.011451917
0.010986464
0.010533692
0.010093713
0.0096665899
0.0092523008
0.033565155
0.033292807
0.032996298
0.032675895
0.032331962
0.031964956
0.031575433
0.031164044
0.030731529
0.030278719
0.029806526
0.02931594
0.028808023
0.0282839
0.027744753
0.027191815
0.026626359
0.02604969
0.025463139
0.024868052
0.024265782
0.023657682
0.023045096
0.022429349
0.021811746
0.021193557
0.020576018
0.019960319
0.019347604
0.018738964
0.018135432
0.017537983
0.016947526
0.016364911
0.015790918
0.015226261
0.014671589
0.014127485
0.013594464
0.01307298
0.012563422
0.01206612
0.011581344
0.011109312
0.010650185
0.010204078
0.0097710557
0.0093510975
0.034186823
0.033938414
0.033665551
0.033368205
0.033046612
0.032701118
0.03233217
0.031940312
0.031526188
0.031090536
0.030634183
0.030158046
0.029663119
0.029150471
0.028621238
0.028076617
0.027517854
0.026946242
0.026363106
0.025769798
0.025167688
0.024558154
0.023942575
0.023322322
0.022698748
0.022073183
0.021446929
0.020821246
0.020197352
0.019576419
0.018959561
0.018347836
0.017742243
0.017143715
0.016553119
0.015971256
0.015398858
0.014836589
0.014285046
0.013744758
0.013216189
0.012699737
0.012195741
0.011704478
0.011226169
0.010760981
0.010309029
0.0098703822
0.0094450189
0.034540563
0.03429203
0.034018757
0.033720687
0.033398036
0.033051133
0.032680411
0.032286406
0.031869752
0.031431185
0.03097153
0.030491705
0.029992709
0.029475619
0.028941579
0.0283918
0.027827543
0.027250116
0.026660866
0.026061164
0.025452403
0.024835985
0.024213315
0.023585787
0.022954782
0.022321657
0.021687739
0.021054316
0.020422632
0.019793882
0.019169207
0.018549689
0.017936348
0.017330138
0.016731946
0.016142592
0.015562825
0.014993324
0.0144347
0.013887494
0.01335218
0.012829167
0.0123188
0.011821362
0.01133708
0.010866123
0.01040861
0.0099646119
0.009534108
0.034874945
0.034626387
0.034352801
0.034054113
0.033730525
0.033382351
0.033010012
0.032614033
0.032195042
0.031753769
0.03129104
0.030807772
0.030304968
0.029783711
0.029245157
0.028690525
0.028121093
0.027538185
0.026943163
0.026337422
0.025722374
0.025099445
0.024470061
0.023835645
0.0231976
0.022557309
0.021916125
0.02127536
0.020636284
0.020000117
0.019368023
0.018741106
0.018120407
0.017506902
0.016901497
0.016305028
0.015718262
0.015141892
0.014576542
0.014022764
0.013481044
0.012951799
0.01243538
0.011932078
0.011442123
0.010965689
0.010502896
0.010053817
0.0096184384
0.035190493
0.034941968
0.034668148
0.034368935
0.034044519
0.0336952
0.033321387
0.032923595
0.032502447
0.032058666
0.031593076
0.031106597
0.030600233
0.030075075
0.029532286
0.028973098
0.028398799
0.02781073
0.027210271
0.026598834
0.025977854
0.025348776
0.02471305
0.024072121
0.023427419
0.022780349
0.022132288
0.021484573
0.020838499
0.020195307
0.019556184
0.018922256
0.018294586
0.017674167
0.017061925
0.016458713
0.015865313
0.015282431
0.014710705
0.014150699
0.013602907
0.013067754
0.0125456
0.01203674
0.011541409
0.011059784
0.010591987
0.010138095
0.0096981064
0.035487763
0.035239317
0.034965325
0.034665668
0.03434052
0.033990171
0.033615016
0.033215561
0.032792422
0.032346318
0.031878071
0.031388599
0.030878913
0.030350106
0.02980335
0.029239887
0.028661019
0.028068099
0.027462525
0.026845726
0.026219156
0.025584282
0.024942575
0.024295502
0.023644514
0.022991043
0.022336486
0.021682204
0.021029515
0.020379682
0.019733913
0.019093357
0.018459093
0.017832136
0.017213427
0.016603836
0.016004159
0.015415117
0.01483736
0.014271461
0.013717924
0.013177183
0.012649604
0.012135488
0.011635073
0.011148538
0.010676009
0.01021756
0.0097732009
0.0093428634
0.035767353
0.035519021
0.035244911
0.034944879
0.034619086
0.034267808
0.033891432
0.033490452
0.033065478
0.032617224
0.03214651
0.031654254
0.031141468
0.030609252
0.030058786
0.029491319
0.028908166
0.028310693
0.027700314
0.027078475
0.026446648
0.025806319
0.02515898
0.024506119
0.023849209
0.023189702
0.02252902
0.021868545
0.021209615
0.020553516
0.019901476
0.019254662
0.018614175
0.017981044
0.01735623
0.016740616
0.016135013
0.015540155
0.014956702
0.014385239
0.013826279
0.013280263
0.012747562
0.012228483
0.011723269
0.011232101
0.010755105
0.010292359
0.0098438814
0.0094095924
0.036029891
0.035781703
0.035507518
0.03520717
0.034880808
0.034528696
0.034151207
0.03374883
0.033322166
0.032871923
0.03239892
0.031904075
0.031388403
0.030853007
0.030299073
0.029727861
0.029140695
0.028538956
0.02792407
0.027297501
0.026660736
0.026015282
0.025362648
0.024704344
0.024041862
0.023376676
0.022710228
0.022043922
0.021379115
0.020717113
0.020059166
0.019406457
0.018760105
0.018121157
0.017490589
0.016869299
0.016258111
0.015657771
0.015068951
0.014492245
0.013928173
0.013377185
0.012839658
0.012315903
0.011806167
0.011310634
0.010829433
0.010362639
0.0099102786
0.0094722771
0.036276032
0.036028009
0.035753785
0.035453173
0.035126309
0.034773445
0.034394944
0.033991287
0.033563066
0.033110986
0.032635862
0.032138612
0.031620254
0.031081893
0.030524724
0.029950013
0.029359095
0.028753362
0.028134256
0.027503253
0.026861859
0.026211596
0.025553993
0.024890578
0.024222863
0.023552342
0.022880476
0.022208688
0.021538356
0.020870805
0.020207301
0.019549048
0.01889718
0.018252761
0.01761678
0.01699015
0.016373708
0.015768212
0.015174342
0.014592703
0.014023823
0.013468158
0.012926091
0.012397939
0.01188395
0.011384313
0.010899157
0.010428559
0.0099725465
0.0095310508
0.036506445
0.036258602
0.035984367
0.035683533
0.035356226
0.035002685
0.034623265
0.034218434
0.033788781
0.033335004
0.032857916
0.032358436
0.031837579
0.03129646
0.030736274
0.030158298
0.029563876
0.028954412
0.028331358
0.027696206
0.027050477
0.02639571
0.025733451
0.025065245
0.024392623
0.023717098
0.023040148
0.022363217
0.0216877
0.02101494
0.020346221
0.019682762
0.019025715
0.018376158
0.017735094
0.01710345
0.016482074
0.015871735
0.015273123
0.014686852
0.014113457
0.0135534
0.013007071
0.012474789
0.011956808
0.011453317
0.01096445
0.010490282
0.010030841
0.0095860629
0.036721805
0.036474151
0.036199927
0.035898908
0.035571209
0.035217059
0.034836802
0.034430898
0.033999926
0.033544584
0.03306568
0.03256413
0.032040955
0.03149727
0.030934276
0.030353258
0.029755568
0.029142621
0.02851588
0.027876851
0.02722707
0.02656809
0.025901474
0.025228784
0.024551569
0.023871357
0.023189647
0.022507897
0.021827522
0.021149881
0.020476274
0.019807937
0.019146035
0.018491661
0.017845833
0.017209489
0.016583487
0.015968608
0.015365551
0.014774938
0.01419731
0.013633137
0.013082812
0.012546659
0.012024936
0.011517835
0.011025488
0.010547975
0.010085323
0.0096374678
0.036922789
0.036675329
0.03640113
0.036099956
0.035771911
0.035417213
0.035036195
0.034629308
0.034197125
0.033740339
0.033259755
0.03275629
0.032230964
0.031684895
0.031119292
0.030535442
0.029934708
0.029318514
0.028688335
0.028045689
0.027392125
0.026729211
0.026058526
0.025381646
0.024700137
0.024015544
0.023329381
0.022643126
0.021958206
0.021275999
0.020597819
0.019924917
0.019258473
0.018599593
0.017949306
0.017308562
0.016678232
0.016059104
0.015451888
0.01485721
0.014275622
0.013707597
0.013153534
0.01261376
0.012088535
0.011578056
0.011082455
0.010601812
0.010136155
0.0096854218
0.037110067
0.036862802
0.036588638
0.036287334
0.035958984
0.035603792
0.035222081
0.034814295
0.034381001
0.033922884
0.03344075
0.032935512
0.032408193
0.031859913
0.031291885
0.030705404
0.030101839
0.029482623
0.028849242
0.028203227
0.027546137
0.026879555
0.026205073
0.025524284
0.024838768
0.024150086
0.023459768
0.022769305
0.022080142
0.02139367
0.020711219
0.020034053
0.019363366
0.018700276
0.018045824
0.017400971
0.016766597
0.0161435
0.015532398
0.014933924
0.014348636
0.013777013
0.013219457
0.012676301
0.012147806
0.011634171
0.011135531
0.010651965
0.010183503
0.0097300814
0.037284298
0.037037228
0.036763103
0.036461691
0.036133071
0.035777436
0.035395096
0.034986488
0.034552172
0.034092831
0.033609265
0.03310239
0.032573226
0.032022897
0.031452621
0.030863697
0.030257502
0.029635478
0.02899912
0.028349969
0.027689598
0.027019602
0.026341585
0.025657155
0.024967906
0.024275414
0.023581222
0.022886838
0.022193719
0.021503272
0.020816838
0.020135697
0.019461053
0.018794037
0.0181357
0.017487015
0.01684887
0.016222072
0.015607345
0.015005332
0.014416594
0.013841615
0.013280803
0.012734493
0.01220295
0.011686372
0.011184898
0.010698607
0.010227529
0.0097716019
0.037446116
0.03719925
0.036925165
0.036623665
0.036294808
0.035938773
0.035555863
0.035146504
0.034711252
0.034250784
0.033765899
0.033257511
0.032726642
0.032174418
0.031602059
0.031010871
0.030402237
0.029777607
0.029138485
0.028486422
0.027823002
0.027149831
0.026468529
0.025780713
0.025087992
0.024391955
0.02369416
0.022996126
0.022299326
0.021605178
0.020915039
0.020230196
0.019551869
0.018881198
0.018219246
0.017566993
0.016925338
0.016295095
0.015676994
0.015071686
0.014479736
0.013901634
0.013337791
0.012788545
0.012254163
0.011734848
0.011230735
0.010741908
0.010268396
0.0098101368
0.037596126
0.037349485
0.03707545
0.03677388
0.036444816
0.036088423
0.035704995
0.03529495
0.03485884
0.034397337
0.033911238
0.033401455
0.032869012
0.032315035
0.03174075
0.031147466
0.030536574
0.029909528
0.029267844
0.028613081
0.027946832
0.027270717
0.026586364
0.025895405
0.025199461
0.024500132
0.02379899
0.023097566
0.022397347
0.021699761
0.021006178
0.020317897
0.019636148
0.018962081
0.018296769
0.017641201
0.016996284
0.016362838
0.015741603
0.015133233
0.014538299
0.013957295
0.013390636
0.012838662
0.012301644
0.011779783
0.01127322
0.010782037
0.010306263
0.0098458371
0.037734914
0.037488526
0.037214564
0.036912945
0.036583702
0.036226988
0.03584309
0.035432421
0.034995524
0.034533072
0.034045856
0.033534788
0.033000893
0.0324453
0.031869235
0.031274014
0.030661033
0.030031753
0.029387698
0.028730434
0.028061567
0.027382724
0.026695545
0.026001673
0.025302741
0.024600361
0.023896115
0.023191549
0.022488159
0.021787385
0.021090608
0.020399139
0.019714215
0.019036999
0.01836857
0.017709928
0.017061984
0.01642557
0.015801427
0.015190217
0.014592515
0.01400882
0.013439549
0.012885046
0.012345582
0.011821362
0.011312526
0.010819156
0.010341285
0.0098788498
0.038439274
0.038274074
0.038082027
0.037863209
0.03761699
0.037343106
0.037041454
0.036712055
0.036355055
0.035970731
0.035559492
0.035121877
0.034658553
0.034170311
0.033658062
0.03312283
0.032565747
0.031988041
0.031391034
0.030776124
0.030144781
0.029498534
0.02883896
0.028167672
0.027486306
0.026796514
0.026099948
0.025398251
0.024693047
0.023985931
0.023278456
0.022572131
0.021868407
0.021168673
0.020474252
0.01978639
0.019106258
0.018434945
0.017773456
0.017122712
0.016483548
0.015856714
0.015242875
0.014642612
0.014056425
0.013484737
0.012927892
0.012386165
0.011859761
0.01134882
0.010853427
0.010373614
0.0099093184
0.038694913
0.038556256
0.038391583
0.038200071
0.037981505
0.037735455
0.037461654
0.037159982
0.036830448
0.036473191
0.036088482
0.035676724
0.035238452
0.03477433
0.034285147
0.033771812
0.033235352
0.032676898
0.032097682
0.031499028
0.030882341
0.030249096
0.029600829
0.028939124
0.028265601
0.027581907
0.026889702
0.026190649
0.0254864
0.024778589
0.02406882
0.023358659
0.022649623
0.021943173
0.021240709
0.020543561
0.019852985
0.019170159
0.018496181
0.017832062
0.017178731
0.016537027
0.015907707
0.015291439
0.014688809
0.014100321
0.013526399
0.012967392
0.012423574
0.011895151
0.011382267
0.010885004
0.010403396
0.0099373817
0.038802144
0.038663971
0.038499745
0.038308653
0.038090354
0.03784448
0.037570766
0.037269083
0.036939432
0.036581945
0.036196887
0.035784657
0.035345785
0.034880933
0.034390888
0.033876559
0.033338971
0.032779257
0.032198653
0.031598486
0.030980164
0.030345169
0.029695042
0.029031374
0.028355794
0.027669956
0.026975529
0.026274184
0.025567583
0.024857369
0.024145157
0.02343252
0.022720985
0.022012022
0.021307041
0.020607379
0.0199143
0.019228991
0.018552556
0.017886013
0.017230296
0.016586252
0.015954639
0.015336133
0.014731321
0.014140712
0.013564731
0.013003729
0.012457984
0.011927701
0.011413024
0.010914037
0.010430774
0.0099631737
0.03890061
0.038762887
0.038599069
0.038408339
0.038190302
0.037944602
0.037670977
0.037369291
0.037039538
0.036681845
0.036296471
0.035883812
0.035444394
0.034978876
0.034488043
0.033972803
0.033434181
0.032873313
0.032291436
0.03168988
0.031070057
0.030433455
0.02978162
0.029116149
0.028438678
0.027750869
0.027054399
0.026350947
0.025642183
0.02492976
0.0242153
0.023500386
0.022786553
0.02207528
0.021367983
0.020666008
0.019970628
0.019283035
0.018604339
0.017935567
0.017277656
0.016631458
0.015997737
0.015377171
0.014770353
0.014177793
0.013599918
0.013037083
0.012489564
0.01195757
0.011441244
0.010940671
0.010455883
0.0099868235
0.038990832
0.038853515
0.038690069
0.038499662
0.038281871
0.038036339
0.037762801
0.037461117
0.037131276
0.036773398
0.03638774
0.035974691
0.035534776
0.03506865
0.034577098
0.034061025
0.033521459
0.032959535
0.032376492
0.031773664
0.031152467
0.030514392
0.029860991
0.029193867
0.028514663
0.027825047
0.027126703
0.026421318
0.025710571
0.024996121
0.024279599
0.023562596
0.022846654
0.02213326
0.021423838
0.020719742
0.02002225
0.019332561
0.018651791
0.017980972
0.017321048
0.016672874
0.016037219
0.015414763
0.014806104
0.014211753
0.013632142
0.013067624
0.012518478
0.011984914
0.011467074
0.010965043
0.010478856
0.010008455
0.039073301
0.038936349
0.038773239
0.038583122
0.03836556
0.038120185
0.037846732
0.037545053
0.037215135
0.036857092
0.036471176
0.036057775
0.035617408
0.035150729
0.034658521
0.03414169
0.033601261
0.033038373
0.032454266
0.031850276
0.031227823
0.030588401
0.029933569
0.029264934
0.028584144
0.027892875
0.027192817
0.026485664
0.025773102
0.025056797
0.024338388
0.023619472
0.0229016
0.022186266
0.0214749
0.020768862
0.020069436
0.019377829
0.018695161
0.018022469
0.017360702
0.016710719
0.016073293
0.015449109
0.014838765
0.014242775
0.013661574
0.013095516
0.012544881
0.012009879
0.011490654
0.010987289
0.010499819
0.010028187
0.039148481
0.039011857
0.038849051
0.038659195
0.038441841
0.038196613
0.037923239
0.037621569
0.037291582
0.036933391
0.036547244
0.036133523
0.035692746
0.035225565
0.034732761
0.034215239
0.033674026
0.03311026
0.032525184
0.031920135
0.031296537
0.030655888
0.02999975
0.029329737
0.028647501
0.027954724
0.027253102
0.026544335
0.025830116
0.025112119
0.024391988
0.023671327
0.022951694
0.022234589
0.021521447
0.020813636
0.020112446
0.019419088
0.018734688
0.018060287
0.017396837
0.016745204
0.016106162
0.0154804
0.014868517
0.014271032
0.01368838
0.013120916
0.012568923
0.012032609
0.011512118
0.011007534
0.010518891
0.010046134
0.039216813
0.039080484
0.03891795
0.03872833
0.038511165
0.038266071
0.037992771
0.037691111
0.037361064
0.037002741
0.036616384
0.036202374
0.035761227
0.035293591
0.034800246
0.034282099
0.033740174
0.03317561
0.032589653
0.031983642
0.031359003
0.030717238
0.030059914
0.029388647
0.028705096
0.028010947
0.027307902
0.026597668
0.025881942
0.025162405
0.024440707
0.023718458
0.022997222
0.022278505
0.021563749
0.020854325
0.020151529
0.019456577
0.018770601
0.018094644
0.017429664
0.016776529
0.016136017
0.015508818
0.014895537
0.014296691
0.013712719
0.013143976
0.012590746
0.012053238
0.011531596
0.011025901
0.010536189
0.010062403
0.039278715
0.039142652
0.038980363
0.038790954
0.03857396
0.038328989
0.038055757
0.037754106
0.037424007
0.037065565
0.03667902
0.036264749
0.035823267
0.03535522
0.034861387
0.034342673
0.033800104
0.033234818
0.032648063
0.032041181
0.031415599
0.030772823
0.030114423
0.029442019
0.028757276
0.028061883
0.027357549
0.026645983
0.025928891
0.025207958
0.024484838
0.02376115
0.02303846
0.022318282
0.02160206
0.020891174
0.020186922
0.019490525
0.018803119
0.018125751
0.017459384
0.016804886
0.016163041
0.01553454
0.01491999
0.01431991
0.01373474
0.013164839
0.012610487
0.012071897
0.01154921
0.011042508
0.010551823
0.0100771
0.039334586
0.039198763
0.039036692
0.038847473
0.038630632
0.038385772
0.038112603
0.037810961
0.037480815
0.037122266
0.036735552
0.036321048
0.035879264
0.035410847
0.034916574
0.034397349
0.033854198
0.033288261
0.032700786
0.032093117
0.031466684
0.030822995
0.030163623
0.029490193
0.028804373
0.028107857
0.027402357
0.026689589
0.025971262
0.025249067
0.024524664
0.023799674
0.023075672
0.022354172
0.021636627
0.020924419
0.020218852
0.019521149
0.018832451
0.018153809
0.017486187
0.016830459
0.016187409
0.015557731
0.014942035
0.014340841
0.013754589
0.01318364
0.012628276
0.012088707
0.011565077
0.011057463
0.010565897
0.010090323
0.039384805
0.039249197
0.039087322
0.038898272
0.038681568
0.038436808
0.038163694
0.037862061
0.037531873
0.037173228
0.036786363
0.036371649
0.035929595
0.035460846
0.034966177
0.034446493
0.03390282
0.033336298
0.032748176
0.032139799
0.0315126
0.03086809
0.030207844
0.029533492
0.028846702
0.028149175
0.027442627
0.026728777
0.02600934
0.025286009
0.024560451
0.02383429
0.023109106
0.022386418
0.021667682
0.020954285
0.020247533
0.019548656
0.018858795
0.018179007
0.017510256
0.016853421
0.016209287
0.015578551
0.014961823
0.014359627
0.013772402
0.01320051
0.012644235
0.012103787
0.011579307
0.011070874
0.010578513
0.010102171
0.039429734
0.039294316
0.039132615
0.038943715
0.038727134
0.038482462
0.038209399
0.037907773
0.037577547
0.037218817
0.036831816
0.036416915
0.035974619
0.035505573
0.035010551
0.034490457
0.033946316
0.03337927
0.032790569
0.032181558
0.031553674
0.030908429
0.030247401
0.029572221
0.028884564
0.028186132
0.027478645
0.026763826
0.026043394
0.025319047
0.024592454
0.023865245
0.023139002
0.022415249
0.021695447
0.020980984
0.020273173
0.019573243
0.018882341
0.018201526
0.017531765
0.016873938
0.016228834
0.01559715
0.014979498
0.014376404
0.013788309
0.013215573
0.012658482
0.012117247
0.011592007
0.01108284
0.010589768
0.010112738
0.039469713
0.039334464
0.039172917
0.038984149
0.038767677
0.038523084
0.038250064
0.037948443
0.037618183
0.037259377
0.036872256
0.036457187
0.036014677
0.035545367
0.03505003
0.03452957
0.033985014
0.033417502
0.032828284
0.03221871
0.031590216
0.030944316
0.03028259
0.029606674
0.028918244
0.028219006
0.027510682
0.026795001
0.026073682
0.025348429
0.024620914
0.023892771
0.023165585
0.022440885
0.021720133
0.021004721
0.020295965
0.019595098
0.018903269
0.018221539
0.017550878
0.016892168
0.016246199
0.015613671
0.014995197
0.014391303
0.013802432
0.013228945
0.012671128
0.012129192
0.011603277
0.011093457
0.010599753
0.010122125
0.0096604242
0.039505067
0.039369966
0.039208552
0.039019901
0.038803525
0.038559001
0.038286019
0.037984402
0.03765411
0.037295236
0.036908008
0.036492792
0.036050092
0.035580548
0.035084933
0.03456415
0.034019225
0.0334513
0.032861626
0.032251553
0.031622518
0.030976038
0.030313696
0.029637128
0.028948014
0.028248061
0.027538997
0.026822551
0.026100448
0.025374393
0.024646062
0.023917092
0.023189072
0.022463532
0.021741938
0.021025687
0.020316095
0.019614398
0.018921748
0.018239208
0.017567751
0.016908259
0.016261525
0.01562825
0.015009048
0.014404447
0.013814889
0.013240738
0.012682278
0.012139722
0.011613209
0.011102814
0.010608553
0.010130397
0.0096682255
0.039536103
0.03940113
0.039239831
0.039051281
0.038834989
0.038590526
0.038317575
0.03801596
0.037685639
0.037326705
0.036939382
0.036524037
0.03608117
0.03561142
0.035115561
0.034594494
0.034049245
0.033480957
0.032890882
0.03228037
0.03165086
0.03100387
0.030340986
0.029663845
0.028974129
0.028273549
0.027563834
0.026846716
0.026123924
0.025397163
0.024668115
0.023938418
0.023209664
0.022483387
0.021761054
0.021044064
0.020333737
0.019631312
0.018937941
0.018254689
0.017582532
0.016922353
0.016274947
0.015641015
0.015021174
0.014415951
0.01382579
0.013251055
0.012692031
0.012148931
0.011621894
0.011110995
0.010616249
0.010137631
0.0096750332
0.039563111
0.039428244
0.039267043
0.039078581
0.038862363
0.038617953
0.038345028
0.038043411
0.037713064
0.037354076
0.036966671
0.036551212
0.036108199
0.035638271
0.035142198
0.034620883
0.034075353
0.033506749
0.032916324
0.032305429
0.031675505
0.031028071
0.030364714
0.029687073
0.028996833
0.028295706
0.027585424
0.026867721
0.026144327
0.025416953
0.024687279
0.023956949
0.023227556
0.022500636
0.021777659
0.021060026
0.020349059
0.019645998
0.018951999
0.018268128
0.017595361
0.016934584
0.016286592
0.015652089
0.015031691
0.014425926
0.01383524
0.013259997
0.012700482
0.012156908
0.011629416
0.01111808
0.010622915
0.010143895
0.0096809337
0.0092338764
0.039586366
0.039451584
0.039290462
0.039102077
0.038885923
0.038641559
0.038368654
0.038067033
0.037736661
0.037377625
0.036990149
0.036574592
0.036131454
0.035661371
0.035165114
0.034643585
0.034097811
0.033528935
0.032938208
0.032326983
0.031696702
0.031048885
0.030385119
0.029707048
0.029016355
0.028314757
0.027603985
0.026885778
0.026161865
0.025433961
0.024703749
0.023972873
0.023242929
0.022515454
0.021791923
0.021073735
0.020362216
0.019658608
0.018964068
0.018279662
0.01760637
0.016945077
0.016296581
0.015661585
0.015040707
0.014434476
0.013843338
0.013267656
0.012707719
0.012163737
0.011635853
0.011124142
0.010628619
0.010149256
0.009685978
0.0092386535
0.039606125
0.039471406
0.039310345
0.039122024
0.038905928
0.038661603
0.038388712
0.038087084
0.037756688
0.037397612
0.037010074
0.036594434
0.036151188
0.035680973
0.03518456
0.034662849
0.034116868
0.033547759
0.032956775
0.032345269
0.031714683
0.03106654
0.030402427
0.029723989
0.029032912
0.028330912
0.027619724
0.026901086
0.026176733
0.025448379
0.024717708
0.023986367
0.023255954
0.022528008
0.021804004
0.021085345
0.020373357
0.019669284
0.018974282
0.018289423
0.017615683
0.016953953
0.016305027
0.015669612
0.015048326
0.014441699
0.013850176
0.013274123
0.012713826
0.012169498
0.011641282
0.011129253
0.010633427
0.010153775
0.0096902282
0.0092426572
0.039623938
0.03948926
0.039328245
0.039139982
0.038923939
0.038679653
0.038406769
0.03810513
0.037774711
0.037415597
0.037028003
0.036612287
0.036168944
0.03569861
0.035202055
0.03468018
0.034134011
0.033564692
0.032973476
0.032361716
0.031730856
0.031082417
0.030417991
0.029739222
0.029047797
0.028345434
0.02763387
0.026914845
0.026190094
0.025461332
0.024730248
0.023998488
0.023267652
0.02253928
0.02181485
0.021095766
0.020383354
0.019678861
0.018983444
0.018298175
0.017624032
0.016961906
0.016312594
0.015676801
0.015055147
0.014448163
0.013856293
0.013279904
0.012719283
0.012174644
0.011646128
0.011133814
0.010637717
0.010157807
0.0096940166
0.0092462151
0.039639309
0.039504645
0.039343654
0.039155442
0.03893945
0.038695201
0.038422316
0.038120659
0.037790217
0.037431069
0.037043427
0.036627644
0.036184217
0.03571378
0.035217102
0.034695084
0.034148753
0.033579251
0.032987834
0.032375854
0.031744755
0.031096062
0.030431364
0.029752308
0.029060582
0.028357906
0.027646017
0.026926656
0.026201561
0.025472447
0.024741005
0.024008883
0.023277681
0.022548942
0.021824144
0.021104692
0.020391915
0.019687059
0.018991284
0.01830566
0.01763117
0.016968703
0.016319056
0.015682938
0.015060966
0.014453673
0.013861504
0.013284826
0.012723926
0.012179018
0.011650245
0.011137685
0.010641357
0.010161227
0.0096972263
0.0092492367
0.0088170523
0.039651133
0.039516451
0.039355461
0.039167289
0.038951343
0.03870713
0.038434232
0.038132552
0.037802089
0.037442913
0.037055233
0.0366394
0.036195908
0.03572539
0.035228617
0.034706489
0.034160032
0.033590389
0.032998816
0.032386666
0.031755384
0.031106493
0.030441586
0.029762308
0.02907035
0.028367432
0.027655291
0.026935672
0.026210311
0.025480927
0.024749209
0.024016807
0.023285324
0.022556302
0.02183122
0.021111485
0.020398426
0.019693291
0.018997239
0.018311344
0.017636586
0.016973856
0.016323952
0.015687583
0.015065367
0.014457837
0.013865438
0.013288538
0.012727424
0.012182309
0.011653339
0.011140592
0.010644087
0.01016379
0.0096996303
0.0092514951
0.0088192045
0.039659382
0.039524656
0.039363646
0.039175505
0.038959602
0.038715421
0.038442494
0.038140789
0.037810309
0.037451114
0.037063407
0.036647537
0.036203999
0.035733425
0.035236585
0.034714379
0.034167833
0.033598091
0.033006408
0.032394138
0.031762726
0.031113697
0.030448642
0.029769209
0.029077087
0.028373999
0.027661683
0.026941882
0.026216335
0.02548676
0.024754849
0.024022252
0.023290572
0.022561351
0.021836071
0.021116139
0.020402883
0.019697552
0.019001308
0.018315222
0.017640277
0.016977363
0.01632728
0.015690736
0.01506835
0.014460654
0.013868095
0.01329104
0.012729776
0.012184518
0.011655411
0.011142534
0.010645908
0.010165499
0.0097012305
0.009252994
0.008820616
0.039664028
0.039529246
0.039368212
0.039180094
0.038964232
0.038720076
0.0384471
0.038145375
0.037814884
0.037455678
0.037067955
0.036652065
0.0362085
0.035737892
0.035241013
0.034718761
0.034172163
0.033602363
0.033010615
0.032398276
0.031766788
0.031117678
0.030452537
0.029773014
0.029080798
0.028377612
0.027665194
0.026945288
0.026219634
0.02548995
0.024757928
0.024025219
0.023293425
0.022564092
0.021838698
0.021118652
0.020405285
0.019699842
0.019003488
0.018317294
0.017642242
0.016979224
0.016329039
0.015692396
0.015069913
0.014462123
0.013869474
0.013292331
0.012730983
0.012185644
0.011656461
0.011143512
0.01064682
0.010166351
0.0097020268
0.0092537308
0.0088212945
)
;

boundaryField
{
    inletLow
    {
        type            fixedValue;
        value           nonuniform List<scalar> 0();
    }
    inletJet
    {
        type            fixedValue;
        value           nonuniform List<scalar> 0();
    }
    inletHigh
    {
        type            fixedValue;
        value           nonuniform List<scalar> 0();
    }
    outlet
    {
        type            inletOutlet;
        inletValue      nonuniform List<scalar> 0();
        value           nonuniform List<scalar> 0();
    }
    upperWall
    {
        type            inletOutlet;
        inletValue      nonuniform List<scalar> 0();
        value           nonuniform List<scalar> 0();
    }
    lowerWall
    {
        type            inletOutlet;
        inletValue      uniform 0;
        value           nonuniform List<scalar> 
44
(
0.020880832
0.020615249
0.020337767
0.02004908
0.019749837
0.019440691
0.019122312
0.018795385
0.018460603
0.018118669
0.017770289
0.017416173
0.017057026
0.016693551
0.016326444
0.015956389
0.015584059
0.015210113
0.01483519
0.014459913
0.014084883
0.013710678
0.013337855
0.012966942
0.012598443
0.012232837
0.011870573
0.011512074
0.011157734
0.010807919
0.010462969
0.010123192
0.0097888735
0.0094602683
0.0091376063
0.0088210912
0.0085109013
0.0082071907
0.0079100893
0.007619704
0.0073361186
0.0070593942
0.0067895675
0.0065266508
)
;
    }
    frontAndBack
    {
        type            empty;
    }
    procBoundary5to0
    {
        type            processor;
        value           nonuniform List<scalar> 
52
(
0.03872045
0.038447326
0.038145629
0.03781515
0.037455952
0.037068237
0.036652354
0.036208795
0.035738194
0.035241319
0.03471907
0.034172475
0.033602678
0.033010932
0.032398592
0.031767105
0.031117994
0.030452851
0.029773325
0.029081107
0.028377917
0.027665494
0.026945585
0.026219925
0.025490236
0.024758208
0.024025493
0.023293692
0.022564352
0.021838951
0.021118898
0.020405523
0.019700073
0.019003711
0.018317509
0.017642449
0.016979423
0.016329231
0.015692579
0.015070088
0.014462291
0.013869633
0.013292482
0.012731127
0.012185782
0.011656593
0.01114364
0.010646945
0.010166477
0.0097021523
0.0092538498
0.0088214446
)
;
    }
    procBoundary5to2
    {
        type            processor;
        value           nonuniform List<scalar> 5(0.039663904 0.039529419 0.039368433 0.039180361 0.038964778);
    }
    procBoundary5to4
    {
        type            processor;
        value           nonuniform List<scalar> 
69
(
0.0062708182
0.0062939426
0.0063377531
0.0063997009
0.0064773691
0.0065684588
0.0066708075
0.0067823999
0.0069013748
0.0070260276
0.0071548103
0.0072863292
0.00741934
0.0075527422
0.0076855718
0.0078169935
0.0079462919
0.0080728624
0.0081962027
0.0083159027
0.0084316366
0.0085431534
0.0086502686
0.0087528569
0.0088508441
0.0089442006
0.0090329345
0.0091170863
0.0091967252
0.0092719555
0.0092719555
0.0089265748
0.0089895094
0.0090486176
0.0091040347
0.0091559004
0.0092043594
0.0092495589
0.009291647
0.0093307708
0.0093670758
0.0094007047
0.0094317967
0.0094604875
0.0094869082
0.0095111854
0.0095334409
0.0095537914
0.0095723485
0.0095892186
0.0096045028
0.0096182969
0.0096306918
0.0096417734
0.0096516221
0.0096516221
0.009214918
0.0092221293
0.009228395
0.009228395
0.0088030584
0.0088074184
0.0088110683
0.0088142835
0.0088142835
0.0084009478
0.0084028552
0.0084040984
0.0084046754
)
;
    }
    procBoundary5to6
    {
        type            processor;
        value           nonuniform List<scalar> 
74
(
0.02113418
0.02124459
0.021449973
0.021736413
0.022091262
0.022503067
0.02296148
0.023457166
0.024250801
0.023981695
0.023981695
0.025058736
0.025628043
0.026205958
0.026787197
0.027367197
0.027942039
0.028508392
0.02906346
0.029604928
0.029604928
0.030395907
0.030906543
0.031398852
0.031872006
0.031872006
0.032572429
0.033006411
0.033420088
0.033813506
0.033813506
0.034410585
0.03476414
0.035098302
0.035413582
0.03571055
0.035989812
0.036252006
0.036497794
0.03672785
0.036942857
0.037143495
0.037330442
0.037504366
0.037665916
0.037815727
0.038312096
0.03814649
0.037954457
0.037954457
0.038578122
0.038578122
0.038807629
0.038914505
0.039012611
0.039102478
0.039184607
0.039259466
0.039327499
0.039389124
0.039444743
0.039494733
0.039539455
0.039579249
0.039614438
0.039645329
0.039672209
0.039695353
0.039715014
0.039732731
0.039748
0.039759726
0.039767889
0.039772493
)
;
    }
}


// ************************************************************************* //
