/*--------------------------------*- C++ -*----------------------------------*\
| =========                 |                                                 |
| \\      /  F ield         | OpenFOAM: The Open Source CFD Toolbox           |
|  \\    /   O peration     | Version:  2312                                  |
|   \\  /    A nd           | Website:  www.openfoam.com                      |
|    \\/     M anipulation  |                                                 |
\*---------------------------------------------------------------------------*/
FoamFile
{
    version     2.0;
    format      ascii;
    arch        "LSB;label=32;scalar=64";
    class       volScalarField;
    location    "0.04";
    object      H2O;
}
// * * * * * * * * * * * * * * * * * * * * * * * * * * * * * * * * * * * * * //

dimensions      [0 0 0 0 0 0 0];

internalField   nonuniform List<scalar> 
3224
(
0.0032593127
0.0030230401
0.002802355
0.002596383
0.0024042823
0.0022252416
0.0020584784
0.0019032408
0.0017588087
0.0016244936
0.0014996396
0.0013836226
0.00127585
0.0011757604
0.0010828225
0.00099653441
0.00091642286
0.00084204192
0.0007729721
0.00070881914
0.00064921294
0.00059380641
0.00054227426
0.00049431195
0.00044963451
0.00040797543
0.00036908564
0.00033273243
0.00029869845
0.00026678076
0.0002367899
0.00020854898
0.00018189287
0.0001566674
0.00013272859
0.00010994192
8.8181704e-05
6.7330407e-05
4.7278076e-05
2.7921795e-05
9.1654055e-06
0.0032593331
0.0030230741
0.0028024145
0.0025964625
0.002404375
0.002225343
0.0020585856
0.0019033517
0.0017589215
0.0016246071
0.0014997528
0.0013837347
0.0012759603
0.0011758683
0.0010829276
0.00099663639
0.0009165214
0.00084213681
0.00077306315
0.00070890622
0.00064929596
0.00059388529
0.00054234896
0.00049438245
0.0004497008
0.00040803753
0.00036914356
0.00033278619
0.00029874809
0.00026682632
0.0002368314
0.00020858646
0.00018192638
0.00015669696
0.00013275423
0.00010996367
8.8199571e-05
6.7344409e-05
4.728822e-05
2.7928067e-05
9.167586e-06
0.0032591303
0.0030229172
0.0028023012
0.0025963837
0.002404324
0.0022253145
0.0020585757
0.0019033571
0.0017589397
0.0016246358
0.0014997901
0.0013837788
0.0012760099
0.0011759221
0.0010829845
0.00099669548
0.00091658185
0.00084219791
0.00077312428
0.00070896686
0.00064935565
0.00059394364
0.00054240565
0.00049443719
0.00044975335
0.00040808768
0.00036919114
0.00033283106
0.00029879012
0.0002668654
0.00023686745
0.0002086194
0.00018195614
0.00015672348
0.00013277744
0.00010998352
8.8216005e-05
6.7357373e-05
4.7297662e-05
2.7933934e-05
9.1696174e-06
0.0032587184
0.0030225784
0.0028020195
0.0025961505
0.0024041325
0.0022251591
0.0020584513
0.0019032596
0.0017588653
0.0016245815
0.001499753
0.0013837564
0.0012760001
0.0011759229
0.0010829942
0.00099671248
0.00091660489
0.00084222579
0.00077315598
0.00070900146
0.00064939235
0.00059398174
0.00054244453
0.00049447632
0.00044979225
0.00040812594
0.00036922841
0.00033286703
0.00029882451
0.00026689797
0.00023689798
0.00020864771
0.00018198205
0.00015674685
0.00013279812
0.00011000138
8.8230917e-05
6.7369215e-05
4.7306325e-05
2.7939328e-05
9.1714901e-06
0.0035105854
0.003258112
0.0030220537
0.0028015652
0.0025957587
0.0024037966
0.0022248725
0.0020582084
0.0019030551
0.0017586947
0.0016244405
0.001499638
0.0013836642
0.0012759276
0.0011758675
0.0010829536
0.00099668462
0.00091658787
0.00084221796
0.00077315588
0.00070900778
0.00064940395
0.00059399759
0.00054246374
0.00049449809
0.00044981589
0.00040815083
0.000369254
0.00033289283
0.0002988501
0.00026692297
0.00023692206
0.00020867056
0.0001820034
0.00015676645
0.00013281574
0.00011001681
8.8243967e-05
6.7379689e-05
4.7314051e-05
2.7944166e-05
9.1731828e-06
0.0035097746
0.0032573448
0.0030213775
0.002800969
0.0025952353
0.0024033392
0.0022244746
0.0020578636
0.0019027577
0.0017584393
0.0016242224
0.0014994528
0.0013835081
0.0012757971
0.0011757595
0.0010828653
0.00099661344
0.00091653159
0.00084217459
0.00077312362
0.00070898504
0.0006493893
0.00059398978
0.00054246165
0.00049450072
0.00044982235
0.00040816035
0.00036926588
0.00033290646
0.00029886492
0.0002669385
0.00023693786
0.00020868623
0.00018201859
0.00015678083
0.00013282902
0.00011002871
8.8254226e-05
6.7388068e-05
4.7320322e-05
2.7948142e-05
9.1745936e-06
0.0035087826
0.0032564459
0.0030205793
0.0028002589
0.0025946064
0.0024027847
0.0022239875
0.0020574372
0.0019023856
0.0017581158
0.0016239423
0.0014992112
0.0013833007
0.0012756199
0.0011756091
0.0010827384
0.00099650731
0.00091644362
0.00084210249
0.00077306533
0.00070893875
0.00064935337
0.00059396277
0.00054244225
0.00049448778
0.00044981484
0.00040815736
0.0003692666
0.00033291015
0.00029887095
0.00026694629
0.00023694688
0.00020869602
0.00018202873
0.00015679093
0.00013283873
0.00011003771
8.8262203e-05
6.7394737e-05
4.7325414e-05
2.7951416e-05
9.1757792e-06
0.0035075456
0.0032553419
0.0030195913
0.002799375
0.0025938188
0.002402086
0.0022233698
0.0020568926
0.0019019069
0.0017576963
0.0016235756
0.0014988918
0.0013830234
0.00127538
0.0011754024
0.0010825612
0.0009963561
0.00091631536
0.00084199442
0.00077297499
0.00070886391
0.00064929208
0.00059391324
0.00054240291
0.00049445723
0.00044979183
0.00040814076
0.00036925541
0.00033290348
0.00029886801
0.00026694635
0.00023694931
0.00020870024
0.00018203421
0.00015679719
0.00013284535
0.00011004427
8.8268336e-05
6.7400085e-05
4.7329642e-05
2.7954213e-05
9.1768236e-06
0.0037754567
0.0035060695
0.0032540151
0.003018397
0.0027983023
0.0025928594
0.0024012312
0.0022226105
0.0020562201
0.0019013127
0.0017571725
0.0016231151
0.0014984879
0.0013826701
0.0012750719
0.0011751346
0.0010823291
0.00099615575
0.00091614314
0.00084184707
0.00077284959
0.00070875785
0.00064920299
0.00059383903
0.00054234171
0.00049440734
0.00044975176
0.00040810916
0.00036923109
0.00033288537
0.00029885514
0.00026693786
0.00023694442
0.00020869825
0.00018203449
0.00015679918
0.0001328485
0.0001100481
8.8272392e-05
6.7403939e-05
4.733289e-05
2.7956469e-05
9.1777081e-06
0.0037735918
0.0035043352
0.0032524455
0.0030169789
0.0027970255
0.0025917143
0.0024002077
0.0022216985
0.0020554093
0.0019005936
0.0017565361
0.001622553
0.0014979927
0.0013822347
0.00127469
0.0011748005
0.0010820376
0.00099590217
0.00091592327
0.00084165713
0.00077268615
0.00070861786
0.0006490837
0.00059373798
0.00054225669
0.00049433638
0.00044969309
0.00040806121
0.00036919243
0.00033285473
0.00029883139
0.00026691998
0.0002369315
0.00020868945
0.00018202907
0.00015679644
0.00013284782
0.0001100489
8.827414e-05
6.7406128e-05
4.733504e-05
2.795812e-05
9.178413e-06
0.0040588536
0.0037713839
0.0035023145
0.003250611
0.0030153184
0.002795528
0.0025903687
0.0023990025
0.0022206218
0.0020544497
0.00189974
0.0017557783
0.0016218816
0.0014973989
0.0013817106
0.0012742285
0.0011743948
0.0010816819
0.00099559108
0.00091565191
0.00084142111
0.00077248156
0.00070844114
0.00064893169
0.00059360783
0.00054214584
0.00049424255
0.00044961422
0.00040799546
0.00036913816
0.00033281047
0.0002987958
0.00026689188
0.0002369098
0.0002086732
0.00018201738
0.00015678852
0.00013284293
0.00011004637
8.8273344e-05
6.7406476e-05
4.7335974e-05
2.7959099e-05
9.1789172e-06
0.0040560424
0.0037688199
0.0034999781
0.0032484882
0.0030133957
0.0027937924
0.0025888072
0.0023976015
0.0022193679
0.0020533297
0.0018987417
0.0017548899
0.0016210925
0.0014966991
0.0013810912
0.0012736811
0.0011739121
0.001081257
0.00099521795
0.00091532497
0.00084113537
0.00077223252
0.00070822476
0.00064874433
0.00059344622
0.00054200705
0.00049412396
0.00044951347
0.00040791043
0.00036906696
0.0003327514
0.00029874734
0.00026685264
0.00023687856
0.00020864883
0.00018199886
0.00015677493
0.00013283344
0.0001100402
8.8269754e-05
6.7404797e-05
4.7335562e-05
2.7959332e-05
9.1791977e-06
0.0043590523
0.0040527863
0.0037658716
0.0034972968
0.0032460529
0.0030111897
0.0027918002
0.0025870132
0.00239599
0.0022179234
0.0020520375
0.0018975877
0.0017538611
0.0016201767
0.0014958852
0.001380369
0.0012730414
0.0011733464
0.0010807577
0.000994778
0.00091493815
0.00084079603
0.00077193555
0.00070796558
0.0006485188
0.00059325064
0.00054183808
0.00049397861
0.00044938905
0.00040780454
0.00036897744
0.0003326763
0.00029868491
0.00026680133
0.00023683694
0.00020861563
0.00018197292
0.00015675519
0.00013281893
0.00011003002
8.8263102e-05
6.740089e-05
4.7333669e-05
2.795874e-05
9.1792295e-06
0.0043549437
0.004049069
0.0037625073
0.0034942412
0.0032432798
0.0030086784
0.0027895317
0.002584969
0.002394152
0.0022162741
0.0020505601
0.0018962665
0.0017526813
0.0016191248
0.0014949488
0.0013795365
0.0012723025
0.0011726915
0.0010801782
0.00099426614
0.00091448688
0.00084039897
0.00077158696
0.00070766028
0.00064825213
0.00059301841
0.00054163654
0.00049380436
0.00044923907
0.0004076761
0.00036886809
0.00033258384
0.00029860737
0.00026673692
0.00023678406
0.00020857283
0.00018193888
0.00015672872
0.00013279893
0.0001100155
8.82531e-05
6.7394541e-05
4.7330144e-05
2.7957239e-05
9.1789854e-06
0.0046759398
0.0043502751
0.004044857
0.0037586942
0.0034907815
0.0032401425
0.0030058383
0.0027869661
0.0025826561
0.0023920709
0.002214405
0.002048884
0.0018947658
0.0017513396
0.0016179269
0.0014938807
0.0013785855
0.0012714568
0.0011719407
0.0010795126
0.00099367698
0.00091396629
0.00083993981
0.0007711828
0.00070730531
0.00064794115
0.0005927467
0.00054139987
0.00049359895
0.0004490615
0.00040752331
0.00036873732
0.00033247262
0.00029851347
0.00026665834
0.00023671899
0.00020851963
0.00018189608
0.00015669496
0.00013277298
0.00010999621
8.8239439e-05
6.7385518e-05
4.7324829e-05
2.7954735e-05
9.1784355e-06
0.0046701405
0.0043450232
0.0040401132
0.0037543987
0.0034868873
0.0032366137
0.003002645
0.0027840813
0.0025800546
0.002389729
0.0022122999
0.0020469948
0.0018930725
0.0017498241
0.0016165722
0.0014926713
0.0013775072
0.0012704967
0.0011710869
0.0010787545
0.00099300478
0.0009133712
0.0008394139
0.00077071889
0.00070689693
0.00064758247
0.00059243248
0.00054112539
0.00049335996
0.00044885419
0.00040734425
0.00036858343
0.00033234113
0.00029840189
0.00026656442
0.00023664071
0.00020845516
0.00018184375
0.00015665326
0.00013274053
0.00010997175
8.8221782e-05
6.737357e-05
4.7317551e-05
2.7951128e-05
9.1775475e-06
0.0050092069
0.0046636351
0.0043391454
0.0040347986
0.0037495864
0.003482527
0.0032326648
0.0029990728
0.0027808542
0.0025771437
0.0023871073
0.002209942
0.002044877
0.001891173
0.0017481224
0.0016150495
0.0014913105
0.0013762926
0.0012694139
0.0011701227
0.0010778971
0.00099224343
0.00091269614
0.0008388163
0.00077019079
0.00070643114
0.00064717252
0.00059207253
0.00054081021
0.00049308482
0.00044861484
0.00040713688
0.00036840461
0.00033218778
0.00029827122
0.00026645394
0.00023654815
0.00020837848
0.0001817811
0.00015660296
0.00013270104
0.00010994165
8.8199771e-05
6.7358426e-05
4.7308122e-05
2.794631e-05
9.1762862e-06
0.0050011926
0.0046563839
0.0043325956
0.0040288736
0.0037442215
0.0034776681
0.0032282662
0.0029950945
0.0027772604
0.0025739015
0.002384186
0.0022073134
0.0020425147
0.0018890525
0.0017462212
0.001613347
0.0014897876
0.0013749318
0.0012681994
0.0011690402
0.0010769333
0.0009913865
0.00091193528
0.00083814177
0.00076959378
0.0007059037
0.00064670748
0.00059166345
0.00054045126
0.00049277078
0.00044834102
0.00040689903
0.00036819893
0.00033201085
0.00029811996
0.00026632556
0.00023644016
0.0002082886
0.00018170729
0.00015654334
0.0001326539
0.00010990543
8.8173022e-05
6.7339796e-05
4.7296342e-05
2.7940162e-05
9.1746139e-06
0.0049923112
0.004648342
0.0043253287
0.0040222974
0.0037382671
0.0034722767
0.0032233868
0.002990682
0.0027732743
0.0025703046
0.0023809442
0.0022043951
0.0020398906
0.0018866956
0.0017441067
0.0016114519
0.001488091
0.0013734146
0.0012668441
0.0011678309
0.0010758555
0.00099042713
0.00091108246
0.00083738475
0.00076892286
0.00070531012
0.00064618333
0.0005912016
0.00054004531
0.00049241496
0.00044803012
0.0004066284
0.00036796435
0.00033180854
0.00029794651
0.0002661779
0.00023631551
0.00020818447
0.00018162139
0.00015647362
0.00013259848
0.00010986257
8.8141119e-05
6.7317369e-05
4.7281993e-05
2.7932558e-05
9.1724892e-06
0.0049825117
0.0046394676
0.0043172998
0.0040150285
0.0037316848
0.0034663175
0.0032179942
0.0029858058
0.0027688691
0.002566329
0.00237736
0.0022011673
0.0020369869
0.0018840862
0.0017417641
0.0016093511
0.0014862089
0.0013717301
0.0012653381
0.0011664859
0.0010746557
0.00098935811
0.00091013116
0.00083653938
0.00076817274
0.00070464563
0.00064559577
0.00059068316
0.00053958892
0.00049201426
0.00044767941
0.00040632252
0.00036769868
0.00033157891
0.00029774916
0.00026600945
0.00023617291
0.00020806495
0.00018152246
0.00015639299
0.00013253408
0.0001098125
8.8103619e-05
6.729081e-05
4.7264844e-05
2.7923364e-05
9.1698683e-06
0.0053354388
0.0049717275
0.004629708
0.0043084621
0.0040070235
0.003724435
0.0034597537
0.0032120547
0.0029804351
0.0027640167
0.0025619489
0.0023734102
0.002197609
0.0020337845
0.0018812069
0.0017391779
0.0016070304
0.0014841284
0.0013698669
0.0012636711
0.001164996
0.0010733255
0.0009881718
0.0009090745
0.00083559944
0.00076733784
0.0007039052
0.0006449403
0.00059010405
0.00053907844
0.00049156544
0.00044728597
0.00040597881
0.00036739962
0.00033131991
0.00029752612
0.00026581864
0.00023601097
0.00020792885
0.00018140944
0.00015630057
0.00013245997
0.00010975462
8.8060048e-05
6.7259761e-05
4.7244646e-05
2.7912432e-05
9.1667039e-06
0.0053224652
0.0049599264
0.0046190107
0.0042987665
0.0039982375
0.003716476
0.0034525471
0.0032055333
0.0029745377
0.0027586878
0.0025571379
0.0023690707
0.0021936984
0.0020302637
0.00187804
0.0017363319
0.0016044751
0.0014818364
0.0013678129
0.0012618321
0.0011633512
0.0010718558
0.00098686016
0.00090790523
0.0008345584
0.00076641225
0.00070308354
0.00064421214
0.00058946
0.00053851002
0.00049106504
0.00044684671
0.00040559452
0.00036706472
0.00033102939
0.00029727546
0.00026560377
0.00023582821
0.00020777488
0.00018128126
0.00015619543
0.00013237538
0.0001096883
8.8009902e-05
6.7223841e-05
4.7221133e-05
2.7899608e-05
9.1629453e-06
0.0060990185
0.0056919576
0.0053082784
0.0049470422
0.004607319
0.004288162
0.0039886237
0.0037077648
0.0034446582
0.0031983934
0.0029680802
0.002752852
0.0025518683
0.0023643163
0.0021894126
0.0020264036
0.0018745665
0.001733209
0.0016016699
0.0014793187
0.0013655554
0.0012598098
0.0011615412
0.0010702375
0.00098541474
0.00090661571
0.00083340937
0.00076538978
0.00070217504
0.00064340625
0.00058874647
0.00053787962
0.00049050943
0.0004463584
0.00040516675
0.00036669141
0.00033070506
0.00029699517
0.00026536307
0.00023562309
0.0002076017
0.00018113673
0.00015607658
0.00013227948
0.00010961286
8.7952642e-05
6.7182642e-05
4.7194023e-05
2.7884726e-05
9.1585383e-06
0.0065100574
0.0060804728
0.0056750135
0.0052928405
0.0049330097
0.004594574
0.0042765954
0.0039781335
0.0036982567
0.0034360458
0.0031905974
0.0029610282
0.0027464777
0.0025461111
0.0023591207
0.0021847276
0.0020221827
0.0018707667
0.0017297913
0.0015985985
0.0014765609
0.0013630812
0.001257592
0.0011595551
0.0010684607
0.00098382668
0.00090519793
0.00083214512
0.0007642639
0.00070117384
0.00064251736
0.00058795873
0.00053718297
0.0004898948
0.00044581761
0.00040469244
0.00036627696
0.00033034449
0.00029668311
0.00026509466
0.00023539395
0.00020740788
0.00018097465
0.00015594297
0.00013217139
0.00010952759
8.7887697e-05
6.7135733e-05
4.7163013e-05
2.7867608e-05
9.1534253e-06
0.0064879557
0.0060603093
0.0056566225
0.005276088
0.0049177617
0.0045807148
0.004264012
0.0039667165
0.0036879055
0.0034266673
0.0031821062
0.0029533457
0.0027395321
0.0025398364
0.0023534566
0.0021796187
0.0020175783
0.0018666203
0.0017260604
0.0015952441
0.0014735475
0.0013603764
0.0012551663
0.0011573816
0.001066515
0.00098208668
0.0009036435
0.00083075807
0.00076302778
0.00070007377
0.00064153992
0.00058709178
0.00053641558
0.00048921711
0.00044522074
0.00040416839
0.00036581851
0.00032994516
0.00029633703
0.00026479656
0.00023513907
0.00020719192
0.00018079369
0.0001557935
0.00013205019
0.00010943172
8.7814464e-05
6.7082655e-05
4.7127785e-05
2.7848066e-05
9.1475451e-06
0.0064640325
0.0060384636
0.0056366919
0.0052579292
0.0049012396
0.00456569
0.0042503554
0.0039543211
0.0036766635
0.003416479
0.0031728794
0.0029449958
0.0027319813
0.0025330134
0.0023472958
0.0021740603
0.0020125671
0.001862106
0.0017219968
0.0015915892
0.0014702627
0.0013574267
0.0012525197
0.0011550089
0.0010643899
0.00098018506
0.00090194367
0.00082924033
0.00076167429
0.00069886841
0.00064046812
0.0005861404
0.00053557276
0.00048847216
0.00044456403
0.00040359122
0.00036531306
0.00032950439
0.00029595458
0.0002644667
0.00023485663
0.00020695221
0.00018059251
0.000155627
0.0001319149
0.00010932445
8.7732303e-05
6.7022924e-05
4.7087999e-05
2.7825903e-05
9.1408325e-06
0.0064381837
0.00601485
0.0056151423
0.0052382843
0.0048833531
0.0045494258
0.0042355768
0.0039408941
0.0036644819
0.0034054358
0.0031628758
0.0029359406
0.0027237906
0.0025256101
0.0023406094
0.0021680257
0.0020071249
0.0018572018
0.0017175807
0.0015876156
0.00146669
0.001354217
0.0012496384
0.0011524247
0.0010620741
0.00097811176
0.00090008933
0.00082758364
0.00076019598
0.00069755103
0.00063929592
0.00058509915
0.00053464963
0.00048765557
0.00044384353
0.00040295742
0.00036475748
0.00032901939
0.00029553327
0.00026410289
0.0002345447
0.00020668712
0.00018036967
0.00015544226
0.00013176449
0.00010920493
8.7640544e-05
6.6956031e-05
4.70433e-05
2.7800908e-05
9.1332191e-06
0.0064103103
0.0059893795
0.0055918917
0.0052170817
0.004864039
0.00453185
0.0042196037
0.0039263903
0.0036513106
0.0033934917
0.003152053
0.0029261411
0.0027149242
0.002517594
0.0023333673
0.0021614877
0.0020012269
0.001851885
0.0017127913
0.0015833046
0.0014628125
0.0013507319
0.0012465086
0.0011496162
0.0010595561
0.00097585631
0.00089807102
0.00082577947
0.00075858513
0.00069611467
0.00063801703
0.00058396237
0.00053364108
0.00048676275
0.00044305516
0.00040226332
0.0003641485
0.00032848725
0.00029507055
0.00026370285
0.0002342013
0.00020639489
0.00018012365
0.00015523798
0.00013159788
0.00010907229
8.7538481e-05
6.688144e-05
4.6993314e-05
2.7772861e-05
9.1246326e-06
0.0063803178
0.0059619634
0.0055668569
0.0051942446
0.0048432286
0.0045129056
0.0042023747
0.0039107394
0.0036371083
0.0033806001
0.003140368
0.0029155578
0.0027053458
0.0025089316
0.0023255391
0.0021544185
0.0019948476
0.0018461324
0.0017076077
0.0015786369
0.0014586125
0.0013469556
0.0012431158
0.0011465704
0.0010568241
0.00097340796
0.00089587899
0.00082381899
0.00075683376
0.00069455212
0.00063662495
0.0005827242
0.00053254185
0.00048578896
0.00044219465
0.00040150512
0.00036348271
0.00032790496
0.00029456371
0.00026326423
0.00023382436
0.00020607371
0.00017985291
0.00015501285
0.00013141396
0.0001089256
8.7425377e-05
6.679859e-05
4.6937647e-05
2.774153e-05
9.1149973e-06
0.0063481133
0.005932514
0.0055399559
0.0051696966
0.004820851
0.0044925273
0.004183835
0.003893888
0.0036218071
0.0033667233
0.0031277773
0.0029041507
0.0026950181
0.0024995891
0.0023170938
0.0021467896
0.0019879611
0.0018399205
0.0017020081
0.0015735929
0.0014540722
0.0013428717
0.0012394451
0.0011432738
0.0010538658
0.00097075563
0.00089350321
0.00082169312
0.00075493365
0.00069285595
0.00063511298
0.00058137859
0.00053134649
0.00048472933
0.00044125762
0.00040067888
0.0003627566
0.00032726938
0.00029401
0.00026278457
0.00023341171
0.00020572172
0.00017955582
0.00015476546
0.00013121155
0.00010876389
8.7300466e-05
6.67069e-05
4.6875892e-05
2.7706675e-05
9.104234e-06
0.0063136046
0.0059009447
0.0055111075
0.005143362
0.0047968362
0.0044706499
0.0041639243
0.0038757838
0.0036053603
0.0033517961
0.0031142471
0.0028918796
0.0026839032
0.002489532
0.0023079999
0.0021385724
0.0019805412
0.0018332251
0.0016959707
0.0015681525
0.0014491733
0.0013384636
0.0012354816
0.0011397127
0.0010506688
0.00096788803
0.00089093344
0.00081939256
0.00075287641
0.00069101856
0.00063347425
0.00057991934
0.00053004942
0.00048357881
0.00044023956
0.00039978056
0.00036196657
0.00032657729
0.00029340654
0.00026226135
0.00023296114
0.00020533696
0.0001792307
0.00015449438
0.00013098946
0.00010858618
8.7162953e-05
6.6605762e-05
4.6807625e-05
2.7668045e-05
9.0922607e-06
0.0062767009
0.0058671706
0.0054802324
0.0051151667
0.0047711149
0.0044472094
0.004142583
0.003856372
0.0035877191
0.0033357777
0.0030997152
0.0028787154
0.0026719751
0.0024787267
0.0022982262
0.0021297381
0.0019725614
0.0018260222
0.0016894734
0.0015622958
0.0014438976
0.0013337146
0.0012312099
0.0011358731
0.0010472205
0.00096479368
0.00088815925
0.00081690789
0.00075065347
0.00068903222
0.00063170175
0.00057834014
0.00052864495
0.00048233228
0.00043913586
0.00039880604
0.00036110891
0.00032582541
0.00029275042
0.00026169197
0.00023247037
0.00020491746
0.00017887583
0.00015419815
0.00013074643
0.00010839144
8.7012021e-05
6.6494556e-05
4.6732408e-05
2.7625382e-05
9.0789923e-06
0.0062373144
0.0058311092
0.0054472533
0.0050850385
0.0047436199
0.0044221429
0.004119753
0.0038355983
0.0035688334
0.0033186233
0.0030841462
0.0028645969
0.0026591891
0.002467149
0.0022877418
0.0021202581
0.0019639956
0.0018182876
0.0016824942
0.0015560025
0.0014382266
0.001328608
0.0012266147
0.0011317413
0.0010435082
0.00096146104
0.00088517017
0.00081422957
0.00074825621
0.0006868891
0.00062978843
0.00057663459
0.00052712729
0.00048098455
0.00043794185
0.00039775111
0.00036017988
0.00032501037
0.00029203866
0.00026107381
0.00023193709
0.00020446118
0.00017848945
0.00015387525
0.00013048121
0.00010817862
8.684683e-05
6.637264e-05
4.6649792e-05
2.7578421e-05
9.0643414e-06
0.0061953609
0.005792682
0.0054120966
0.0050529082
0.0047142865
0.0043953903
0.004095378
0.0038134104
0.0035486548
0.0033002878
0.0030674993
0.0028494951
0.0026454993
0.0024547565
0.0022765256
0.0021101045
0.0019548179
0.0018099977
0.0016750114
0.0015492526
0.0014321421
0.0013231269
0.0012216808
0.0011273032
0.0010395191
0.00095787859
0.00088195572
0.0008113481
0.00074567598
0.00068458137
0.00062772717
0.00057479628
0.00052549066
0.0004795304
0.00043665282
0.00039661156
0.00035917568
0.00032412881
0.00029126825
0.0002604042
0.00023135894
0.00020396607
0.00017806979
0.00015352417
0.0001301925
0.00010794667
8.6666531e-05
6.6239367e-05
4.6559322e-05
2.7526891e-05
9.048219e-06
0.0061507622
0.0057518154
0.0053746929
0.0050187109
0.0046830537
0.0043668943
0.0040694046
0.0037897587
0.0035271367
0.003280728
0.0030497344
0.0028333732
0.0026308798
0.0024415092
0.0022645382
0.0020992594
0.0019450033
0.0018011295
0.0016670036
0.0015420267
0.0014256261
0.0013172552
0.0012163933
0.0011225452
0.001035241
0.00095403497
0.00087850554
0.00080825406
0.00074290423
0.00068210126
0.00062551095
0.00057281884
0.0005237293
0.00047796461
0.00043526409
0.00039538317
0.00035809256
0.00032317734
0.00029043618
0.00025968047
0.00023073358
0.00020343009
0.00017761506
0.00015314337
0.00012987901
0.0001076945
8.6470267e-05
6.609408e-05
4.6460535e-05
2.7470519e-05
9.0305348e-06
0.0061034473
0.0057084422
0.0053349791
0.0049823869
0.0046498656
0.0043366023
0.0040417833
0.0037645967
0.0035042359
0.0032599034
0.0030308137
0.0028161963
0.002615298
0.0024273849
0.0022517445
0.0020876864
0.0019345373
0.0017916608
0.0016584505
0.001534306
0.0014186615
0.0013109769
0.0012107376
0.0011174541
0.0010306615
0.00094991912
0.00087480956
0.00080493825
0.0007399326
0.00067944118
0.00062313287
0.00057069602
0.00052183755
0.00047628209
0.00043377105
0.0003940618
0.00035692678
0.00032215265
0.0002895395
0.0002589
0.00023005868
0.00020285118
0.00017712349
0.00015273133
0.00012953946
0.00010742106
8.6257181e-05
6.5936126e-05
4.6352972e-05
2.7409032e-05
9.0111985e-06
0.0060533546
0.0056625039
0.0052928995
0.0049438837
0.004614672
0.0043044672
0.0040124698
0.0037378826
0.0034799129
0.0032377771
0.0030107027
0.002797932
0.0025987237
0.0024123556
0.0022381261
0.0020753553
0.0019233865
0.0017815801
0.0016493332
0.0015260729
0.0014112319
0.001304277
0.0012047
0.0011120172
0.0010257693
0.00094552047
0.00087085811
0.00080139188
0.00073675307
0.00067659382
0.00062058628
0.00056842178
0.00051980995
0.00047447788
0.00043216924
0.00039264343
0.00035567473
0.00032105149
0.0002885753
0.00025806021
0.00022933198
0.00020222736
0.00017659335
0.00015228656
0.00012917258
0.00010712531
8.6026435e-05
6.5764861e-05
4.6236178e-05
2.7342159e-05
8.9901207e-06
0.0060004336
0.0056139521
0.0052484078
0.0049031567
0.0045774309
0.0042704485
0.0039814258
0.0037095801
0.0034541337
0.0032143168
0.0029893711
0.0027785516
0.0025811301
0.0023963961
0.0022236596
0.0020622514
0.0019115252
0.0017708577
0.0016396432
0.0015173114
0.0014033225
0.0012971419
0.0011982678
0.0011062228
0.0010205534
0.00094082914
0.00086664217
0.00079760668
0.00073335808
0.0006735523
0.00061786492
0.00056599043
0.00051764132
0.0004725473
0.00043045442
0.00039112423
0.00035433298
0.00031987078
0.00028754083
0.00025715865
0.0002285513
0.00020155671
0.00017602296
0.00015180763
0.00012877715
0.00010680622
8.5777215e-05
6.5579662e-05
4.6109712e-05
2.7269639e-05
8.9672142e-06
0.0059446479
0.0055627511
0.0052014691
0.0048601721
0.0045381092
0.0042345147
0.0039486206
0.0036796599
0.00342687
0.0031894959
0.0029667933
0.0027580312
0.0025624943
0.0023794849
0.0022083247
0.0020483559
0.0018989427
0.001759472
0.0016293538
0.0015080159
0.0013949202
0.0012895591
0.0011914295
0.0011000605
0.0010150043
0.00093583624
0.00086215353
0.00079357512
0.00072974076
0.00067031032
0.00061496305
0.00056339673
0.0005153269
0.00047048603
0.00042862267
0.00038950065
0.00035289831
0.00031860763
0.00028643351
0.00025619301
0.0002277146
0.00020083744
0.00017541077
0.00015129318
0.00012835203
0.00010646285
8.5508749e-05
6.5379935e-05
4.5973156e-05
2.7191221e-05
8.9423956e-06
0.005885977
0.0055088798
0.0051520619
0.0048149083
0.0044966853
0.0041966441
0.0039140331
0.0036481012
0.0033981016
0.0031632944
0.0029429503
0.0027363523
0.0025427988
0.0023616052
0.0021921054
0.0020336534
0.0018856246
0.0017474162
0.0016184481
0.0014981633
0.0013860224
0.0012815186
0.0011841758
0.0010935212
0.0010091137
0.00093053407
0.00085738512
0.00078929069
0.00072589509
0.00066686237
0.0006118756
0.00056063606
0.00051286247
0.00046829021
0.00042667048
0.00038776953
0.00035136787
0.00031725946
0.00028525103
0.00025516123
0.00022682003
0.00020006793
0.00017475536
0.00015074199
0.00012789617
0.00010609431
8.522033e-05
6.5165134e-05
4.5826119e-05
2.7106672e-05
8.9155873e-06
0.0058244199
0.0054523349
0.0051001809
0.0047673582
0.0044531508
0.0041568274
0.003877653
0.0036148931
0.0033678171
0.003135701
0.0029178304
0.0027135033
0.0025220321
0.0023427456
0.0021749906
0.0020181333
0.0018715606
0.0017346805
0.0016069231
0.001487741
0.0013766093
0.0012730209
0.001176499
0.0010865981
0.0010028749
0.00092491653
0.00085233123
0.00078474809
0.00072181618
0.00066320393
0.00060859841
0.00055770458
0.00051024452
0.00046595664
0.00042459493
0.00038592819
0.00034973921
0.00031582408
0.00028399138
0.00025406153
0.00022586601
0.00019924676
0.00017405547
0.00015015297
0.00012740865
0.00010569985
8.4911331e-05
6.4934774e-05
4.5668257e-05
2.7015785e-05
8.8867193e-06
0.0057599977
0.0053931331
0.0050458393
0.0047175318
0.0044075131
0.0041150694
0.0038394831
0.0035800367
0.0033360163
0.0031067139
0.002891431
0.0026894808
0.00250019
0.0023229015
0.0021569754
0.0020017904
0.0018567453
0.0017212594
0.0015947733
0.0014767496
0.0013666727
0.0012640492
0.0011684029
0.0010792866
0.00099628376
0.00091897947
0.00084698794
0.00077994361
0.00071750054
0.00065933173
0.00060512844
0.00055459947
0.00050747041
0.00046348287
0.00042239378
0.00038397457
0.00034801048
0.00031429977
0.00028265303
0.00025289249
0.00022485127
0.0001983728
0.00017331011
0.00014952525
0.00012688871
0.00010527881
8.4581233e-05
6.4688452e-05
4.549928e-05
2.6918385e-05
8.8557323e-06
0.0056927569
0.0053313148
0.0049890717
0.004665459
0.0043597975
0.0040713915
0.0037995413
0.0035435469
0.0033027112
0.003076343
0.00286376
0.0026642907
0.0024772771
0.0023020763
0.002138062
0.001984626
0.0018411793
0.0017071528
0.0015819982
0.0014651882
0.0013562169
0.0012545997
0.0011598738
0.0010715931
0.00098933842
0.00091272109
0.00084135341
0.00077487543
0.00071294638
0.00065524402
0.000601464
0.00055131912
0.00050453861
0.00046086747
0.00042006566
0.0003819074
0.00034618046
0.00031268541
0.00028123494
0.00025165317
0.00022377496
0.00019744528
0.00017251858
0.00014885822
0.00012633581
0.00010483075
8.4229655e-05
6.4425866e-05
4.5318969e-05
2.6814336e-05
8.8225801e-06
0.0056227742
0.0052669469
0.0049299377
0.0046111922
0.0043100501
0.0040258343
0.0037578633
0.0035054546
0.0032679288
0.0030446117
0.0028348374
0.0026379504
0.0024533082
0.0022802824
0.0021182609
0.0019666489
0.00182487
0.001692367
0.001568603
0.0014530611
0.0013452453
0.0012446806
0.0011509124
0.0010635072
0.000982048
0.00090614244
0.00083542838
0.00076954403
0.00070815397
0.00065094093
0.00059760508
0.00054786339
0.00050144893
0.00045811017
0.00041761026
0.00037972633
0.0003442488
0.00031098064
0.00027973675
0.00025034321
0.0002226367
0.00019646384
0.00017168057
0.00014815156
0.00012574968
0.00010435541
8.3856386e-05
6.4146843e-05
4.5127195e-05
2.6703558e-05
8.7872335e-06
0.0055501619
0.0052001268
0.0048685242
0.0045548094
0.0042583407
0.0039784601
0.0037145043
0.0034658092
0.0032317128
0.0030115586
0.0028046973
0.00261049
0.0024283097
0.0022575432
0.0020975927
0.0019478771
0.001807833
0.0016769156
0.0015545994
0.0014403784
0.001333767
0.0012342994
0.0011415302
0.0010550341
0.00097440553
0.00089925527
0.0008292166
0.00076395259
0.00070312604
0.00064642475
0.00059355362
0.00054423394
0.00049820274
0.00045521212
0.00041502854
0.00037743216
0.00034221614
0.00030918599
0.00027815886
0.00024896293
0.00022143676
0.00019542868
0.00017079618
0.00014740536
0.00012513035
0.00010385282
8.346142e-05
6.3851366e-05
4.4923934e-05
2.6586031e-05
8.7496835e-06
0.0054750799
0.0051309861
0.0048049497
0.0044964175
0.0042047659
0.0039293558
0.0036695426
0.0034246807
0.0031941262
0.00297724
0.0027733902
0.0025819544
0.0024023217
0.0022338942
0.0020760889
0.0019283386
0.0017900933
0.0016608206
0.0015400069
0.0014271575
0.001321797
0.0012234697
0.0011317391
0.0010461885
0.00096642025
0.00089205583
0.00082273238
0.00075810752
0.00069786816
0.00064170038
0.00058931391
0.00054043451
0.00049480331
0.00045217617
0.00041232297
0.00037502702
0.00034008434
0.00030730302
0.00027650262
0.00024751347
0.00022017608
0.00019434058
0.00016986608
0.00014662015
0.00012447826
0.00010332329
8.3045e-05
6.3539605e-05
4.4709296e-05
2.6461811e-05
8.7099459e-06
0.005397747
0.0050597005
0.0047393675
0.0044361553
0.0041494519
0.003878636
0.0036230821
0.0033821631
0.0031552535
0.0029417321
0.0027409846
0.0025524053
0.0023753995
0.0022093851
0.002053794
0.0019080733
0.0017716864
0.0016441138
0.001524854
0.0014134237
0.0013093582
0.0012122116
0.0011215571
0.0010369865
0.00095811031
0.00088455754
0.0008159752
0.00075202557
0.00069238928
0.00063677572
0.00058489294
0.00053647128
0.0004912561
0.00044900712
0.00040949778
0.00037251462
0.00033785662
0.00030533457
0.00027477049
0.00024599694
0.00021885649
0.00019320109
0.00016889157
0.00014579701
0.00012379428
0.00010276752
8.260766e-05
6.3211951e-05
4.4483543e-05
2.6331048e-05
8.6680659e-06
0.0056678775
0.005318246
0.0049864561
0.0046719663
0.0043741983
0.0040925589
0.0038264467
0.0035752552
0.0033383765
0.0031152037
0.0029051336
0.0027075696
0.002521923
0.0023476158
0.0021840814
0.0020307671
0.0018871343
0.0017526601
0.0016268382
0.0015091793
0.0013992116
0.0012964814
0.0012005531
0.0011110091
0.0010274504
0.00094949566
0.00087678163
0.00080896244
0.0007457094
0.0006867085
0.00063166217
0.00058030084
0.00053235326
0.0004875691
0.00044571205
0.00040655923
0.00036990048
0.00033553784
0.0003032849
0.00027296618
0.00024441658
0.00021748076
0.00019201261
0.00016787467
0.00014493763
0.0001230798
0.00010218665
8.215028e-05
6.2869056e-05
4.4247119e-05
2.6193993e-05
8.6241233e-06
0.005940498
0.0055797671
0.0052369393
0.0049115248
0.0046029862
0.004310764
0.0040342853
0.0037729684
0.0035262265
0.0032934708
0.0030741129
0.0028675681
0.0026732573
0.0024906093
0.0023190625
0.0021580664
0.0020070833
0.0018655895
0.0017330758
0.0016090492
0.0014930327
0.0013845663
0.0012832073
0.0011885304
0.0011001279
0.0010176096
0.00094060278
0.00086875188
0.00080171833
0.00073918016
0.0006808316
0.00062638099
0.00057555131
0.00052809265
0.00048375318
0.00044230067
0.00040351592
0.00036719223
0.00033313475
0.00030115993
0.0002710949
0.00024277693
0.00021605284
0.00019077851
0.00016681826
0.00014404444
0.00012233684
0.00010158229
8.1674136e-05
6.2511872e-05
4.4000677e-05
2.6051025e-05
8.5782381e-06
0.00621475
0.0058435144
0.0054901175
0.0051541845
0.0048352248
0.0045327152
0.0042461149
0.0039748705
0.00371842
0.0034761957
0.0032476279
0.003032147
0.0028291866
0.0026381854
0.0024585893
0.0022898533
0.002131443
0.0019828362
0.0018435236
0.0017130102
0.001590816
0.0014764767
0.0013695442
0.0012695868
0.0011761898
0.0010889551
0.0010075017
0.00093146543
0.00086049867
0.0007942702
0.00073246487
0.00067478321
0.00062094102
0.00057066764
0.00052370535
0.00047982254
0.00043878559
0.00040037911
0.00036439986
0.0003306562
0.00029896748
0.00026916351
0.00024108398
0.00021457795
0.0001895033
0.00016572621
0.0001431207
0.00012156811
0.00010095665
8.1180959e-05
6.2141697e-05
4.3745112e-05
2.5902661e-05
8.5305764e-06
0.0061087457
0.0057453701
0.0053993716
0.0050703819
0.0047579239
0.0044614911
0.0041805609
0.0039145987
0.0036630614
0.0034254006
0.0032010655
0.0029895049
0.0027901707
0.0026025192
0.0024260135
0.0022601253
0.0021043362
0.0019581391
0.0018210396
0.0016925567
0.0015722235
0.0014595884
0.0013542151
0.0012556831
0.0011635881
0.001077542
0.00099717307
0.00092212552
0.0008520598
0.00078665212
0.00072559421
0.00066859297
0.00061537008
0.0005656616
0.00051921644
0.00047579506
0.0004351828
0.00039716303
0.00036153604
0.00032811341
0.00029671748
0.00026718076
0.00023934542
0.00021306277
0.00018819276
0.00016460346
0.0001421706
0.00012077709
0.00010031257
8.0672993e-05
6.1760217e-05
4.348159e-05
2.5749579e-05
8.4813567e-06
0.0060021136
0.0056466147
0.005308026
0.0049859905
0.004680047
0.004389706
0.0041144629
0.0038538015
0.0036071974
0.0033741209
0.0031540396
0.002946421
0.0027507346
0.0025664545
0.0023930609
0.0022300417
0.0020768945
0.0019331275
0.0017982608
0.0016718273
0.0015533734
0.00144246
0.0013386626
0.001241572
0.0011507942
0.0010659511
0.00098668009
0.00091263401
0.00084348131
0.00077890564
0.00071860565
0.00066229463
0.00060970019
0.00056056383
0.0005146405
0.00047169739
0.00043151197
0.00039388524
0.0003586164
0.0003255203
0.00029442225
0.00026515752
0.00023757077
0.00021151562
0.00018685411
0.0001634562
0.00014119938
0.00011996815
9.9653616e-05
8.015306e-05
6.1369557e-05
4.3211583e-05
2.5592639e-05
8.430856e-06
0.0058955147
0.0055478595
0.0052166479
0.0049015367
0.0046020816
0.0043178107
0.0040482369
0.0037928622
0.0035511805
0.0033226803
0.0031068477
0.002903168
0.0027111285
0.0025302204
0.0023599407
0.0021997937
0.0020492925
0.0019079606
0.0017753322
0.0016509542
0.001534386
0.0014252009
0.0013229862
0.0012273437
0.00113789
0.0010542566
0.00097608997
0.00090305173
0.00083481821
0.00077108048
0.00071154407
0.00065592869
0.00060396783
0.00055540847
0.00051001057
0.00046754671
0.00042780105
0.00039056697
0.00035565987
0.00032289368
0.0002920967
0.00026310694
0.00023577161
0.00020994662
0.0001854961
0.00016229196
0.00014021344
0.00011914665
9.898416e-05
7.9624615e-05
6.0972324e-05
4.2936901e-05
2.5432895e-05
8.3794166e-06
0.0057897037
0.0054498018
0.0051258837
0.00481762
0.0045245834
0.0042463192
0.0039823578
0.003732219
0.0034954145
0.0032714509
0.0030598316
0.0028600599
0.0026716402
0.0024940807
0.0023268948
0.0021696025
0.0020217326
0.0018828231
0.0017524226
0.0016300912
0.0015154014
0.0014079387
0.001307302
0.0012131038
0.0011249712
0.0010425453
0.00096548163
0.0008934502
0.00082613525
0.00076323522
0.00070446245
0.00064954297
0.00059821616
0.00055023438
0.00050536262
0.00046337806
0.00042406963
0.00038723719
0.00035268896
0.00032025357
0.00028975859
0.00026104474
0.00023396175
0.00020836782
0.00018412921
0.00016111975
0.00013922043
0.00011831897
9.8309434e-05
7.909181e-05
6.0571653e-05
4.2659721e-05
2.5271623e-05
8.3274518e-06
0.0056855314
0.005353229
0.0050364639
0.0047349179
0.0044481802
0.0041758128
0.0039173633
0.0036723687
0.0034403579
0.0032208549
0.0030133804
0.0028174545
0.0026325987
0.0024583373
0.0022941998
0.0021397218
0.0019944468
0.0018579273
0.0017297257
0.0016094153
0.0014965812
0.0013908206
0.0012917439
0.0011989743
0.0011121489
0.0010309181
0.00095494657
0.00088391241
0.00081750768
0.00075543798
0.0006974224
0.00064319317
0.00059249543
0.00054508689
0.00050073746
0.00045922885
0.00042035419
0.00038391756
0.0003497333
0.00031762345
0.00028742874
0.00025898932
0.00023215739
0.00020679343
0.00018276577
0.00015995017
0.00013822936
0.00011749267
9.7635615e-05
7.8559543e-05
6.0171245e-05
4.2382619e-05
2.511033e-05
8.2754515e-06
0.0055839585
0.0052590227
0.0049492061
0.0046541891
0.0043735756
0.0041069437
0.0038538571
0.0036138695
0.0033865263
0.0031713681
0.0029679323
0.0027757555
0.002594375
0.0024233313
0.0022621689
0.0021104386
0.0019676983
0.0018335141
0.001707462
0.0015891279
0.0014781091
0.0013740144
0.001276465
0.0011850946
0.0010995498
0.0010194904
0.00094458957
0.0008745335
0.00080902175
0.00074776695
0.00069049469
0.00063694327
0.00058686346
0.00054001816
0.00049618208
0.00045514137
0.00041669323
0.00038064552
0.00034681631
0.00031503327
0.00028513122
0.00025696197
0.00023037727
0.00020523983
0.00018142003
0.0001587955
0.00013725068
0.00011667648
9.6969866e-05
7.8033502e-05
5.9775402e-05
4.210859e-05
2.4950769e-05
8.2239863e-06
0.0054860867
0.0051681671
0.004865017
0.0045762757
0.004301552
0.0040404377
0.0037925119
0.0035573439
0.0033344952
0.0031235221
0.0029239778
0.0027354146
0.0025573852
0.0023894451
0.0022311536
0.0020820756
0.0019417827
0.0018098545
0.0016858795
0.0015694559
0.0014601926
0.0013577094
0.0012616379
0.0011716219
0.0010873172
0.0010083926
0.00093452923
0.0008654212
0.00080077526
0.00074031078
0.00068375964
0.00063086597
0.00058138594
0.00053508747
0.00049174991
0.00045116369
0.00041312996
0.0003774602
0.00034397582
0.00031250776
0.00028289592
0.00025498698
0.00022864279
0.00020372577
0.00018010828
0.00015766976
0.00013629632
0.00011588041
9.6320381e-05
7.7520195e-05
5.9389049e-05
4.1841062e-05
2.4794953e-05
8.1737111e-06
0.0057187087
0.0053928937
0.0050817047
0.0047848922
0.0045021079
0.0042329743
0.0039770977
0.003734072
0.0035034812
0.003284902
0.0030779057
0.0028820604
0.002696933
0.0025220909
0.0023571036
0.0022015444
0.0020549914
0.0019170293
0.0017872502
0.0016652546
0.0015506523
0.0014430629
0.0013421168
0.0012474556
0.0011587322
0.0010756116
0.00099777058
0.00092489832
0.00085669618
0.00079287777
0.00073316888
0.00067730732
0.00062504278
0.00057613658
0.00053036139
0.00048750098
0.00044734986
0.00040971292
0.00037440512
0.00034125104
0.00031008457
0.00028074844
0.00025309371
0.00022697803
0.00020227233
0.00017884885
0.00015658875
0.00013537974
0.00011511572
9.5696395e-05
7.7026956e-05
5.9017738e-05
4.1583906e-05
2.4645149e-05
8.1253651e-06
0.0056248933
0.0053057356
0.0050008307
0.0047099337
0.004432709
0.004168793
0.0039178057
0.0036793549
0.0034530386
0.0032384474
0.0030351666
0.0028427781
0.0026608624
0.0024890004
0.0023267748
0.0021737715
0.0020295814
0.0018938011
0.0017660342
0.0016458925
0.0015329962
0.0014269754
0.0013274702
0.0012341312
0.0011466201
0.0010646101
0.00098778589
0.00091584379
0.00084849204
0.00078545064
0.00072645134
0.00067123753
0.00061956408
0.0005711971
0.00052591373
0.00048350186
0.0004437598
0.00040649598
0.00037152859
0.00033868521
0.00030780245
0.00027872559
0.00025130814
0.00022541135
0.00020090294
0.0001776621
0.00015557001
0.00013451587
0.00011439493
9.5108166e-05
7.6561936e-05
5.8667637e-05
4.1341419e-05
2.4503881e-05
8.0797703e-06
0.005539095
0.0052260113
0.0049268405
0.0046413434
0.0043691954
0.0041100447
0.0038635236
0.0036292526
0.0034068422
0.0031958958
0.0029960113
0.0028067832
0.0026278046
0.0024586684
0.0022989693
0.002148305
0.0020062775
0.0018724945
0.0017465702
0.0016281263
0.001516793
0.0014122096
0.0013140248
0.0012218978
0.0011354983
0.0010545068
0.00097861521
0.00090752645
0.00084095498
0.00077862666
0.00072027869
0.00066565955
0.00061452881
0.00056665699
0.00052182532
0.00047982544
0.00044045917
0.00040353815
0.00036888353
0.00033632565
0.00030570363
0.00027686505
0.00024966558
0.00022396857
0.00019964451
0.00017657035
0.00015463275
0.00013372104
0.00011373172
9.4566915e-05
7.6134048e-05
5.8345493e-05
4.1118301e-05
2.4373904e-05
8.0378255e-06
0.0054629111
0.0051552145
0.0048611285
0.0045804203
0.0043127751
0.0040578515
0.0038152929
0.0035847304
0.003365786
0.0031580743
0.0029612043
0.0027747819
0.0025984108
0.002431695
0.0022742397
0.0021256529
0.0019855467
0.0018535384
0.0017292515
0.0016123167
0.0015023728
0.0013990672
0.0013020566
0.0012110075
0.0011255967
0.0010455114
0.0009704495
0.00090012007
0.00083424302
0.00077254937
0.00071478118
0.0006606914
0.00061004384
0.00056261291
0.00051818345
0.00047655045
0.00043751883
0.00040090311
0.00036652707
0.00033422347
0.00030383369
0.00027520736
0.00024820204
0.00022268284
0.00019852206
0.00017559855
0.00015379768
0.00013301287
0.00011314083
9.4084718e-05
7.5752878e-05
5.8058557e-05
4.0919603e-05
2.4258181e-05
8.0004956e-06
0.0053980683
0.0050949545
0.0048051949
0.0045285612
0.004264747
0.00401342
0.0037742326
0.0035468255
0.0033308303
0.003125871
0.0029315662
0.0027475312
0.0025733793
0.0024087235
0.002253178
0.0021063597
0.001967889
0.0018373915
0.0017144987
0.0015988489
0.0014900882
0.0013878709
0.0012918604
0.0012017295
0.0011171609
0.0010378474
0.00096349248
0.00089380998
0.00082852458
0.00076737172
0.00071009753
0.00065645883
0.000606223
0.00055916775
0.00051508101
0.00047376063
0.00043501418
0.00039865858
0.0003645199
0.00033243295
0.00030224103
0.00027379553
0.00024695561
0.00022158786
0.00019756597
0.00017477032
0.00015308737
0.00013241003
0.00011263789
9.3674348e-05
7.5428555e-05
5.7814482e-05
4.0750646e-05
2.4159827e-05
7.9687949e-06
0.0053464265
0.0050469569
0.0047606452
0.0044872592
0.0042264983
0.0039780374
0.0037415362
0.0035166432
0.0033029974
0.0031002305
0.002907969
0.0027258356
0.0025534512
0.002390436
0.0022364115
0.0020910016
0.0019538335
0.0018245392
0.0017027567
0.0015881302
0.0014803117
0.0013789611
0.001283747
0.0011943472
0.0011104492
0.0010317504
0.00095795829
0.00088879088
0.00082397653
0.00076325417
0.00070637324
0.0006530936
0.00060318545
0.00055642919
0.00051261517
0.00047154354
0.00043302394
0.00039687527
0.00036292537
0.00033101072
0.00030097613
0.00027267438
0.00024596594
0.00022071856
0.00019680702
0.00017411271
0.00015252335
0.0001319323
0.0001122391
9.334904e-05
7.5171543e-05
5.7621151e-05
4.0616899e-05
2.4082035e-05
7.9437571e-06
0.0053100121
0.0050130656
0.0047291864
0.0044580996
0.0041995006
0.0039530682
0.0037184673
0.0034953519
0.0032833668
0.0030821493
0.0028913314
0.0027105413
0.0025394052
0.0023775486
0.002224598
0.0020801823
0.0019439336
0.0018154885
0.0016944894
0.001580585
0.0014734312
0.0013726918
0.0012780393
0.0011891551
0.0011057298
0.0010274642
0.00095406881
0.0008852643
0.00082078175
0.00076036258
0.00070375853
0.00065073163
0.00060105409
0.00055450816
0.00051088596
0.00046998923
0.00043162909
0.00039562583
0.00036180854
0.00033001488
0.00030009072
0.00027188985
0.00024527362
0.00022011065
0.00019627646
0.00017365313
0.00015212904
0.00013159846
0.00011196111
9.3122257e-05
7.4992444e-05
5.7486533e-05
4.0523868e-05
2.4027996e-05
7.92639e-06
0.0055994893
0.0052907376
0.0049952002
0.0047126393
0.0044427819
0.0041853316
0.0039399731
0.0037063764
0.0034841994
0.0032730902
0.0030726894
0.002882632
0.0027025492
0.00253207
0.0023708229
0.002218437
0.0020745438
0.0019387779
0.0018107787
0.0016901906
0.0015766648
0.0014698593
0.0013694401
0.0012750816
0.001186467
0.0011032889
0.0010252496
0.00095206121
0.00088344597
0.00081913634
0.00075887503
0.00070241502
0.00064951946
0.00059996165
0.00055352483
0.000510002
0.00046919577
0.00043091805
0.00039498984
0.00036124091
0.00032950953
0.00029964213
0.00027149303
0.00024492406
0.00021980426
0.00019600956
0.00017342241
0.00015193152
0.00013143147
0.00011182244
9.3009849e-05
7.4904178e-05
5.7420609e-05
4.0478696e-05
2.4002102e-05
7.9183086e-06
)
;

boundaryField
{
    inletLow
    {
        type            fixedValue;
        value           nonuniform List<scalar> 0();
    }
    inletJet
    {
        type            fixedValue;
        value           nonuniform List<scalar> 0();
    }
    inletHigh
    {
        type            fixedValue;
        value           nonuniform List<scalar> 0();
    }
    outlet
    {
        type            inletOutlet;
        inletValue      uniform 0;
        value           uniform 0;
    }
    upperWall
    {
        type            inletOutlet;
        inletValue      uniform 0;
        value           nonuniform List<scalar> 
56
(
0.0055994893
0.0052907376
0.0049952002
0.0047126393
0.0044427819
0.0041853316
0.0039399731
0.0037063764
0.0034841994
0.0032730902
0.0030726894
0.002882632
0.0027025492
0.00253207
0.0023708229
0.002218437
0.0020745438
0.0019387779
0.0018107787
0.0016901906
0.0015766648
0.0014698593
0.0013694401
0.0012750816
0.001186467
0.0011032889
0.0010252496
0.00095206121
0.00088344597
0.00081913634
0.00075887503
0.00070241502
0.00064951946
0.00059996165
0.00055352483
0.000510002
0.00046919577
0.00043091805
0.00039498984
0.00036124091
0.00032950953
0.00029964213
0.00027149303
0.00024492406
0.00021980426
0.00019600956
0.00017342241
0.00015193152
0.00013143147
0.00011182244
9.3009849e-05
7.4904178e-05
5.7420609e-05
4.0478696e-05
2.4002102e-05
7.9183086e-06
)
;
    }
    lowerWall
    {
        type            inletOutlet;
        inletValue      nonuniform List<scalar> 0();
        value           nonuniform List<scalar> 0();
    }
    frontAndBack
    {
        type            empty;
    }
    procBoundary1to0
    {
        type            processor;
        value           nonuniform List<scalar> 
80
(
0.0035122238
0.0035121766
0.0035118522
0.003511234
0.003511234
0.0037811222
0.0037800146
0.0037787128
0.0037770921
0.0037770921
0.0040638136
0.0040613908
0.0040613908
0.0043662281
0.0043627523
0.0043627523
0.0046860479
0.0046811725
0.0046811725
0.0050231574
0.0050164867
0.0050164867
0.0053771355
0.005368136
0.0053581951
0.0053472495
0.0053472495
0.0057218934
0.0061161746
0.0057074369
0.0057074369
0.006530538
0.006530538
0.0069648972
0.00694064
0.0069144203
0.0068861234
0.0068556382
0.0068228583
0.0067876808
0.0067500049
0.0067097323
0.0066667684
0.0066210236
0.0065724143
0.0065208654
0.0064663121
0.0064087021
0.0063479981
0.0062841808
0.0062172517
0.0061472363
0.0060741879
0.005998191
0.0059193644
0.0058378635
0.0057538824
0.0057538824
0.0060357629
0.0060357629
0.006319598
0.006319598
0.0066045989
0.0064901867
0.0063751733
0.0062602489
0.006146214
0.0060339764
0.0059245467
0.0058190345
0.0058190345
0.0060598154
0.0059589078
0.0058666778
0.0057848004
0.0057151124
0.0056595882
0.0056203102
0.0056203102
0.0059222571
)
;
    }
    procBoundary1to4
    {
        type            processor;
        value           nonuniform List<scalar> 
41
(
0.00325936
0.0030230296
0.0028023265
0.0025963432
0.0024042369
0.0022251938
0.0020584302
0.0019031935
0.0017587628
0.0016244496
0.0014995978
0.001383583
0.0012758127
0.0011757254
0.0010827898
0.00099650392
0.00091639451
0.00084201564
0.00077294778
0.0007087967
0.00064919229
0.00059378745
0.0005422569
0.00049429611
0.0004496201
0.00040796237
0.00036907386
0.00033272186
0.00029868902
0.00026677242
0.00023678258
0.00020854264
0.00018188746
0.00015666287
0.0001327249
0.00010993905
8.8179606e-05
6.7329061e-05
4.7277473e-05
2.7921964e-05
9.1657701e-06
)
;
    }
}


// ************************************************************************* //
