/*--------------------------------*- C++ -*----------------------------------*\
| =========                 |                                                 |
| \\      /  F ield         | OpenFOAM: The Open Source CFD Toolbox           |
|  \\    /   O peration     | Version:  2312                                  |
|   \\  /    A nd           | Website:  www.openfoam.com                      |
|    \\/     M anipulation  |                                                 |
\*---------------------------------------------------------------------------*/
FoamFile
{
    version     2.0;
    format      ascii;
    arch        "LSB;label=32;scalar=64";
    class       volVectorField;
    location    "0.07";
    object      U;
}
// * * * * * * * * * * * * * * * * * * * * * * * * * * * * * * * * * * * * * //

dimensions      [0 1 -1 0 0 0 0];

internalField   nonuniform List<vector> 
3257
(
(-0.0099741328 0.393256 0)
(-0.0060034826 0.35844567 0)
(-0.0031713978 0.32552191 0)
(-0.0014453041 0.29395348 0)
(-0.0012477039 0.26304343 0)
(-0.0032322455 0.23185338 0)
(-0.0088518994 0.1988985 0)
(-0.020856206 0.16183549 0)
(-0.044931332 0.11677264 0)
(-0.089464373 0.058642377 0)
(-0.1488701 -0.018606137 0)
(-0.17715643 -0.11808988 0)
(-0.11846526 -0.20254424 0)
(-0.06573059 -0.25763563 0)
(-0.035601881 -0.29708988 0)
(-0.0072281497 -0.32240451 0)
(0.019655426 -0.33487667 0)
(0.036823876 -0.34027989 0)
(0.045574673 -0.34196196 0)
(0.05229344 -0.34099703 0)
(0.058669836 -0.3374173 0)
(0.064268756 -0.3318913 0)
(0.068199374 -0.32528795 0)
(0.070435159 -0.3182959 0)
(0.071394699 -0.31120061 0)
(0.071582445 -0.30409193 0)
(0.071342012 -0.29699406 0)
(0.070878892 -0.28992734 0)
(0.070286509 -0.28291058 0)
(0.069592514 -0.27596323 0)
(0.068784574 -0.26910658 0)
(0.067825715 -0.26236958 0)
(0.066666213 -0.25579321 0)
(0.065253649 -0.24943332 0)
(0.063544053 -0.24335878 0)
(0.061514319 -0.23764499 0)
(0.059175036 -0.23236288 0)
(0.056581681 -0.22756652 0)
(0.05384227 -0.22328282 0)
(0.051120041 -0.21950674 0)
(0.048630171 -0.21620342 0)
(0.046630053 -0.21331707 0)
(0.045403205 -0.21078408 0)
(0.045237274 -0.20854751 0)
(0.046396249 -0.20656864 0)
(0.049082965 -0.20483513 0)
(0.053390208 -0.20337207 0)
(0.059315756 -0.20226686 0)
(0.067017122 -0.20160069 0)
(0.077049283 -0.2010971 0)
(0.087317212 -0.19973934 0)
(0.066230106 -0.0046837383 0)
(0.060672 0.0058799147 0)
(0.055032132 0.012960609 0)
(0.048976555 0.016937289 0)
(0.042074501 0.018187879 0)
(0.033571968 0.017098678 0)
(0.02255729 0.014198736 0)
(0.007765475 0.010432969 0)
(-0.012310632 0.0077109176 0)
(-0.03830366 0.01019799 0)
(-0.064307664 0.025649809 0)
(-0.072109709 0.051903405 0)
(-0.055156038 0.064195279 0)
(-0.035257718 0.055476186 0)
(-0.019922489 0.036512185 0)
(-0.0074725023 0.015261199 0)
(0.0030560175 -0.0089265871 0)
(0.011468096 -0.034272962 0)
(0.019019694 -0.058165957 0)
(0.025994212 -0.079303006 0)
(0.032613428 -0.097590511 0)
(0.038495425 -0.1133849 0)
(0.043320197 -0.12707388 0)
(0.047083813 -0.13887339 0)
(0.049988473 -0.14891552 0)
(0.052230558 -0.15731371 0)
(0.053963614 -0.16420012 0)
(0.055283038 -0.16972637 0)
(0.056245644 -0.17405243 0)
(0.056879748 -0.17733612 0)
(0.057195429 -0.17972912 0)
(0.057188683 -0.18137594 0)
(0.056845535 -0.18241584 0)
(0.056147537 -0.18298491 0)
(0.055080199 -0.18321572 0)
(0.053643826 -0.18323332 0)
(0.051865816 -0.18314766 0)
(0.049812307 -0.18304497 0)
(0.047597415 -0.18298078 0)
(0.045388129 -0.18297772 0)
(0.043403354 -0.18302896 0)
(0.041906062 -0.18310749 0)
(0.041187832 -0.18317875 0)
(0.041546414 -0.18321475 0)
(0.04325618 -0.18320584 0)
(0.0465246 -0.18316825 0)
(0.05143364 -0.18314605 0)
(0.057944241 -0.18320515 0)
(0.0662202 -0.18339909 0)
(0.076939395 -0.18369223 0)
(0.088166111 -0.18386161 0)
(0.10553208 -0.25218304 0)
(0.097182748 -0.23419809 0)
(0.088777137 -0.21805345 0)
(0.080148756 -0.2036332 0)
(0.070946703 -0.19077581 0)
(0.060775296 -0.17918593 0)
(0.049191139 -0.16838859 0)
(0.035840112 -0.15762865 0)
(0.020620797 -0.14572093 0)
(0.0043202426 -0.1309116 0)
(-0.010286075 -0.11129058 0)
(-0.01882732 -0.087899829 0)
(-0.019830208 -0.070101095 0)
(-0.015389825 -0.060934163 0)
(-0.0081273674 -0.057925799 0)
(7.1872016e-05 -0.058688099 0)
(0.0078608939 -0.062160641 0)
(0.014503658 -0.067387279 0)
(0.020107045 -0.073802201 0)
(0.02516566 -0.080842867 0)
(0.029781415 -0.088188882 0)
(0.033893071 -0.095723534 0)
(0.037427925 -0.10327911 0)
(0.040403294 -0.1106611 0)
(0.042876934 -0.11768573 0)
(0.04491818 -0.12421054 0)
(0.046578936 -0.13014799 0)
(0.047895491 -0.13545768 0)
(0.048888249 -0.14013707 0)
(0.049567682 -0.14420914 0)
(0.049936304 -0.14771537 0)
(0.049990076 -0.15071082 0)
(0.049719569 -0.15326182 0)
(0.049113349 -0.15544373 0)
(0.048164195 -0.15733748 0)
(0.046878138 -0.15902349 0)
(0.045285635 -0.1605738 0)
(0.043453325 -0.16204361 0)
(0.04149462 -0.16346499 0)
(0.039576925 -0.16484464 0)
(0.037923244 -0.16616652 0)
(0.036806264 -0.16739938 0)
(0.036533573 -0.16850765 0)
(0.037424007 -0.16946374 0)
(0.039775201 -0.17025893 0)
(0.04381533 -0.17091011 0)
(0.049638157 -0.1714593 0)
(0.057211611 -0.17196621 0)
(0.066734006 -0.17247738 0)
(0.078959032 -0.17297665 0)
(0.091611258 -0.17324585 0)
(0.13525293 -0.39122379 0)
(0.12545452 -0.37356475 0)
(0.1156831 -0.35657688 0)
(0.10579453 -0.34024512 0)
(0.095609853 -0.32447772 0)
(0.084920015 -0.30910964 0)
(0.073570642 -0.29384811 0)
(0.061509769 -0.27828244 0)
(0.048914642 -0.26186578 0)
(0.036389109 -0.24401585 0)
(0.025146147 -0.2244322 0)
(0.016755725 -0.20387364 0)
(0.012092911 -0.1843105 0)
(0.010919868 -0.1672187 0)
(0.012317189 -0.15328153 0)
(0.015216509 -0.14243131 0)
(0.018745972 -0.13442584 0)
(0.022210117 -0.12878977 0)
(0.025389024 -0.12495615 0)
(0.028323806 -0.12256698 0)
(0.031053638 -0.12140262 0)
(0.033573928 -0.12128105 0)
(0.035856642 -0.12201361 0)
(0.037880548 -0.12339748 0)
(0.039639528 -0.12523644 0)
(0.04113354 -0.12736063 0)
(0.04236355 -0.12963319 0)
(0.043328921 -0.13195121 0)
(0.044027365 -0.13424097 0)
(0.044455638 -0.13645313 0)
(0.044608659 -0.13855903 0)
(0.044478969 -0.14054791 0)
(0.044056599 -0.14242485 0)
(0.043331383 -0.14420819 0)
(0.042297918 -0.1459256 0)
(0.040963659 -0.14760834 0)
(0.039359655 -0.14928418 0)
(0.037552843 -0.1509703 0)
(0.035658084 -0.15266794 0)
(0.033847662 -0.15436017 0)
(0.032355245 -0.15601364 0)
(0.031471828 -0.15758434 0)
(0.031531245 -0.15902654 0)
(0.032885153 -0.1603038 0)
(0.035866927 -0.16139965 0)
(0.04073708 -0.16232464 0)
(0.047609537 -0.16311748 0)
(0.056457434 -0.16383924 0)
(0.067519447 -0.16454739 0)
(0.081662562 -0.16522363 0)
(0.096272148 -0.16560102 0)
(0.1580545 -0.43114346 0)
(0.14754097 -0.41771756 0)
(0.13714093 -0.40432267 0)
(0.12674993 -0.39092693 0)
(0.11626117 -0.37747027 0)
(0.1055831 -0.36384459 0)
(0.094674133 -0.34988722 0)
(0.083583604 -0.33538876 0)
(0.072495055 -0.32011534 0)
(0.061791166 -0.30387806 0)
(0.05205924 -0.28667483 0)
(0.043975416 -0.26887888 0)
(0.038010916 -0.25125954 0)
(0.034235742 -0.23457657 0)
(0.032340181 -0.21939939 0)
(0.031807388 -0.20596203 0)
(0.032101845 -0.19432587 0)
(0.032792723 -0.18436268 0)
(0.033637181 -0.17584876 0)
(0.034547494 -0.16861293 0)
(0.035494913 -0.16252738 0)
(0.036452558 -0.15749471 0)
(0.037386093 -0.15341406 0)
(0.038261181 -0.15017525 0)
(0.039046229 -0.14766389 0)
(0.039713581 -0.14576956 0)
(0.040238238 -0.1443913 0)
(0.040598636 -0.14344026 0)
(0.040776048 -0.1428405 0)
(0.040754333 -0.14252937 0)
(0.040518152 -0.14245754 0)
(0.040051906 -0.14258887 0)
(0.039339327 -0.14289981 0)
(0.038365392 -0.14337778 0)
(0.037120922 -0.14401824 0)
(0.035610391 -0.14482027 0)
(0.033862795 -0.14578121 0)
(0.031944656 -0.1468912 0)
(0.029973474 -0.14812905 0)
(0.028129175 -0.14946017 0)
(0.026660194 -0.15083751 0)
(0.025880928 -0.15220561 0)
(0.026157615 -0.15350807 0)
(0.027881522 -0.15469756 0)
(0.031429074 -0.15574674 0)
(0.037099694 -0.15665675 0)
(0.045030109 -0.15745973 0)
(0.055194097 -0.15821457 0)
(0.067860402 -0.15898097 0)
(0.084021684 -0.15973305 0)
(0.10073957 -0.16016708 0)
(0.1770418 -0.42882614 0)
(0.16609038 -0.41861244 0)
(0.15535021 -0.40823556 0)
(0.14473228 -0.39765437 0)
(0.13417098 -0.38681122 0)
(0.12362314 -0.3756287 0)
(0.11309099 -0.36400568 0)
(0.10263747 -0.35183255 0)
(0.092404438 -0.33900691 0)
(0.082626147 -0.32547558 0)
(0.073615076 -0.31128911 0)
(0.065704645 -0.29665735 0)
(0.059147837 -0.28194581 0)
(0.054034867 -0.2675718 0)
(0.050262382 -0.25390035 0)
(0.047583286 -0.24116827 0)
(0.04570104 -0.22948346 0)
(0.044347877 -0.21884395 0)
(0.043338481 -0.20918645 0)
(0.042567689 -0.20044008 0)
(0.041976167 -0.19255082 0)
(0.04152086 -0.18547667 0)
(0.041162731 -0.17917695 0)
(0.040864143 -0.17360707 0)
(0.040588685 -0.16871754 0)
(0.040301937 -0.16445619 0)
(0.039971834 -0.16076975 0)
(0.039569522 -0.15760617 0)
(0.039068914 -0.15491629 0)
(0.038446105 -0.15265568 0)
(0.037677809 -0.15078596 0)
(0.036740474 -0.14927575 0)
(0.035610257 -0.1481009 0)
(0.034265162 -0.14724371 0)
(0.032689885 -0.14669105 0)
(0.030883883 -0.14643131 0)
(0.028872714 -0.14645069 0)
(0.026721883 -0.14672927 0)
(0.024551625 -0.14723787 0)
(0.022550145 -0.14793612 0)
(0.02098164 -0.14877255 0)
(0.020185389 -0.14968735 0)
(0.020561949 -0.15061832 0)
(0.022545029 -0.1515102 0)
(0.026557483 -0.1523262 0)
(0.03294161 -0.15305803 0)
(0.041860086 -0.15373051 0)
(0.053286803 -0.15439802 0)
(0.067515682 -0.1551189 0)
(0.085666929 -0.15585937 0)
(0.10450372 -0.15629538 0)
(0.19377849 -0.41310507 0)
(0.18247175 -0.40461871 0)
(0.1714578 -0.39596125 0)
(0.16066262 -0.38709375 0)
(0.15003936 -0.37796821 0)
(0.1395653 -0.36852689 0)
(0.12925226 -0.35870479 0)
(0.11915278 -0.34843997 0)
(0.10936492 -0.33768567 0)
(0.1000332 -0.32643157 0)
(0.09133482 -0.31472671 0)
(0.083451425 -0.30269721 0)
(0.076525102 -0.29054162 0)
(0.070619961 -0.27849598 0)
(0.065701492 -0.26678825 0)
(0.06165114 -0.25559123 0)
(0.058306115 -0.24500811 0)
(0.055502337 -0.23507691 0)
(0.053106733 -0.22579291 0)
(0.051024908 -0.21713645 0)
(0.049191791 -0.20908806 0)
(0.047558472 -0.20163235 0)
(0.046083929 -0.19475527 0)
(0.044731106 -0.18844192 0)
(0.043465193 -0.18267481 0)
(0.0422535 -0.1774337 0)
(0.041065247 -0.17269577 0)
(0.039871788 -0.16843673 0)
(0.038645835 -0.164632 0)
(0.037360674 -0.16125821 0)
(0.035988865 -0.15829437 0)
(0.034501697 -0.15572273 0)
(0.03286967 -0.15352912 0)
(0.03106508 -0.15170245 0)
(0.029067311 -0.15023342 0)
(0.02687136 -0.14911247 0)
(0.024499743 -0.14832712 0)
(0.022017199 -0.1478592 0)
(0.019546723 -0.14768224 0)
(0.01728454 -0.14775952 0)
(0.015510148 -0.14804335 0)
(0.014587169 -0.1484764 0)
(0.014950489 -0.14899629 0)
(0.017076943 -0.14954413 0)
(0.021437938 -0.15007652 0)
(0.028421936 -0.15057753 0)
(0.038221883 -0.15106566 0)
(0.050814844 -0.15159187 0)
(0.066517541 -0.15221481 0)
(0.086578135 -0.15289962 0)
(0.10749035 -0.15331328 0)
(0.20905392 -0.39571718 0)
(0.19740246 -0.38801156 0)
(0.18610278 -0.38017033 0)
(0.17509513 -0.37216609 0)
(0.16434338 -0.36396412 0)
(0.15383224 -0.35552475 0)
(0.14357199 -0.34680661 0)
(0.13359995 -0.33777447 0)
(0.12398096 -0.32840653 0)
(0.11480477 -0.31870618 0)
(0.1061764 -0.30871159 0)
(0.098200612 -0.29850254 0)
(0.090960412 -0.28819692 0)
(0.084497516 -0.27793579 0)
(0.078800773 -0.26786106 0)
(0.073809951 -0.25809142 0)
(0.069432927 -0.24870979 0)
(0.06556757 -0.23976161 0)
(0.062120217 -0.23126394 0)
(0.05901401 -0.22321862 0)
(0.056188527 -0.21562192 0)
(0.053595264 -0.20846929 0)
(0.051193496 -0.20175604 0)
(0.048947523 -0.19547719 0)
(0.046824958 -0.18962651 0)
(0.044795996 -0.18419638 0)
(0.042832641 -0.17917762 0)
(0.040908189 -0.17456006 0)
(0.038996106 -0.17033323 0)
(0.037069019 -0.16648728 0)
(0.035097578 -0.16301369 0)
(0.033050152 -0.15990582 0)
(0.030893726 -0.15715895 0)
(0.028596851 -0.15476988 0)
(0.026135328 -0.1527359 0)
(0.023501116 -0.15105333 0)
(0.02071473 -0.14971555 0)
(0.017840696 -0.1487109 0)
(0.01500475 -0.14802037 0)
(0.012410518 -0.14761548 0)
(0.01035168 -0.14745668 0)
(0.0092150229 -0.1474933 0)
(0.0094688444 -0.14766657 0)
(0.011633428 -0.14791716 0)
(0.016230401 -0.14819743 0)
(0.023698258 -0.14848535 0)
(0.034265578 -0.1487944 0)
(0.047917287 -0.14917404 0)
(0.064991843 -0.14968693 0)
(0.086863967 -0.15030484 0)
(0.10978701 -0.15069336 0)
(0.22321988 -0.38030714 0)
(0.21122247 -0.3729182 0)
(0.19961411 -0.36542648 0)
(0.18834833 -0.35781752 0)
(0.17739648 -0.35007026 0)
(0.16674611 -0.34216027 0)
(0.1564032 -0.33406321 0)
(0.14639197 -0.32576024 0)
(0.13675397 -0.31724279 0)
(0.12754515 -0.30851899 0)
(0.1188293 -0.29961821 0)
(0.11066893 -0.29059383 0)
(0.10311365 -0.28152088 0)
(0.096189755 -0.2724886 0)
(0.089893536 -0.26358871 0)
(0.084191961 -0.25490291 0)
(0.079030103 -0.24649416 0)
(0.07434212 -0.23840405 0)
(0.070061702 -0.23065563 0)
(0.066128493 -0.22325943 0)
(0.062490343 -0.21621888 0)
(0.059102659 -0.20953415 0)
(0.055926961 -0.20320366 0)
(0.052929479 -0.19722496 0)
(0.05007993 -0.19159464 0)
(0.047350663 -0.18630866 0)
(0.044715625 -0.18136233 0)
(0.042149422 -0.17675084 0)
(0.039626004 -0.17246977 0)
(0.037117518 -0.16851558 0)
(0.034593308 -0.16488611 0)
(0.032019781 -0.16158078 0)
(0.029361572 -0.15860048 0)
(0.026584747 -0.1559472 0)
(0.02366272 -0.15362317 0)
(0.020585407 -0.15162977 0)
(0.01737196 -0.14996608 0)
(0.01408683 -0.14862718 0)
(0.010858022 -0.14760213 0)
(0.0078954564 -0.14687153 0)
(0.0055054198 -0.14640519 0)
(0.0040960946 -0.14616066 0)
(0.0041680402 -0.14608451 0)
(0.0062848533 -0.14611854 0)
(0.011020397 -0.14621196 0)
(0.018867319 -0.14633712 0)
(0.030096232 -0.14650278 0)
(0.044705788 -0.1467582 0)
(0.063055449 -0.14717299 0)
(0.086645304 -0.14773176 0)
(0.11151523 -0.14810294 0)
(0.23642541 -0.36740507 0)
(0.22408576 -0.3601417 0)
(0.2121548 -0.35279766 0)
(0.2005982 -0.34536953 0)
(0.18939333 -0.33784777 0)
(0.17852929 -0.33021995 0)
(0.1680081 -0.3224739 0)
(0.15784422 -0.31460155 0)
(0.1480635 -0.30660204 0)
(0.1387006 -0.29848553 0)
(0.12979462 -0.29027552 0)
(0.12138341 -0.28201006 0)
(0.11349689 -0.27374015 0)
(0.10615106 -0.26552563 0)
(0.099344063 -0.25742878 0)
(0.093055855 -0.24950732 0)
(0.087251463 -0.24180896 0)
(0.081886524 -0.23436894 0)
(0.076913176 -0.2272103 0)
(0.072284518 -0.22034656 0)
(0.067957123 -0.21378447 0)
(0.063891852 -0.20752657 0)
(0.06005375 -0.2015727 0)
(0.05641156 -0.1959211 0)
(0.052936977 -0.19056889 0)
(0.049603878 -0.18551266 0)
(0.046387273 -0.18074878 0)
(0.043262201 -0.176274 0)
(0.040202411 -0.1720858 0)
(0.037179191 -0.16818288 0)
(0.034160517 -0.16456545 0)
(0.031111059 -0.16123527 0)
(0.027993531 -0.15819556 0)
(0.024772036 -0.15545062 0)
(0.021418086 -0.15300522 0)
(0.017919862 -0.15086374 0)
(0.014295142 -0.14902926 0)
(0.010607821 -0.14750212 0)
(0.0069871177 -0.14627818 0)
(0.0036475805 -0.14534627 0)
(0.00090592492 -0.14468514 0)
(-0.00081045101 -0.14426063 0)
(-0.00097050563 -0.14402517 0)
(0.001032478 -0.14392215 0)
(0.0058263575 -0.14389762 0)
(0.013962705 -0.14391768 0)
(0.025761085 -0.14398549 0)
(0.041240523 -0.14414986 0)
(0.060781782 -0.14448908 0)
(0.08600937 -0.14500448 0)
(0.11277535 -0.14536966 0)
(0.24873645 -0.35653699 0)
(0.23606333 -0.34934029 0)
(0.22380616 -0.34207631 0)
(0.21194097 -0.33475003 0)
(0.20045054 -0.3273607 0)
(0.18932531 -0.31990483 0)
(0.1785645 -0.31237881 0)
(0.16817585 -0.30478171 0)
(0.15817476 -0.29711746 0)
(0.1485823 -0.28939721 0)
(0.13942224 -0.28164063 0)
(0.13071742 -0.27387654 0)
(0.12248563 -0.26614179 0)
(0.11473604 -0.2584789 0)
(0.10746666 -0.2509323 0)
(0.10066386 -0.24354433 0)
(0.094303709 -0.23635176 0)
(0.088354851 -0.22938375 0)
(0.082781856 -0.22266143 0)
(0.077548174 -0.21619878 0)
(0.072618231 -0.21000399 0)
(0.067958571 -0.20408104 0)
(0.063538299 -0.19843083 0)
(0.059329039 -0.19305223 0)
(0.055304517 -0.18794277 0)
(0.051439902 -0.1830993 0)
(0.047710846 -0.17851855 0)
(0.044092378 -0.17419764 0)
(0.040557664 -0.17013458 0)
(0.037076911 -0.16632859 0)
(0.033616669 -0.16278037 0)
(0.030139957 -0.15949216 0)
(0.026607746 -0.15646761 0)
(0.022982357 -0.15371151 0)
(0.019233498 -0.15122939 0)
(0.015347506 -0.14902701 0)
(0.01134034 -0.14710974 0)
(0.007274427 -0.14548158 0)
(0.0032787031 -0.14414369 0)
(-0.00042978759 -0.14309187 0)
(-0.0035264991 -0.14231296 0)
(-0.0055676936 -0.14178081 0)
(-0.0059939605 -0.14145374 0)
(-0.0041562275 -0.1412768 0)
(0.00062926058 -0.14119239 0)
(0.0089777334 -0.14115896 0)
(0.021265493 -0.14117204 0)
(0.037539348 -0.14127843 0)
(0.058202297 -0.14156533 0)
(0.085003656 -0.14205343 0)
(0.11363229 -0.14242315 0)
(0.26018989 -0.34705846 0)
(0.24719487 -0.33992609 0)
(0.23461482 -0.33273442 0)
(0.22243461 -0.32549427 0)
(0.21064179 -0.31821125 0)
(0.19922831 -0.31088829 0)
(0.18819179 -0.30352769 0)
(0.17753558 -0.29613331 0)
(0.16726823 -0.28871209 0)
(0.15740203 -0.28127564 0)
(0.14795102 -0.2738411 0)
(0.13892855 -0.26643142 0)
(0.13034473 -0.25907471 0)
(0.12220409 -0.25180276 0)
(0.11450397 -0.24464879 0)
(0.10723396 -0.237645 0)
(0.10037652 -0.23082035 0)
(0.093908392 -0.22419898 0)
(0.087802608 -0.21779959 0)
(0.082030384 -0.21163555 0)
(0.076562682 -0.20571555 0)
(0.071371264 -0.20004446 0)
(0.066429235 -0.19462414 0)
(0.061711176 -0.18945432 0)
(0.057192874 -0.18453324 0)
(0.05285076 -0.17985832 0)
(0.048661048 -0.17542676 0)
(0.044598689 -0.17123605 0)
(0.040636248 -0.16728444 0)
(0.036742918 -0.16357126 0)
(0.03288396 -0.1600971 0)
(0.029020938 -0.15686398 0)
(0.025113276 -0.15387516 0)
(0.021121657 -0.15113511 0)
(0.017013982 -0.14864921 0)
(0.01277451 -0.14642355 0)
(0.0084167899 -0.14446472 0)
(0.0040006952 -0.1427792 0)
(-0.00034682011 -0.1413723 0)
(-0.004408612 -0.14024574 0)
(-0.007855361 -0.13939385 0)
(-0.010230177 -0.1387983 0)
(-0.010948111 -0.1384235 0)
(-0.0093187932 -0.13821639 0)
(-0.0046011498 -0.1381152 0)
(0.0038890066 -0.13806894 0)
(0.016592967 -0.13806267 0)
(0.03359377 -0.13813834 0)
(0.055318883 -0.13839136 0)
(0.083643518 -0.138864 0)
(0.11411856 -0.13924562 0)
(0.27081449 -0.3384274 0)
(0.25750998 -0.33137694 0)
(0.2446146 -0.32427214 0)
(0.23212041 -0.31712764 0)
(0.22001923 -0.30995348 0)
(0.2083047 -0.30275699 0)
(0.19697375 -0.29554458 0)
(0.18602707 -0.28832324 0)
(0.17546878 -0.28110184 0)
(0.16530552 -0.27389218 0)
(0.15554502 -0.26670956 0)
(0.14619456 -0.25957308 0)
(0.13725919 -0.25250514 0)
(0.12874031 -0.24553056 0)
(0.12063449 -0.23867518 0)
(0.11293304 -0.23196431 0)
(0.10562223 -0.22542122 0)
(0.098684044 -0.21906603 0)
(0.092097328 -0.21291506 0)
(0.085839057 -0.20698067 0)
(0.079885408 -0.20127151 0)
(0.074212594 -0.19579297 0)
(0.068797332 -0.19054774 0)
(0.06361698 -0.18553644 0)
(0.058649324 -0.18075822 0)
(0.053872063 -0.17621135 0)
(0.049262026 -0.17189373 0)
(0.04479421 -0.16780341 0)
(0.040440766 -0.16393897 0)
(0.036170125 -0.16029984 0)
(0.031946556 -0.15688649 0)
(0.027730484 -0.15370055 0)
(0.023480068 -0.15074473 0)
(0.019154551 -0.14802287 0)
(0.014720072 -0.14553984 0)
(0.010158607 -0.14330163 0)
(0.0054807306 -0.1413154 0)
(0.00074269334 -0.13958943 0)
(-0.0039322674 -0.13813238 0)
(-0.0083294464 -0.13695133 0)
(-0.01211801 -0.13604772 0)
(-0.014831644 -0.13541123 0)
(-0.015863107 -0.13501306 0)
(-0.014482618 -0.13480268 0)
(-0.0098903558 -0.13471403 0)
(-0.0013280047 -0.13468494 0)
(0.011720291 -0.13468642 0)
(0.029383474 -0.13475172 0)
(0.052116861 -0.13498285 0)
(0.081924766 -0.1354462 0)
(0.11424452 -0.13584396 0)
(0.28063731 -0.33025968 0)
(0.26703583 -0.32331217 0)
(0.25383499 -0.31631373 0)
(0.24103267 -0.30928147 0)
(0.22862441 -0.30222821 0)
(0.21660561 -0.29516432 0)
(0.20497319 -0.28809887 0)
(0.19372634 -0.281041 0)
(0.18286647 -0.27400072 0)
(0.17239655 -0.26698985 0)
(0.16232025 -0.26002235 0)
(0.15264087 -0.25311463 0)
(0.14336015 -0.24628519 0)
(0.13447732 -0.23955413 0)
(0.12598831 -0.2329422 0)
(0.1178854 -0.22646984 0)
(0.11015722 -0.22015612 0)
(0.10278923 -0.21401794 0)
(0.095764354 -0.2080695 0)
(0.089063817 -0.20232203 0)
(0.082667848 -0.19678382 0)
(0.076556297 -0.19146051 0)
(0.07070896 -0.18635538 0)
(0.065105661 -0.18146989 0)
(0.059726027 -0.1768041 0)
(0.054548996 -0.17235715 0)
(0.049552089 -0.16812778 0)
(0.04471052 -0.16411465 0)
(0.039996279 -0.16031682 0)
(0.035377356 -0.1567339 0)
(0.030817389 -0.15336629 0)
(0.02627603 -0.15021527 0)
(0.021710511 -0.14728305 0)
(0.01707889 -0.14457278 0)
(0.012345658 -0.14208877 0)
(0.007490387 -0.13983666 0)
(0.0025202128 -0.13782395 0)
(-0.002513209 -0.13606024 0)
(-0.0074920493 -0.13455711 0)
(-0.012206592 -0.13332661 0)
(-0.016327954 -0.13237728 0)
(-0.019384466 -0.13170734 0)
(-0.020750669 -0.13129592 0)
(-0.019659692 -0.13109637 0)
(-0.015252436 -0.13103893 0)
(-0.0066905746 -0.13104871 0)
(0.0066267683 -0.13107891 0)
(0.024886132 -0.13114875 0)
(0.048576442 -0.13136509 0)
(0.079835242 -0.13182099 0)
(0.11401332 -0.1322367 0)
(0.28968601 -0.32231138 0)
(0.27579973 -0.31548443 0)
(0.26230464 -0.30860986 0)
(0.24920304 -0.30170544 0)
(0.23649375 -0.29478602 0)
(0.22417383 -0.28786369 0)
(0.21224067 -0.28094942 0)
(0.20069273 -0.27405356 0)
(0.18952983 -0.26718691 0)
(0.17875266 -0.26036111 0)
(0.16836228 -0.25358914 0)
(0.15835938 -0.24688543 0)
(0.14874353 -0.24026574 0)
(0.13951249 -0.23374681 0)
(0.13066171 -0.22734578 0)
(0.12218402 -0.22107952 0)
(0.11406965 -0.21496393 0)
(0.10630639 -0.20901338 0)
(0.098880088 -0.20324018 0)
(0.091775077 -0.19765447 0)
(0.084974712 -0.19226402 0)
(0.07846173 -0.18707451 0)
(0.072218473 -0.18208959 0)
(0.066226865 -0.17731138 0)
(0.060468171 -0.17274066 0)
(0.0549225 -0.16837743 0)
(0.049568114 -0.16422112 0)
(0.044380603 -0.16027108 0)
(0.039332039 -0.15652675 0)
(0.034390285 -0.15298799 0)
(0.029518698 -0.14965515 0)
(0.024676529 -0.14652923 0)
(0.019820426 -0.14361194 0)
(0.014907548 -0.14090582 0)
(0.0099008926 -0.13841453 0)
(0.0047775983 -0.13614335 0)
(-0.00045900407 -0.13409985 0)
(-0.0057626997 -0.13229471 0)
(-0.011022649 -0.1307421 0)
(-0.016036645 -0.12945875 0)
(-0.02048136 -0.12846043 0)
(-0.023884375 -0.1277547 0)
(-0.025606617 -0.12733022 0)
(-0.024847772 -0.1271464 0)
(-0.020689147 -0.12713109 0)
(-0.012207121 -0.12719606 0)
(0.0012968207 -0.12727245 0)
(0.020080736 -0.1273594 0)
(0.044675907 -0.1275655 0)
(0.077362712 -0.12801409 0)
(0.11343157 -0.12844873 0)
(0.2979897 -0.31444161 0)
(0.2838306 -0.30774874 0)
(0.27005283 -0.30101061 0)
(0.25666275 -0.2942463 0)
(0.24366143 -0.28747098 0)
(0.23104777 -0.2806982 0)
(0.21881968 -0.27393973 0)
(0.20697552 -0.26720691 0)
(0.19551419 -0.26051079 0)
(0.18443507 -0.25386288 0)
(0.17373755 -0.24727531 0)
(0.16342066 -0.24076106 0)
(0.15348255 -0.23433387 0)
(0.14392001 -0.22800803 0)
(0.13472817 -0.22179804 0)
(0.12590025 -0.21571808 0)
(0.11742752 -0.20978167 0)
(0.10929948 -0.20400107 0)
(0.10150402 -0.1983871 0)
(0.094027827 -0.19294876 0)
(0.086856613 -0.18769336 0)
(0.079975399 -0.18262633 0)
(0.073368576 -0.17775161 0)
(0.067019831 -0.17307165 0)
(0.060911848 -0.1685879 0)
(0.055025819 -0.16430088 0)
(0.049340775 -0.1602107 0)
(0.0438328 -0.15631715 0)
(0.038474263 -0.15262008 0)
(0.033233165 -0.14911943 0)
(0.028072908 -0.14581552 0)
(0.022952667 -0.14270902 0)
(0.017828845 -0.13980115 0)
(0.012657973 -0.1370938 0)
(0.0074017644 -0.13458999 0)
(0.0020349323 -0.13229448 0)
(-0.0034432328 -0.13021477 0)
(-0.0089927056 -0.12836231 0)
(-0.014511064 -0.12675352 0)
(-0.019806078 -0.12540955 0)
(-0.024563774 -0.12435354 0)
(-0.02831591 -0.12360322 0)
(-0.030415637 -0.12315887 0)
(-0.030033572 -0.12298866 0)
(-0.026193036 -0.12302097 0)
(-0.017879292 -0.12315399 0)
(-0.0042821267 -0.1232936 0)
(0.014945821 -0.12341296 0)
(0.04039221 -0.12361514 0)
(0.074494174 -0.12405858 0)
(0.11251034 -0.12451564 0)
(0.30557961 -0.30658002 0)
(0.29115862 -0.30002869 0)
(0.27711058 -0.29343609 0)
(0.26344344 -0.28681968 0)
(0.25016118 -0.28019579 0)
(0.23726368 -0.27357793 0)
(0.22474984 -0.26697879 0)
(0.212618 -0.2604099 0)
(0.20086682 -0.25388258 0)
(0.1894948 -0.24740802 0)
(0.17850044 -0.24099771 0)
(0.16788168 -0.23466351 0)
(0.1576358 -0.2284176 0)
(0.14775898 -0.22227251 0)
(0.13824616 -0.21624067 0)
(0.12909083 -0.21033435 0)
(0.12028508 -0.20456504 0)
(0.11181956 -0.19894351 0)
(0.10368374 -0.1934791 0)
(0.09586601 -0.18818005 0)
(0.088353926 -0.18305291 0)
(0.081134278 -0.17810304 0)
(0.07419311 -0.17333423 0)
(0.067515569 -0.16874932 0)
(0.061085565 -0.16434998 0)
(0.054885287 -0.16013729 0)
(0.048894532 -0.15611163 0)
(0.043089992 -0.15227324 0)
(0.037444478 -0.14862205 0)
(0.03192639 -0.14515811 0)
(0.02649942 -0.1418815 0)
(0.021122992 -0.13879254 0)
(0.015753534 -0.13589184 0)
(0.010347256 -0.13318062 0)
(0.0048647655 -0.1306611 0)
(-0.00072153063 -0.12833737 0)
(-0.0064165772 -0.12621663 0)
(-0.012187103 -0.12431076 0)
(-0.017940413 -0.12263797 0)
(-0.023496675 -0.12122355 0)
(-0.028555055 -0.12009781 0)
(-0.032657217 -0.11928969 0)
(-0.035154933 -0.11881295 0)
(-0.035196522 -0.11864875 0)
(-0.031749549 -0.11872923 0)
(-0.023704019 -0.11894188 0)
(-0.010123298 -0.11916359 0)
(0.0094563208 -0.11933664 0)
(0.035698873 -0.11954836 0)
(0.071217745 -0.1199975 0)
(0.1112691 -0.12048659 0)
(0.31248794 -0.29869643 0)
(0.29781693 -0.29229286 0)
(0.28350966 -0.28585006 0)
(0.26957812 -0.27938681 0)
(0.25602664 -0.27291825 0)
(0.24285706 -0.26645868 0)
(0.23006854 -0.26002053 0)
(0.21766006 -0.25361576 0)
(0.20562994 -0.24725549 0)
(0.19397654 -0.24095074 0)
(0.18269764 -0.23471237 0)
(0.17179072 -0.22855135 0)
(0.16125242 -0.22247876 0)
(0.15107864 -0.21650565 0)
(0.14126419 -0.21064303 0)
(0.13180287 -0.2049015 0)
(0.12268729 -0.19929122 0)
(0.11390907 -0.19382145 0)
(0.10545877 -0.18850065 0)
(0.097326146 -0.18333602 0)
(0.089500134 -0.17833375 0)
(0.081968934 -0.17349868 0)
(0.07471993 -0.16883473 0)
(0.067739469 -0.16434461 0)
(0.061012548 -0.16003033 0)
(0.054522248 -0.15589305 0)
(0.048249173 -0.1519335 0)
(0.042170652 -0.14815193 0)
(0.036260143 -0.14454841 0)
(0.030486573 -0.14112276 0)
(0.024814227 -0.13787481 0)
(0.019202982 -0.1348043 0)
(0.013609627 -0.13191119 0)
(0.0079902596 -0.1291958 0)
(0.002304671 -0.12665946 0)
(-0.0034769525 -0.12430534 0)
(-0.0093638111 -0.12214001 0)
(-0.015329846 -0.1201753 0)
(-0.021293247 -0.11843075 0)
(-0.027088734 -0.11693498 0)
(-0.03243279 -0.11572552 0)
(-0.036882608 -0.11484251 0)
(-0.039797118 -0.11431607 0)
(-0.040309823 -0.1141436 0)
(-0.037338387 -0.114268 0)
(-0.029673404 -0.11456925 0)
(-0.01623536 -0.11489596 0)
(0.0035886081 -0.115149 0)
(0.030568508 -0.11539498 0)
(0.067523189 -0.11587299 0)
(0.10974247 -0.11641157 0)
(0.31874955 -0.29078753 0)
(0.30383773 -0.28453307 0)
(0.28928441 -0.2782434 0)
(0.27510003 -0.27193535 0)
(0.26129224 -0.26562447 0)
(0.24786281 -0.25932429 0)
(0.23481217 -0.25304769 0)
(0.22213923 -0.24680618 0)
(0.20984276 -0.24061106 0)
(0.19792074 -0.23447279 0)
(0.18637093 -0.22840194 0)
(0.17519029 -0.22240862 0)
(0.16437534 -0.21650309 0)
(0.15392169 -0.21069527 0)
(0.14382425 -0.20499505 0)
(0.13407698 -0.19941179 0)
(0.12467303 -0.1939545 0)
(0.11560465 -0.18863138 0)
(0.10686336 -0.18344998 0)
(0.098439882 -0.17841678 0)
(0.090324279 -0.17353742 0)
(0.082505869 -0.16881647 0)
(0.07497312 -0.16425759 0)
(0.067713425 -0.15986352 0)
(0.060712696 -0.15563624 0)
(0.053954905 -0.15157702 0)
(0.047421403 -0.14768659 0)
(0.041090308 -0.1439652 0)
(0.034935759 -0.14041273 0)
(0.02892748 -0.13702877 0)
(0.023030466 -0.13381261 0)
(0.017205379 -0.13076339 0)
(0.011409543 -0.12788014 0)
(0.0055992968 -0.12516222 0)
(-0.0002661992 -0.12260974 0)
(-0.0062187204 -0.12022474 0)
(-0.012271692 -0.11801266 0)
(-0.018406566 -0.11598489 0)
(-0.024553191 -0.11416128 0)
(-0.030563155 -0.11257331 0)
(-0.036173667 -0.11126437 0)
(-0.040964502 -0.11028648 0)
(-0.04430995 -0.10968691 0)
(-0.045340251 -0.10948462 0)
(-0.042930538 -0.10963967 0)
(-0.035771344 -0.11003259 0)
(-0.022619891 -0.11048536 0)
(-0.0026761143 -0.11085186 0)
(0.024972995 -0.11116463 0)
(0.063404322 -0.1117046 0)
(0.10797989 -0.11231743 0)
(0.32439799 -0.28286033 0)
(0.30925733 -0.27675608 0)
(0.29446782 -0.27062039 0)
(0.28004381 -0.26446862 0)
(0.26599198 -0.25831581 0)
(0.2523159 -0.2521753 0)
(0.23901591 -0.2460595 0)
(0.22609177 -0.23998003 0)
(0.2135421 -0.23394766 0)
(0.20136519 -0.22797284 0)
(0.1895585 -0.22206543 0)
(0.17811907 -0.21623521 0)
(0.16704312 -0.21049149 0)
(0.15632638 -0.20484357 0)
(0.14596371 -0.19930021 0)
(0.13594939 -0.19387004 0)
(0.1262769 -0.18856095 0)
(0.11693911 -0.1833805 0)
(0.10792818 -0.17833526 0)
(0.099235692 -0.17343133 0)
(0.090852566 -0.16867367 0)
(0.082769047 -0.16406667 0)
(0.074974514 -0.15961363 0)
(0.067457243 -0.15531728 0)
(0.060204011 -0.15117942 0)
(0.053199594 -0.14720135 0)
(0.046426165 -0.1433836 0)
(0.039862629 -0.13972635 0)
(0.033484002 -0.13622912 0)
(0.02726088 -0.1328911 0)
(0.021159251 -0.12971095 0)
(0.015140703 -0.126687 0)
(0.0091634394 -0.12381727 0)
(0.0031842435 -0.12109986 0)
(-0.0028379967 -0.11853352 0)
(-0.0089367672 -0.11611871 0)
(-0.015129559 -0.11385944 0)
(-0.021405249 -0.11176569 0)
(-0.027706207 -0.10985707 0)
(-0.033902143 -0.10816621 0)
(-0.039755165 -0.10674156 0)
(-0.044873333 -0.10564558 0)
(-0.048657096 -0.10494366 0)
(-0.05024572 -0.10468026 0)
(-0.048484507 -0.10483994 0)
(-0.041966378 -0.10531458 0)
(-0.029268513 -0.10590424 0)
(-0.0093556377 -0.10641268 0)
(0.018881126 -0.10683982 0)
(0.058845279 -0.10747463 0)
(0.10603292 -0.10818768 0)
(0.32946925 -0.27492647 0)
(0.3141086 -0.26897396 0)
(0.29909546 -0.26299182 0)
(0.28444322 -0.25699658 0)
(0.27016039 -0.25100152 0)
(0.25625039 -0.24502008 0)
(0.24271448 -0.23906401 0)
(0.22955239 -0.23314483 0)
(0.21676327 -0.22727295 0)
(0.20434528 -0.22145855 0)
(0.19229613 -0.21571109 0)
(0.18061268 -0.21003982 0)
(0.16929131 -0.20445356 0)
(0.15832763 -0.19896084 0)
(0.14771677 -0.19356985 0)
(0.13745312 -0.18828832 0)
(0.12753058 -0.18312359 0)
(0.11794244 -0.17808233 0)
(0.10868146 -0.17317073 0)
(0.099739868 -0.16839413 0)
(0.091109328 -0.16375731 0)
(0.08278083 -0.1592641 0)
(0.074744554 -0.15491778 0)
(0.066989553 -0.1507207 0)
(0.059503404 -0.14667468 0)
(0.052271677 -0.14278071 0)
(0.045277378 -0.13903928 0)
(0.038500291 -0.13545014 0)
(0.031916387 -0.13201256 0)
(0.025497324 -0.12872507 0)
(0.019210225 -0.12558569 0)
(0.013017877 -0.12259173 0)
(0.0068795726 -0.11974012 0)
(0.00075288718 -0.11702748 0)
(-0.0054032427 -0.11445094 0)
(-0.011623667 -0.11200907 0)
(-0.017929481 -0.10970382 0)
(-0.024316981 -0.10754319 0)
(-0.030740922 -0.10554521 0)
(-0.037090726 -0.10374228 0)
(-0.043155884 -0.1021858 0)
(-0.048579272 -0.10094654 0)
(-0.052797765 -0.10010779 0)
(-0.054974872 -0.099740919 0)
(-0.05394301 -0.099864745 0)
(-0.048207033 -0.10039307 0)
(-0.036150805 -0.10111771 0)
(-0.016471787 -0.10178697 0)
(0.012236203 -0.10236017 0)
(0.053812711 -0.10311985 0)
(0.10393523 -0.10396668 0)
(0.33399707 -0.26700054 0)
(0.31842695 -0.26119827 0)
(0.30320061 -0.25537057 0)
(0.28833234 -0.2495311 0)
(0.27383079 -0.24369364 0)
(0.25969996 -0.23787019 0)
(0.24594119 -0.23207279 0)
(0.23255472 -0.22631208 0)
(0.21953973 -0.2205986 0)
(0.20689469 -0.21494187 0)
(0.19461727 -0.20935125 0)
(0.18270453 -0.20383542 0)
(0.1711528 -0.19840284 0)
(0.15995788 -0.19306144 0)
(0.14911496 -0.18781889 0)
(0.13861874 -0.18268234 0)
(0.12846337 -0.17765852 0)
(0.11864256 -0.17275362 0)
(0.10914955 -0.16797326 0)
(0.099977121 -0.16332243 0)
(0.091117543 -0.15880543 0)
(0.08256248 -0.15442594 0)
(0.074302786 -0.15018686 0)
(0.066328249 -0.14609047 0)
(0.058627184 -0.14213826 0)
(0.051185969 -0.13833114 0)
(0.043988458 -0.13466924 0)
(0.037015393 -0.13115208 0)
(0.030243804 -0.12777836 0)
(0.023646548 -0.1245461 0)
(0.017192075 -0.12145242 0)
(0.010844574 -0.11849369 0)
(0.0045647148 -0.11566547 0)
(-0.0016888228 -0.1129629 0)
(-0.00795667 -0.11038116 0)
(-0.014274509 -0.10791667 0)
(-0.020666623 -0.10556873 0)
(-0.027136002 -0.10334265 0)
(-0.033649785 -0.10125348 0)
(-0.040117234 -0.09933181 0)
(-0.046357552 -0.097628948 0)
(-0.052053615 -0.09622149 0)
(-0.056688834 -0.095207014 0)
(-0.059468794 -0.09468548 0)
(-0.059235021 -0.09471483 0)
(-0.054424589 -0.095248523 0)
(-0.043225031 -0.096083335 0)
(-0.024020352 -0.096922545 0)
(0.0049862486 -0.097644127 0)
(0.048221785 -0.098561325 0)
(0.10168007 -0.099576229 0)
(0.33801499 -0.25909294 0)
(0.32224528 -0.2534424 0)
(0.30681661 -0.24776841 0)
(0.29174384 -0.24208493 0)
(0.27703591 -0.23640415 0)
(0.26269687 -0.23073817 0)
(0.24872838 -0.22509803 0)
(0.23513077 -0.21949446 0)
(0.22190351 -0.21393728 0)
(0.20904516 -0.20843602 0)
(0.19655356 -0.20299947 0)
(0.18442582 -0.19763615 0)
(0.17265843 -0.19235399 0)
(0.16124729 -0.18716063 0)
(0.15018776 -0.1820632 0)
(0.13947474 -0.17706845 0)
(0.12910269 -0.17218263 0)
(0.11906565 -0.16741151 0)
(0.10935728 -0.16276031 0)
(0.099970832 -0.15823366 0)
(0.090899119 -0.15383558 0)
(0.082134373 -0.14956945 0)
(0.07366808 -0.14543799 0)
(0.065490694 -0.14144322 0)
(0.057591261 -0.13758651 0)
(0.049956953 -0.13386847 0)
(0.042572523 -0.13028902 0)
(0.035419722 -0.12684725 0)
(0.028476746 -0.12354143 0)
(0.021717784 -0.12036889 0)
(0.015112778 -0.11732598 0)
(0.0086275464 -0.11440794 0)
(0.0022243984 -0.11160905 0)
(-0.0041365379 -0.10892273 0)
(-0.010495002 -0.10634218 0)
(-0.016886975 -0.10386124 0)
(-0.023339123 -0.1014763 0)
(-0.029860415 -0.09918897 0)
(-0.036429388 -0.097010415 0)
(-0.042974886 -0.094966912 0)
(-0.049346641 -0.093107216 0)
(-0.055271157 -0.091508811 0)
(-0.060288164 -0.090279665 0)
(-0.063662353 -0.089544537 0)
(-0.064274122 -0.089405446 0)
(-0.060522682 -0.089867662 0)
(-0.050416359 -0.090761596 0)
(-0.031982759 -0.091751123 0)
(-0.0029416183 -0.092626601 0)
(0.041950008 -0.093717933 0)
(0.099232879 -0.09494403 0)
(0.34155572 -0.25121607 0)
(0.32559573 -0.24571706 0)
(0.30997548 -0.24019719 0)
(0.29470956 -0.23466918 0)
(0.27980717 -0.22914484 0)
(0.26527237 -0.2236354 0)
(0.25110689 -0.21815167 0)
(0.23731123 -0.21270376 0)
(0.22388496 -0.20730135 0)
(0.21082682 -0.20195349 0)
(0.19813474 -0.19666883 0)
(0.18580596 -0.19145546 0)
(0.17383708 -0.18632108 0)
(0.16222414 -0.18127293 0)
(0.15096268 -0.17631783 0)
(0.14004782 -0.17146214 0)
(0.12947425 -0.16671179 0)
(0.11923633 -0.16207219 0)
(0.1093281 -0.15754825 0)
(0.099743218 -0.15314431 0)
(0.090474963 -0.14886415 0)
(0.081516094 -0.14471092 0)
(0.072858668 -0.14068715 0)
(0.064493777 -0.1367947 0)
(0.056411177 -0.13303471 0)
(0.048598845 -0.12940762 0)
(0.041042458 -0.12591303 0)
(0.03372484 -0.12254972 0)
(0.02662544 -0.11931547 0)
(0.019719895 -0.116207 0)
(0.012979804 -0.11321983 0)
(0.0063728106 -0.11034818 0)
(-0.00013685808 -0.10758498 0)
(-0.0065872828 -0.10492198 0)
(-0.01301684 -0.10235026 0)
(-0.019461125 -0.099861019 0)
(-0.025948341 -0.097447242 0)
(-0.032492224 -0.095106381 0)
(-0.039081403 -0.09284434 0)
(-0.045662914 -0.090681445 0)
(-0.052116411 -0.088660212 0)
(-0.058213989 -0.086854406 0)
(-0.063558224 -0.085375211 0)
(-0.067491051 -0.084366227 0)
(-0.068961333 -0.083971207 0)
(-0.066380445 -0.084261181 0)
(-0.057610118 -0.085125038 0)
(-0.040311775 -0.086226533 0)
(-0.011616173 -0.087257991 0)
(0.034834297 -0.088480262 0)
(0.096522128 -0.089998083 0)
(0.34465003 -0.2433793 0)
(0.32850973 -0.23803226 0)
(0.31270809 -0.23266658 0)
(0.29726008 -0.22729396 0)
(0.28217486 -0.22192559 0)
(0.26745635 -0.21657218 0)
(0.2531063 -0.21124394 0)
(0.23912529 -0.20595067 0)
(0.22551296 -0.20070161 0)
(0.21226815 -0.19550559 0)
(0.19938889 -0.19037092 0)
(0.18687254 -0.18530546 0)
(0.17471583 -0.18031662 0)
(0.16291492 -0.17541137 0)
(0.15146554 -0.17059624 0)
(0.14036298 -0.16587733 0)
(0.1296022 -0.16126027 0)
(0.11917781 -0.1567502 0)
(0.10908419 -0.1523518 0)
(0.099315359 -0.14806919 0)
(0.089865026 -0.14390593 0)
(0.080726421 -0.13986503 0)
(0.071892138 -0.13594883 0)
(0.063353876 -0.13215906 0)
(0.055102087 -0.1284967 0)
(0.047125558 -0.12496199 0)
(0.039410914 -0.12155431 0)
(0.031942102 -0.11827211 0)
(0.024699891 -0.11511276 0)
(0.017661473 -0.11207241 0)
(0.010800235 -0.10914585 0)
(0.0040858304 -0.10632634 0)
(-0.0025153417 -0.10360556 0)
(-0.0090392358 -0.10097369 0)
(-0.015522376 -0.098419672 0)
(-0.021999265 -0.09593204 0)
(-0.028498624 -0.093500284 0)
(-0.035037562 -0.091117212 0)
(-0.041612896 -0.088782689 0)
(-0.048187595 -0.086509251 0)
(-0.054669116 -0.0843302 0)
(-0.060874209 -0.082310009 0)
(-0.066472612 -0.080554972 0)
(-0.070895881 -0.079216733 0)
(-0.073196706 -0.078473247 0)
(-0.07185137 -0.078463415 0)
(-0.064655589 -0.079166942 0)
(-0.048924508 -0.080288108 0)
(-0.021050331 -0.081457745 0)
(0.026684483 -0.082749658 0)
(0.093409833 -0.084664294 0)
(0.34732842 -0.23559027 0)
(0.33101697 -0.23039634 0)
(0.31504414 -0.22518479 0)
(0.29942481 -0.21996752 0)
(0.28416792 -0.21475488 0)
(0.26927737 -0.20955703 0)
(0.25475477 -0.20438368 0)
(0.2406007 -0.19924416 0)
(0.22681483 -0.19414742 0)
(0.21339605 -0.18910193 0)
(0.20034247 -0.18411577 0)
(0.18765154 -0.17919655 0)
(0.17532011 -0.17435144 0)
(0.16334448 -0.16958719 0)
(0.15172051 -0.16491009 0)
(0.1404437 -0.16032602 0)
(0.12950921 -0.15584038 0)
(0.11891191 -0.15145814 0)
(0.10864646 -0.14718374 0)
(0.098707223 -0.14302116 0)
(0.089088282 -0.13897383 0)
(0.079783303 -0.13504458 0)
(0.070785383 -0.13123569 0)
(0.062086802 -0.12754873 0)
(0.053678695 -0.12398459 0)
(0.045550654 -0.12054335 0)
(0.037690269 -0.11722423 0)
(0.030082638 -0.11402541 0)
(0.022709907 -0.11094392 0)
(0.015550894 -0.10797545 0)
(0.0085808861 -0.10511417 0)
(0.0017716948 -0.10235252 0)
(-0.0049079227 -0.099681088 0)
(-0.011491439 -0.09708863 0)
(-0.018013061 -0.094562166 0)
(-0.024505537 -0.092087703 0)
(-0.03099702 -0.089651297 0)
(-0.0375064 -0.087241046 0)
(-0.04403641 -0.084850295 0)
(-0.050562876 -0.082482658 0)
(-0.057017269 -0.080159616 0)
(-0.063257715 -0.077931324 0)
(-0.069019813 -0.075890144 0)
(-0.073834242 -0.074181881 0)
(-0.076881626 -0.073002298 0)
(-0.076773999 -0.072550535 0)
(-0.071333754 -0.072907454 0)
(-0.057640984 -0.073880371 0)
(-0.031247848 -0.075070316 0)
(0.017231723 -0.076438217 0)
(0.08972586 -0.078908661 0)
(0.3496194 -0.22785698 0)
(0.33314611 -0.22281578 0)
(0.31701228 -0.21775891 0)
(0.30123175 -0.21269682 0)
(0.28581405 -0.20763977 0)
(0.27076264 -0.20259717 0)
(0.25607907 -0.19757822 0)
(0.24176378 -0.19259182 0)
(0.22781644 -0.18764654 0)
(0.21423591 -0.18275059 0)
(0.20102038 -0.17791176 0)
(0.18816736 -0.17313745 0)
(0.17567378 -0.16843463 0)
(0.16353608 -0.16380983 0)
(0.15175025 -0.15926916 0)
(0.14031196 -0.15481832 0)
(0.12921655 -0.15046255 0)
(0.11845914 -0.14620663 0)
(0.10803462 -0.1420549 0)
(0.097937671 -0.13801118 0)
(0.088162716 -0.1340788 0)
(0.078703821 -0.13026053 0)
(0.069554551 -0.12655854 0)
(0.060707741 -0.12297435 0)
(0.052155189 -0.11950877 0)
(0.043887283 -0.11616181 0)
(0.035892575 -0.11293254 0)
(0.028157331 -0.10981899 0)
(0.020665098 -0.10681795 0)
(0.013396371 -0.10392478 0)
(0.0063284004 -0.10113315 0)
(-0.00056473507 -0.09843489 0)
(-0.0073117529 -0.095819725 0)
(-0.013943404 -0.093275215 0)
(-0.020491176 -0.090786806 0)
(-0.026985407 -0.088338293 0)
(-0.033452655 -0.085912639 0)
(-0.039911972 -0.083493527 0)
(-0.04636951 -0.081067901 0)
(-0.052810276 -0.078630079 0)
(-0.059184732 -0.07618821 0)
(-0.065386014 -0.07377432 0)
(-0.071210413 -0.071458346 0)
(-0.076286178 -0.069365203 0)
(-0.079943241 -0.06768436 0)
(-0.080976293 -0.066650124 0)
(-0.07737536 -0.066443206 0)
(-0.066150526 -0.067001304 0)
(-0.042126839 -0.067996336 0)
(0.006073569 -0.069431799 0)
(0.085214743 -0.072377911 0)
(0.3515503 -0.22018415 0)
(0.33492526 -0.21529723 0)
(0.3186394 -0.21039478 0)
(0.30270794 -0.20548788 0)
(0.28713959 -0.20058621 0)
(0.2719381 -0.19569862 0)
(0.25710463 -0.1908337 0)
(0.2426395 -0.18599991 0)
(0.22854225 -0.18120545 0)
(0.21481172 -0.17645824 0)
(0.2014461 -0.17176582 0)
(0.18844293 -0.16713537 0)
(0.17579924 -0.16257366 0)
(0.16351155 -0.15808707 0)
(0.15157599 -0.15368154 0)
(0.13998835 -0.14936261 0)
(0.12874416 -0.14513538 0)
(0.11783873 -0.14100453 0)
(0.10726718 -0.13697427 0)
(0.097024471 -0.13304836 0)
(0.087105319 -0.12923004 0)
(0.077504162 -0.12552204 0)
(0.068215003 -0.12192648 0)
(0.059231198 -0.11844488 0)
(0.050545181 -0.11507802 0)
(0.042148119 -0.11182586 0)
(0.034029511 -0.10868745 0)
(0.02617678 -0.10566072 0)
(0.01857488 -0.10274234 0)
(0.011205989 -0.09992746 0)
(0.0040493552 -0.097209489 0)
(-0.0029186267 -0.094579818 0)
(-0.0097240496 -0.092027588 0)
(-0.016394782 -0.089539513 0)
(-0.02295929 -0.087099867 0)
(-0.029444968 -0.084690737 0)
(-0.035875892 -0.0822926 0)
(-0.042269769 -0.079885418 0)
(-0.048633725 -0.077450496 0)
(-0.054958046 -0.074973475 0)
(-0.061206264 -0.072449249 0)
(-0.067298191 -0.069889915 0)
(-0.073079981 -0.067337491 0)
(-0.078268901 -0.064881397 0)
(-0.082341898 -0.062678358 0)
(-0.084325884 -0.060955875 0)
(-0.082481964 -0.059955451 0)
(-0.074035069 -0.059758462 0)
(-0.053446821 -0.060250359 0)
(-0.0070387105 -0.061464825 0)
(0.079316614 -0.064323721 0)
(0.35314785 -0.21257772 0)
(0.33637967 -0.20784474 0)
(0.31995221 -0.20309721 0)
(0.30387885 -0.19834554 0)
(0.2881698 -0.19359918 0)
(0.2728284 -0.1888664 0)
(0.25785564 -0.18415522 0)
(0.24325151 -0.17947363 0)
(0.22901541 -0.17482947 0)
(0.2151461 -0.17023036 0)
(0.20164172 -0.16568361 0)
(0.18849984 -0.16119618 0)
(0.17571752 -0.15677466 0)
(0.16329137 -0.15242526 0)
(0.15121761 -0.14815381 0)
(0.13949216 -0.14396569 0)
(0.1281107 -0.13986592 0)
(0.11706872 -0.13585906 0)
(0.10636153 -0.13194926 0)
(0.095984317 -0.12814021 0)
(0.085932087 -0.12443512 0)
(0.076199609 -0.12083671 0)
(0.066781282 -0.11734709 0)
(0.057670955 -0.1139678 0)
(0.048861663 -0.11069964 0)
(0.040345317 -0.10754262 0)
(0.032112336 -0.10449578 0)
(0.024151274 -0.10155709 0)
(0.016448461 -0.098723189 0)
(0.0089877401 -0.095989196 0)
(0.0017503373 -0.09334841 0)
(-0.0052850371 -0.090792047 0)
(-0.012141833 -0.088308955 0)
(-0.018844968 -0.08588539 0)
(-0.025419714 -0.083504932 0)
(-0.031890172 -0.081148592 0)
(-0.038277269 -0.078795163 0)
(-0.044596167 -0.076421947 0)
(-0.050852828 -0.07400596 0)
(-0.057039213 -0.071525864 0)
(-0.06312588 -0.068965115 0)
(-0.069049821 -0.06631731 0)
(-0.074692803 -0.063595206 0)
(-0.079841349 -0.060845176 0)
(-0.08410491 -0.058166332 0)
(-0.086737701 -0.055731204 0)
(-0.086381002 -0.053756335 0)
(-0.080785551 -0.052412145 0)
(-0.064647585 -0.051602793 0)
(-0.022078848 -0.051917408 0)
(0.070822421 -0.054217909 0)
(0.35443543 -0.20503571 0)
(0.33753598 -0.20046118 0)
(0.32097457 -0.19586962 0)
(0.30476897 -0.19127366 0)
(0.28892849 -0.18668278 0)
(0.27345699 -0.18210472 0)
(0.258355 -0.17754704 0)
(0.24362223 -0.1730173 0)
(0.22925783 -0.16852301 0)
(0.21526042 -0.16407147 0)
(0.20162808 -0.15966977 0)
(0.18835837 -0.15532467 0)
(0.17544836 -0.15104258 0)
(0.16289472 -0.14682956 0)
(0.15069375 -0.14269131 0)
(0.13884146 -0.13863311 0)
(0.12733366 -0.13465987 0)
(0.11616598 -0.1307761 0)
(0.10533392 -0.12698588 0)
(0.094832851 -0.12329287 0)
(0.084658034 -0.11970027 0)
(0.074804529 -0.1162108 0)
(0.0652671 -0.11282662 0)
(0.056040046 -0.10954929 0)
(0.047116965 -0.10637971 0)
(0.038490468 -0.10331796 0)
(0.030151852 -0.10036318 0)
(0.022090752 -0.097513434 0)
(0.014294828 -0.09476547 0)
(0.006749528 -0.092114496 0)
(-0.00056199991 -0.089553898 0)
(-0.0076587938 -0.087074955 0)
(-0.014561716 -0.084666522 0)
(-0.021292763 -0.082314797 0)
(-0.027873987 -0.080003182 0)
(-0.034326051 -0.077712289 0)
(-0.04066637 -0.075420151 0)
(-0.046906775 -0.073102679 0)
(-0.053050553 -0.070734385 0)
(-0.059088469 -0.068289475 0)
(-0.064993051 -0.065743472 0)
(-0.070709365 -0.06307602 0)
(-0.076139546 -0.060275687 0)
(-0.081114368 -0.057348167 0)
(-0.085336614 -0.054328484 0)
(-0.088252129 -0.051293042 0)
(-0.088876445 -0.048360841 0)
(-0.085585399 -0.045536413 0)
(-0.074501681 -0.042416371 0)
(-0.038555945 -0.039712755 0)
(0.05688598 -0.037800555 0)
(0.33841288 -0.19314774 0)
(0.32173001 -0.18871459 0)
(0.30540087 -0.18427557 0)
(0.28943826 -0.17984055 0)
(0.27384604 -0.1754172 0)
(0.25862449 -0.1710128 0)
(0.24377291 -0.16663458 0)
(0.22929022 -0.16228973 0)
(0.21517486 -0.1579853 0)
(0.20142483 -0.15372812 0)
(0.18803764 -0.14952476 0)
(0.17501034 -0.14538146 0)
(0.16233963 -0.14130414 0)
(0.15002186 -0.13729836 0)
(0.13805315 -0.13336933 0)
(0.12642938 -0.12952187 0)
(0.1151463 -0.12576042 0)
(0.10419956 -0.12208903 0)
(0.09358471 -0.11851135 0)
(0.083297214 -0.11503056 0)
(0.073332392 -0.11164944 0)
(0.063685334 -0.10837018 0)
(0.054350743 -0.10519446 0)
(0.045322735 -0.10212325 0)
(0.036594573 -0.099156768 0)
(0.02815837 -0.096294325 0)
(0.020004783 -0.093534153 0)
(0.012122725 -0.090873206 0)
(0.0044991686 -0.088306922 0)
(-0.0028809152 -0.085828944 0)
(-0.010034426 -0.083430829 0)
(-0.016979763 -0.081101732 0)
(-0.023736128 -0.078828168 0)
(-0.030322466 -0.07659385 0)
(-0.036756068 -0.074379662 0)
(-0.043050782 -0.072163795 0)
(-0.049214818 -0.069922073 0)
(-0.055248009 -0.067628426 0)
(-0.061138282 -0.065255479 0)
(-0.066856714 -0.062775279 0)
(-0.072350047 -0.060160255 0)
(-0.077528167 -0.05738501 0)
(-0.082242787 -0.054429034 0)
(-0.086245142 -0.051279722 0)
(-0.089100096 -0.047933186 0)
(-0.090041889 -0.044376261 0)
(-0.087940216 -0.040390744 0)
(-0.080601697 -0.034882453 0)
(-0.052365641 -0.025654047 0)
(0.031486385 -0.014357268 0)
(0.33903631 -0.18591214 0)
(0.32223855 -0.18163698 0)
(0.30579599 -0.17735511 0)
(0.28972041 -0.17307593 0)
(0.27401664 -0.1688071 0)
(0.25868471 -0.16455566 0)
(0.24372367 -0.16032859 0)
(0.22913218 -0.15613276 0)
(0.21490851 -0.15197497 0)
(0.20105051 -0.14786182 0)
(0.18755562 -0.14379966 0)
(0.17442089 -0.13979458 0)
(0.16164299 -0.13585237 0)
(0.14921832 -0.13197846 0)
(0.13714304 -0.12817797 0)
(0.12541312 -0.12445564 0)
(0.1140244 -0.12081587 0)
(0.10297265 -0.11726268 0)
(0.092253549 -0.11379969 0)
(0.081862745 -0.11043014 0)
(0.071795781 -0.10715681 0)
(0.062048027 -0.10398201 0)
(0.052614548 -0.1009075 0)
(0.043489925 -0.097934391 0)
(0.034668014 -0.095063075 0)
(0.026141682 -0.092293066 0)
(0.017902525 -0.089622845 0)
(0.0099406224 -0.087049656 0)
(0.0022443618 -0.084569279 0)
(-0.0051995885 -0.082175764 0)
(-0.012406146 -0.079861135 0)
(-0.019391427 -0.077615099 0)
(-0.026172044 -0.075424816 0)
(-0.032764067 -0.073274745 0)
(-0.039181654 -0.071146626 0)
(-0.045435319 -0.069019619 0)
(-0.051529803 -0.066870627 0)
(-0.057461459 -0.064674729 0)
(-0.063214926 -0.062405671 0)
(-0.06875859 -0.060036283 0)
(-0.074037816 -0.057538893 0)
(-0.078964172 -0.054885771 0)
(-0.083396513 -0.052049966 0)
(-0.087107528 -0.04900524 0)
(-0.089711958 -0.045722428 0)
(-0.09054811 -0.042149692 0)
(-0.088512812 -0.038071224 0)
(-0.081468345 -0.032369981 0)
(-0.059895227 -0.02157305 0)
(-0.0048237336 -0.0077485752 0)
(0.3394296 -0.17876181 0)
(0.32252429 -0.17464193 0)
(0.30597571 -0.17051602 0)
(0.28979571 -0.16639211 0)
(0.27398891 -0.16227733 0)
(0.2585553 -0.15817842 0)
(0.24349362 -0.15410202 0)
(0.22880229 -0.15005475 0)
(0.21447938 -0.14604312 0)
(0.2005226 -0.14207349 0)
(0.18692929 -0.13815202 0)
(0.17369643 -0.13428465 0)
(0.16082068 -0.13047701 0)
(0.14829847 -0.12673443 0)
(0.13612596 -0.12306193 0)
(0.12429918 -0.11946418 0)
(0.11281406 -0.11594554 0)
(0.10166643 -0.11250999 0)
(0.0908521 -0.10916118 0)
(0.080366856 -0.10590234 0)
(0.070206425 -0.10273634 0)
(0.060366414 -0.099665552 0)
(0.050842206 -0.096691865 0)
(0.04162879 -0.093816555 0)
(0.032720552 -0.091040212 0)
(0.024111039 -0.088362595 0)
(0.015792702 -0.085782482 0)
(0.00775668 -0.083297478 0)
(-7.3437513e-06 -0.080903799 0)
(-0.0075111586 -0.078596015 0)
(-0.014767882 -0.076366773 0)
(-0.021791569 -0.074206533 0)
(-0.028596503 -0.072103364 0)
(-0.035196194 -0.070042816 0)
(-0.041602043 -0.068007946 0)
(-0.04782166 -0.065979517 0)
(-0.053856808 -0.063936402 0)
(-0.059700901 -0.061856159 0)
(-0.065335835 -0.059715688 0)
(-0.070727744 -0.057491915 0)
(-0.075820836 -0.055162486 0)
(-0.080527656 -0.052706757 0)
(-0.08471315 -0.050107423 0)
(-0.088165356 -0.047353621 0)
(-0.090543523 -0.044444283 0)
(-0.091276491 -0.041392381 0)
(-0.08941921 -0.038178414 0)
(-0.083257326 -0.034451328 0)
(-0.067787542 -0.028832414 0)
(-0.035971203 -0.022018979 0)
(0.3396151 -0.17169763 0)
(0.32260781 -0.16773213 0)
(0.30596068 -0.16376126 0)
(0.28968384 -0.15979186 0)
(0.27378203 -0.15583051 0)
(0.25825487 -0.15188354 0)
(0.24310085 -0.14795727 0)
(0.22831811 -0.14405801 0)
(0.21390451 -0.14019199 0)
(0.1998576 -0.13636535 0)
(0.18617458 -0.13258406 0)
(0.17285238 -0.12885388 0)
(0.15988761 -0.12518031 0)
(0.14727666 -0.12156856 0)
(0.13501574 -0.11802356 0)
(0.1231009 -0.11454992 0)
(0.11152809 -0.11115192 0)
(0.10029323 -0.10783356 0)
(0.089392207 -0.10459845 0)
(0.078820913 -0.10144989 0)
(0.06857522 -0.098390784 0)
(0.058650938 -0.09542361 0)
(0.049043712 -0.09255038 0)
(0.039748885 -0.089772551 0)
(0.03076131 -0.087090927 0)
(0.022075133 -0.084505543 0)
(0.01368357 -0.082015509 0)
(0.0055787086 -0.079618844 0)
(-0.0022486073 -0.077312261 0)
(-0.0098087889 -0.07509094 0)
(-0.017113357 -0.07294826 0)
(-0.024174539 -0.070875585 0)
(-0.031004593 -0.068862079 0)
(-0.03761483 -0.066894632 0)
(-0.044014338 -0.064957933 0)
(-0.05020837 -0.063034768 0)
(-0.056196401 -0.06110656 0)
(-0.061969764 -0.059154154 0)
(-0.067508726 -0.057158822 0)
(-0.072778629 -0.05510346 0)
(-0.077724457 -0.052974105 0)
(-0.082262657 -0.050762177 0)
(-0.086267965 -0.048468468 0)
(-0.089552343 -0.046110259 0)
(-0.091827133 -0.043735063 0)
(-0.092645776 -0.041441233 0)
(-0.091313992 -0.039398927 0)
(-0.086777453 -0.037760521 0)
(-0.076822456 -0.036391003 0)
(-0.058635295 -0.03548114 0)
(0.33961104 -0.16472138 0)
(0.32250919 -0.16091 0)
(0.30576993 -0.1570933 0)
(0.28940359 -0.15327765 0)
(0.27341418 -0.14946897 0)
(0.2578011 -0.14567324 0)
(0.2425625 -0.14189643 0)
(0.22769626 -0.13814452 0)
(0.2132 -0.13442351 0)
(0.19907107 -0.13073929 0)
(0.18530655 -0.12709763 0)
(0.17190326 -0.12350411 0)
(0.15885775 -0.1199641 0)
(0.14616639 -0.11648271 0)
(0.13382536 -0.11306475 0)
(0.12183072 -0.10971477 0)
(0.11017847 -0.10643701 0)
(0.098864543 -0.10323542 0)
(0.087884889 -0.10011363 0)
(0.077235475 -0.097074962 0)
(0.066912287 -0.094122377 0)
(0.056911289 -0.091258453 0)
(0.047228345 -0.088485339 0)
(0.037859095 -0.085804666 0)
(0.028798791 -0.083217471 0)
(0.0200421 -0.080724072 0)
(0.011582908 -0.078323943 0)
(0.0034141386 -0.076015535 0)
(-0.0044723418 -0.07379611 0)
(-0.012085738 -0.071661502 0)
(-0.019436176 -0.069605903 0)
(-0.02653431 -0.067621668 0)
(-0.033390672 -0.065699177 0)
(-0.040014753 -0.063826799 0)
(-0.046413792 -0.06199104 0)
(-0.052591274 -0.060176924 0)
(-0.058545119 -0.058368687 0)
(-0.064265547 -0.05655079 0)
(-0.069732464 -0.054709298 0)
(-0.074912162 -0.052833642 0)
(-0.079752854 -0.050918999 0)
(-0.084178285 -0.048969856 0)
(-0.088078398 -0.04700595 0)
(-0.091295055 -0.045072785 0)
(-0.093602466 -0.04325913 0)
(-0.094677521 -0.041726451 0)
(-0.094074423 -0.040736887 0)
(-0.09124492 -0.040623103 0)
(-0.085465531 -0.041511088 0)
(-0.075634418 -0.042907647 0)
(0.33943709 -0.15783595 0)
(0.32224627 -0.15417788 0)
(0.30542183 -0.15051458 0)
(0.2889726 -0.14685171 0)
(0.27290261 -0.14319484 0)
(0.25721072 -0.13954951 0)
(0.24189481 -0.13592136 0)
(0.22695246 -0.13231607 0)
(0.21238104 -0.12873937 0)
(0.1981777 -0.12519691 0)
(0.18433936 -0.12169427 0)
(0.17086271 -0.11823686 0)
(0.15774425 -0.11482991 0)
(0.14498027 -0.11147838 0)
(0.13256693 -0.10818702 0)
(0.1205003 -0.10496029 0)
(0.10877636 -0.10180238 0)
(0.097391059 -0.098717202 0)
(0.086340382 -0.095708386 0)
(0.075620342 -0.092779274 0)
(0.065227001 -0.089932884 0)
(0.05515644 -0.087171894 0)
(0.045404694 -0.084498574 0)
(0.035967647 -0.081914742 0)
(0.026840882 -0.079421658 0)
(0.018019513 -0.077019939 0)
(0.0094979974 -0.074709414 0)
(0.0012699864 -0.072488998 0)
(-0.0066717704 -0.070356502 0)
(-0.014335438 -0.068308451 0)
(-0.021729949 -0.066339877 0)
(-0.028864626 -0.064444174 0)
(-0.035748573 -0.062612983 0)
(-0.042389823 -0.060836217 0)
(-0.048794214 -0.059102249 0)
(-0.054964011 -0.057398388 0)
(-0.060896282 -0.05571169 0)
(-0.066581014 -0.054030179 0)
(-0.071998913 -0.05234452 0)
(-0.077118742 -0.050650258 0)
(-0.08189396 -0.048950849 0)
(-0.086258309 -0.047262108 0)
(-0.090119911 -0.045619247 0)
(-0.09335403 -0.044088252 0)
(-0.095794693 -0.042783995 0)
(-0.097230469 -0.04189416 0)
(-0.097405453 -0.041701988 0)
(-0.096095052 -0.042541666 0)
(-0.093281684 -0.04450222 0)
(-0.088657362 -0.046656297 0)
(0.33911018 -0.15104385 0)
(0.32183727 -0.14753831 0)
(0.30493335 -0.14402726 0)
(0.28840777 -0.14051614 0)
(0.27226362 -0.13701004 0)
(0.25649959 -0.13351413 0)
(0.24111314 -0.13003373 0)
(0.22610158 -0.12657421 0)
(0.21146201 -0.12314102 0)
(0.19719136 -0.11973959 0)
(0.18328637 -0.1163753 0)
(0.1697436 -0.11305339 0)
(0.15655945 -0.10977894 0)
(0.14373016 -0.10655679 0)
(0.13125185 -0.10339158 0)
(0.11912053 -0.10028769 0)
(0.10733218 -0.097249262 0)
(0.095882751 -0.094280156 0)
(0.084768219 -0.091384002 0)
(0.073984622 -0.08856415 0)
(0.063528066 -0.085823675 0)
(0.053394711 -0.083165329 0)
(0.04358072 -0.080591517 0)
(0.034082165 -0.078104218 0)
(0.024894902 -0.075704923 0)
(0.016014413 -0.073394528 0)
(0.007435641 -0.071173229 0)
(-0.00084714657 -0.069040384 0)
(-0.0088404482 -0.066994367 0)
(-0.016551551 -0.065032379 0)
(-0.02398838 -0.063150304 0)
(-0.031159154 -0.061342568 0)
(-0.038071825 -0.059602077 0)
(-0.044733297 -0.057920263 0)
(-0.051148406 -0.056287333 0)
(-0.057318683 -0.054692791 0)
(-0.063240928 -0.053126346 0)
(-0.068905621 -0.051579257 0)
(-0.074295147 -0.050046224 0)
(-0.07938182 -0.048527902 0)
(-0.0841256 -0.047034307 0)
(-0.088471476 -0.045589616 0)
(-0.092346652 -0.044239295 0)
(-0.095658055 -0.043060898 0)
(-0.098292936 -0.042179019 0)
(-0.10012523 -0.041782746 0)
(-0.10103455 -0.042130542 0)
(-0.10097532 -0.043494922 0)
(-0.1002194 -0.045860908 0)
(-0.098852124 -0.048131825 0)
(0.33864826 -0.14434782 0)
(0.32129817 -0.14099343 0)
(0.3043211 -0.13763347 0)
(0.28772487 -0.13427285 0)
(0.27151271 -0.13091634 0)
(0.25568269 -0.12756874 0)
(0.24023203 -0.12423503 0)
(0.22515768 -0.1209203 0)
(0.21045647 -0.11762973 0)
(0.19612512 -0.11436852 0)
(0.18216016 -0.11114184 0)
(0.16855803 -0.10795476 0)
(0.15531499 -0.1048122 0)
(0.14242722 -0.1017189 0)
(0.12989077 -0.098679373 0)
(0.11770161 -0.09569792 0)
(0.10585569 -0.092778596 0)
(0.094348927 -0.089925244 0)
(0.083177282 -0.087141454 0)
(0.072336788 -0.084430597 0)
(0.061823565 -0.081795772 0)
(0.051633818 -0.079239818 0)
(0.041763793 -0.07676524 0)
(0.032209707 -0.074374186 0)
(0.022967626 -0.072068347 0)
(0.014033332 -0.069848899 0)
(0.0054021667 -0.067716376 0)
(-0.0029310853 -0.065670577 0)
(-0.010972298 -0.063710406 0)
(-0.018728025 -0.061833732 0)
(-0.026205359 -0.060037252 0)
(-0.033411619 -0.058316401 0)
(-0.04035385 -0.056665295 0)
(-0.047038117 -0.055076822 0)
(-0.053468589 -0.053542909 0)
(-0.059646457 -0.052055087 0)
(-0.065568711 -0.050605429 0)
(-0.07122684 -0.049187972 0)
(-0.076605488 -0.047800685 0)
(-0.081681103 -0.04644811 0)
(-0.086420624 -0.045144843 0)
(-0.090780365 -0.043920251 0)
(-0.094705431 -0.042825071 0)
(-0.09813075 -0.04194051 0)
(-0.10098575 -0.041389679 0)
(-0.10320762 -0.041346618 0)
(-0.10476004 -0.042030087 0)
(-0.10568846 -0.043633864 0)
(-0.10634685 -0.046054247 0)
(-0.1070484 -0.048180399 0)
(0.33806662 -0.13775 0)
(0.32064553 -0.13454549 0)
(0.30360021 -0.13133512 0)
(0.28693911 -0.12812362 0)
(0.2706645 -0.12491535 0)
(0.25477428 -0.1217148 0)
(0.23926525 -0.1185266 0)
(0.22413406 -0.11535557 0)
(0.20937729 -0.11220661 0)
(0.19499137 -0.10908469 0)
(0.18097266 -0.1059948 0)
(0.16731743 -0.1029418 0)
(0.15402184 -0.099930494 0)
(0.14108195 -0.096965458 0)
(0.12849375 -0.094051113 0)
(0.11625316 -0.09119165 0)
(0.10435606 -0.088391067 0)
(0.092798331 -0.085653133 0)
(0.081575902 -0.082981427 0)
(0.070684774 -0.080379298 0)
(0.060121055 -0.077849888 0)
(0.049880962 -0.075396081 0)
(0.039960791 -0.073020492 0)
(0.030356851 -0.070725397 0)
(0.02106537 -0.068512691 0)
(0.012082361 -0.066383791 0)
(0.0034034913 -0.064339562 0)
(-0.0049760368 -0.0623802 0)
(-0.013061583 -0.060505121 0)
(-0.020859101 -0.058712814 0)
(-0.028375004 -0.057000755 0)
(-0.035615896 -0.055365314 0)
(-0.042588122 -0.05380175 0)
(-0.04929715 -0.052304293 0)
(-0.055746756 -0.050866445 0)
(-0.061938091 -0.049481535 0)
(-0.067868659 -0.04814367 0)
(-0.073531286 -0.046849145 0)
(-0.078913164 -0.045598408 0)
(-0.083995041 -0.044398664 0)
(-0.088750708 -0.043267228 0)
(-0.093146993 -0.042235887 0)
(-0.097144758 -0.041356577 0)
(-0.1007018 -0.040708641 0)
(-0.10377985 -0.040406477 0)
(-0.10635826 -0.040602828 0)
(-0.10845189 -0.0414729 0)
(-0.11014044 -0.043143764 0)
(-0.11177028 -0.04545276 0)
(-0.11381688 -0.047350474 0)
(0.33738141 -0.13125271 0)
(0.31989358 -0.12819633 0)
(0.30278569 -0.12513401 0)
(0.28606464 -0.12207006 0)
(0.26973291 -0.11900854 0)
(0.2537878 -0.11595363 0)
(0.23822584 -0.11290964 0)
(0.22304336 -0.10988109 0)
(0.20823662 -0.10687262 0)
(0.19380184 -0.10388899 0)
(0.17973515 -0.10093495 0)
(0.16603266 -0.098015242 0)
(0.15269038 -0.09513445 0)
(0.1397043 -0.092297058 0)
(0.1270703 -0.089507338 0)
(0.11478424 -0.086769404 0)
(0.10284193 -0.084087146 0)
(0.091239204 -0.081464296 0)
(0.079971922 -0.078904367 0)
(0.069036041 -0.076410715 0)
(0.058427633 -0.073986474 0)
(0.048142899 -0.071634588 0)
(0.03817815 -0.069357736 0)
(0.028529751 -0.067158333 0)
(0.019194038 -0.065038426 0)
(0.010167198 -0.062999672 0)
(0.0014451517 -0.061043216 0)
(-0.0069765626 -0.059169639 0)
(-0.015102897 -0.057378805 0)
(-0.022939318 -0.055669791 0)
(-0.030491697 -0.054040776 0)
(-0.037766075 -0.052489005 0)
(-0.044768281 -0.051010765 0)
(-0.051503372 -0.04960151 0)
(-0.057974945 -0.048256134 0)
(-0.064184328 -0.046969529 0)
(-0.070129745 -0.045737487 0)
(-0.075805523 -0.044558061 0)
(-0.081201465 -0.043433443 0)
(-0.086302482 -0.04237242 0)
(-0.091088679 -0.041393482 0)
(-0.095536123 -0.040528649 0)
(-0.099618778 -0.039828199 0)
(-0.1033124 -0.039366069 0)
(-0.10660174 -0.039244676 0)
(-0.10949387 -0.039593624 0)
(-0.11202995 -0.040550108 0)
(-0.1142985 -0.042188888 0)
(-0.11659741 -0.044320841 0)
(-0.11953891 -0.045982274 0)
(0.33660637 -0.12485774 0)
(0.31905734 -0.12194784 0)
(0.30189106 -0.11903175 0)
(0.28511514 -0.11611364 0)
(0.26873108 -0.11319725 0)
(0.25273606 -0.11028643 0)
(0.2371262 -0.10738521 0)
(0.22189754 -0.10449779 0)
(0.20704605 -0.1016286 0)
(0.19256768 -0.098782135 0)
(0.17845836 -0.095962967 0)
(0.16471401 -0.093175622 0)
(0.15133051 -0.090424567 0)
(0.13830373 -0.087714108 0)
(0.12562947 -0.085048422 0)
(0.11330349 -0.082431486 0)
(0.10132155 -0.079867125 0)
(0.08967939 -0.07735897 0)
(0.078372805 -0.07491051 0)
(0.067397685 -0.072525047 0)
(0.056750047 -0.070205734 0)
(0.046426051 -0.067955523 0)
(0.036421991 -0.065777173 0)
(0.026734253 -0.063673177 0)
(0.017359237 -0.061645747 0)
(0.0082932535 -0.059696718 0)
(-0.00046758733 -0.057827511 0)
(-0.0089274913 -0.056039023 0)
(-0.017091086 -0.054331543 0)
(-0.024963458 -0.052704659 0)
(-0.032550048 -0.051157201 0)
(-0.03985647 -0.049687181 0)
(-0.046888172 -0.048291822 0)
(-0.053649963 -0.046967649 0)
(-0.060145409 -0.045710775 0)
(-0.066376163 -0.044517408 0)
(-0.072341275 -0.043384702 0)
(-0.078036617 -0.042312018 0)
(-0.083454504 -0.04130266 0)
(-0.088583676 -0.040366132 0)
(-0.093409788 -0.0395209 0)
(-0.097916682 -0.038797695 0)
(-0.10208881 -0.038243273 0)
(-0.10591534 -0.037924377 0)
(-0.10939707 -0.037930299 0)
(-0.11255733 -0.038369271 0)
(-0.1154503 -0.03934686 0)
(-0.11815835 -0.040902304 0)
(-0.12092119 -0.042839729 0)
(-0.1244743 -0.044285771 0)
(0.33575592 -0.11856701 0)
(0.31814942 -0.11580156 0)
(0.30092985 -0.11302984 0)
(0.2841033 -0.11025571 0)
(0.26767155 -0.10748267 0)
(0.2516312 -0.10471428 0)
(0.23597813 -0.10195425 0)
(0.22070803 -0.09920654 0)
(0.20581661 -0.096475277 0)
(0.19129954 -0.093764774 0)
(0.17715253 -0.091079361 0)
(0.16337132 -0.088423421 0)
(0.14995167 -0.085801216 0)
(0.13688929 -0.083216944 0)
(0.12417991 -0.08067461 0)
(0.1118192 -0.078178112 0)
(0.099802806 -0.07573114 0)
(0.088126404 -0.073337278 0)
(0.076785703 -0.070999917 0)
(0.06577651 -0.06872235 0)
(0.055094767 -0.066507682 0)
(0.044736573 -0.064358902 0)
(0.034698179 -0.062278782 0)
(0.02497596 -0.060269919 0)
(0.015566342 -0.058334617 0)
(0.0064657137 -0.056474898 0)
(-0.0023296831 -0.054692388 0)
(-0.01082386 -0.052988286 0)
(-0.019021207 -0.051363229 0)
(-0.026926505 -0.049817277 0)
(-0.034544872 -0.048349813 0)
(-0.041881598 -0.046959546 0)
(-0.04894187 -0.0456445 0)
(-0.055730357 -0.044402142 0)
(-0.062250711 -0.043229617 0)
(-0.068504985 -0.042124229 0)
(-0.074493102 -0.041084202 0)
(-0.080212426 -0.04010982 0)
(-0.085657592 -0.039205004 0)
(-0.090820721 -0.038379303 0)
(-0.095692188 -0.037650337 0)
(-0.10026215 -0.037046537 0)
(-0.10452313 -0.036610153 0)
(-0.10847406 -0.036400004 0)
(-0.11212614 -0.036492713 0)
(-0.11551199 -0.036977688 0)
(-0.11868935 -0.037936439 0)
(-0.1217318 -0.039384162 0)
(-0.12481689 -0.04113372 0)
(-0.12879795 -0.042391736 0)
(0.33484237 -0.11238204 0)
(0.3171834 -0.10975909 0)
(0.29991416 -0.10712963 0)
(0.28304146 -0.10449751 0)
(0.26656615 -0.10186592 0)
(0.25048478 -0.099238151 0)
(0.23479282 -0.09661764 0)
(0.2194857 -0.09400806 0)
(0.2045588 -0.091413306 0)
(0.19000756 -0.088837434 0)
(0.17582745 -0.086284607 0)
(0.16201403 -0.083758984 0)
(0.14856291 -0.081264696 0)
(0.13546969 -0.07880575 0)
(0.12272996 -0.076386049 0)
(0.11033932 -0.074009331 0)
(0.098293316 -0.071679214 0)
(0.08658752 -0.069399154 0)
(0.075217552 -0.067172504 0)
(0.064179124 -0.065002468 0)
(0.053468091 -0.06289215 0)
(0.043080467 -0.060844502 0)
(0.033012444 -0.058862342 0)
(0.023260355 -0.056948294 0)
(0.013820623 -0.055104775 0)
(0.0046896673 -0.053333921 0)
(-0.0041361773 -0.05163756 0)
(-0.012660797 -0.050017116 0)
(-0.020888397 -0.048473552 0)
(-0.028823539 -0.047007308 0)
(-0.036471091 -0.045618269 0)
(-0.043836112 -0.044305723 0)
(-0.05092361 -0.0430684 0)
(-0.057738211 -0.041904558 0)
(-0.064283708 -0.040812214 0)
(-0.070562611 -0.03978956 0)
(-0.076575692 -0.03883564 0)
(-0.082321709 -0.037951359 0)
(-0.087797364 -0.037140861 0)
(-0.092997684 -0.036413293 0)
(-0.097916931 -0.035784871 0)
(-0.10255025 -0.035281195 0)
(-0.1068962 -0.03493956 0)
(-0.11096047 -0.034810944 0)
(-0.1147608 -0.034960321 0)
(-0.11833398 -0.035461468 0)
(-0.12173718 -0.036377665 0)
(-0.12503395 -0.037709844 0)
(-0.12834378 -0.039286343 0)
(-0.13263212 -0.040383932 0)
(0.33387852 -0.1063044 0)
(0.31617045 -0.10382171 0)
(0.29885618 -0.10133239 0)
(0.28194101 -0.098840124 0)
(0.26542622 -0.096347962 0)
(0.24930778 -0.093858922 0)
(0.23358098 -0.091376132 0)
(0.21824091 -0.088903035 0)
(0.20328269 -0.086443236 0)
(0.18870147 -0.08400061 0)
(0.17449252 -0.081579071 0)
(0.1606512 -0.079182636 0)
(0.14717297 -0.076815213 0)
(0.1340533 -0.074480696 0)
(0.12128769 -0.072182798 0)
(0.1088716 -0.069925169 0)
(0.096800485 -0.067711269 0)
(0.085069823 -0.065544497 0)
(0.073675124 -0.063428078 0)
(0.062611999 -0.061365189 0)
(0.051876196 -0.059358849 0)
(0.04146364 -0.057412019 0)
(0.031370437 -0.055527484 0)
(0.02159286 -0.053707928 0)
(0.012127294 -0.051955799 0)
(0.0029701675 -0.050273364 0)
(-0.0058821477 -0.048662572 0)
(-0.01443345 -0.047125065 0)
(-0.022687825 -0.045662045 0)
(-0.030649668 -0.044274302 0)
(-0.038323672 -0.042962116 0)
(-0.045714728 -0.041725289 0)
(-0.052827744 -0.040563128 0)
(-0.059667347 -0.039474563 0)
(-0.066237531 -0.038458324 0)
(-0.072541253 -0.037513314 0)
(-0.078580103 -0.036639189 0)
(-0.08435409 -0.035837231 0)
(-0.089861722 -0.035111546 0)
(-0.095100456 -0.034470559 0)
(-0.10006769 -0.033928807 0)
(-0.10476239 -0.033508794 0)
(-0.10918749 -0.033242876 0)
(-0.11335318 -0.033174607 0)
(-0.11728084 -0.03335875 0)
(-0.12100865 -0.033856174 0)
(-0.12459015 -0.034717147 0)
(-0.128082 -0.03593394 0)
(-0.13154714 -0.037355761 0)
(-0.13606071 -0.038316096 0)
(0.33287534 -0.10033536 0)
(0.31512278 -0.097990761 0)
(0.29776666 -0.095639234 0)
(0.28081304 -0.09328461 0)
(0.26426236 -0.090929744 0)
(0.24811062 -0.088577402 0)
(0.23235274 -0.086230456 0)
(0.21698354 -0.083892062 0)
(0.20199785 -0.081565607 0)
(0.18739056 -0.079254712 0)
(0.17315673 -0.076963118 0)
(0.15929152 -0.07469461 0)
(0.14579025 -0.072452959 0)
(0.13264825 -0.07024185 0)
(0.1198609 -0.068064883 0)
(0.10742354 -0.065925535 0)
(0.095331544 -0.063827176 0)
(0.083580255 -0.061773064 0)
(0.072165083 -0.059766362 0)
(0.061081524 -0.057810138 0)
(0.050325219 -0.055907376 0)
(0.039891981 -0.054060967 0)
(0.029777821 -0.052273702 0)
(0.019978929 -0.050548245 0)
(0.010491636 -0.048887103 0)
(0.0013123376 -0.047292593 0)
(-0.007562578 -0.045766789 0)
(-0.016136877 -0.044311471 0)
(-0.02441456 -0.042928065 0)
(-0.032399915 -0.041617616 0)
(-0.040097507 -0.040380755 0)
(-0.047512126 -0.03921769 0)
(-0.054648616 -0.038128216 0)
(-0.061511663 -0.037111807 0)
(-0.068105463 -0.036167771 0)
(-0.074433426 -0.035295569 0)
(-0.080497876 -0.034495298 0)
(-0.086299943 -0.033768442 0)
(-0.091839664 -0.033118874 0)
(-0.097116507 -0.032554147 0)
(-0.10213033 -0.032086966 0)
(-0.10688297 -0.03173676 0)
(-0.1113804 -0.03153114 0)
(-0.11563561 -0.03150695 0)
(-0.11967172 -0.031710093 0)
(-0.12352638 -0.032191073 0)
(-0.1272486 -0.032990727 0)
(-0.13089031 -0.034097043 0)
(-0.13446178 -0.035381235 0)
(-0.13914405 -0.03622425 0)
(0.33184406 -0.094476215 0)
(0.31405016 -0.092267308 0)
(0.2966565 -0.090051185 0)
(0.27966769 -0.087831836 0)
(0.26308473 -0.085612045 0)
(0.24690317 -0.083394316 0)
(0.23111775 -0.081181226 0)
(0.21572299 -0.078975706 0)
(0.20071344 -0.076780865 0)
(0.18608374 -0.074600143 0)
(0.17182872 -0.072437029 0)
(0.15794338 -0.070295156 0)
(0.14442286 -0.068178062 0)
(0.13126238 -0.066089304 0)
(0.11845718 -0.06403228 0)
(0.10600249 -0.062010364 0)
(0.093893566 -0.060026758 0)
(0.082125641 -0.058084641 0)
(0.070694006 -0.056187036 0)
(0.059594043 -0.054336955 0)
(0.048821268 -0.052537273 0)
(0.038371383 -0.050790854 0)
(0.028240286 -0.04910042 0)
(0.018424073 -0.047468645 0)
(0.0089189929 -0.045898019 0)
(-0.00027860099 -0.044390923 0)
(-0.0091723519 -0.042949484 0)
(-0.017766013 -0.04157561 0)
(-0.026063549 -0.040270872 0)
(-0.034069175 -0.039036543 0)
(-0.041787382 -0.037873512 0)
(-0.049222889 -0.036782326 0)
(-0.056380532 -0.035763167 0)
(-0.06326506 -0.034815948 0)
(-0.069880896 -0.033940435 0)
(-0.076231858 -0.03313651 0)
(-0.082320945 -0.032404584 0)
(-0.088150247 -0.031746202 0)
(-0.093721102 -0.031164909 0)
(-0.099034595 -0.030667287 0)
(-0.1040925 -0.030264238 0)
(-0.10889873 -0.029972219 0)
(-0.11346128 -0.029814503 0)
(-0.11779473 -0.029821932 0)
(-0.12192258 -0.030032918 0)
(-0.12588108 -0.030489517 0)
(-0.12971384 -0.031226107 0)
(-0.13347176 -0.032228413 0)
(-0.1371134 -0.033390995 0)
(-0.14192404 -0.034132152 0)
(0.33079434 -0.088727981 0)
(0.3129635 -0.08665243 0)
(0.2955352 -0.08456919 0)
(0.27851483 -0.082482694 0)
(0.26190279 -0.080395649 0)
(0.24569475 -0.07831034 0)
(0.22988511 -0.076229062 0)
(0.21446816 -0.074154485 0)
(0.19943814 -0.072089484 0)
(0.18478946 -0.070037269 0)
(0.17051674 -0.068001126 0)
(0.1566148 -0.065984477 0)
(0.14307862 -0.063990678 0)
(0.12990328 -0.062023097 0)
(0.1170839 -0.060084975 0)
(0.10461559 -0.058179527 0)
(0.092493482 -0.056309829 0)
(0.080712693 -0.054478928 0)
(0.069268399 -0.052689743 0)
(0.058155854 -0.050945179 0)
(0.047370453 -0.049248027 0)
(0.036907771 -0.047601074 0)
(0.02676359 -0.046006984 0)
(0.016933893 -0.044468393 0)
(0.0074148415 -0.042987776 0)
(-0.0017972893 -0.041567524 0)
(-0.010706182 -0.040209805 0)
(-0.019315622 -0.0389166 0)
(-0.027629554 -0.037689593 0)
(-0.035652169 -0.036530219 0)
(-0.043387907 -0.035439572 0)
(-0.050841465 -0.034418461 0)
(-0.058017678 -0.033467368 0)
(-0.064921396 -0.032586552 0)
(-0.071557242 -0.031776123 0)
(-0.077929424 -0.031036287 0)
(-0.084041525 -0.030367649 0)
(-0.089896471 -0.029771739 0)
(-0.09549667 -0.029251694 0)
(-0.10084451 -0.028813145 0)
(-0.10594322 -0.028465246 0)
(-0.11079818 -0.028221737 0)
(-0.11541864 -0.028101957 0)
(-0.11981988 -0.028131531 0)
(-0.12402495 -0.028342506 0)
(-0.12806815 -0.02877014 0)
(-0.13198762 -0.02944427 0)
(-0.13583581 -0.030349877 0)
(-0.13952146 -0.031404201 0)
(-0.14443127 -0.03205646 0)
(0.329736 -0.08309173 0)
(0.31187134 -0.081146981 0)
(0.29441247 -0.079194018 0)
(0.27736349 -0.077237824 0)
(0.26072563 -0.075281185 0)
(0.24449422 -0.073326071 0)
(0.22866354 -0.071374494 0)
(0.21322756 -0.069428878 0)
(0.1981803 -0.06749186 0)
(0.18351588 -0.065566432 0)
(0.16922876 -0.063655671 0)
(0.15531354 -0.061762784 0)
(0.14176509 -0.059890936 0)
(0.12857833 -0.058043296 0)
(0.11574824 -0.056222946 0)
(0.10326983 -0.054432936 0)
(0.091138096 -0.052676212 0)
(0.079348036 -0.050955679 0)
(0.067894698 -0.049274147 0)
(0.056773219 -0.047634399 0)
(0.045978863 -0.046039139 0)
(0.035507077 -0.044491054 0)
(0.025353515 -0.042992745 0)
(0.015514043 -0.041546777 0)
(0.0059847128 -0.040155599 0)
(-0.0032382813 -0.038821574 0)
(-0.012158699 -0.037546888 0)
(-0.020780362 -0.036333552 0)
(-0.02910724 -0.035183332 0)
(-0.037143512 -0.034097764 0)
(-0.044893612 -0.033078102 0)
(-0.052362225 -0.032125336 0)
(-0.059554222 -0.031240188 0)
(-0.066474542 -0.03042316 0)
(-0.073128015 -0.029674636 0)
(-0.079519186 -0.028995033 0)
(-0.085652158 -0.028385086 0)
(-0.091530559 -0.027846231 0)
(-0.097157691 -0.027381193 0)
(-0.10253697 -0.026994671 0)
(-0.10767271 -0.026694229 0)
(-0.11257129 -0.026491137 0)
(-0.11724266 -0.026401283 0)
(-0.12170219 -0.026445758 0)
(-0.12597192 -0.026651286 0)
(-0.13008414 -0.027047516 0)
(-0.13407116 -0.027661291 0)
(-0.13799009 -0.028477222 0)
(-0.1416998 -0.029435065 0)
(-0.14668703 -0.030008335 0)
(0.32867771 -0.077568087 0)
(0.31078364 -0.075751735 0)
(0.29329691 -0.073926437 0)
(0.27622264 -0.072097965 0)
(0.25956183 -0.07026927 0)
(0.24331011 -0.06844207 0)
(0.2274614 -0.066618029 0)
(0.21200944 -0.064799363 0)
(0.19694797 -0.06298841 0)
(0.1822709 -0.061188013 0)
(0.16797248 -0.05940095 0)
(0.15404717 -0.057630313 0)
(0.14048966 -0.055878966 0)
(0.12729474 -0.054149979 0)
(0.11445726 -0.052446164 0)
(0.1019721 -0.050770501 0)
(0.089834113 -0.0491257 0)
(0.078038196 -0.047514621 0)
(0.066579274 -0.045939861 0)
(0.055452348 -0.04440417 0)
(0.044652556 -0.042910057 0)
(0.03417521 -0.041460186 0)
(0.024015837 -0.040056991 0)
(0.014170171 -0.038703033 0)
(0.0046341548 -0.037400634 0)
(-0.0045961256 -0.036152178 0)
(-0.013524508 -0.034959774 0)
(-0.022154887 -0.033825491 0)
(-0.030491262 -0.032751083 0)
(-0.03853784 -0.031738195 0)
(-0.046299055 -0.030788143 0)
(-0.053779617 -0.029902082 0)
(-0.060984433 -0.029080865 0)
(-0.067918547 -0.028325202 0)
(-0.074586967 -0.027635639 0)
(-0.08099455 -0.027012755 0)
(-0.087145837 -0.026457332 0)
(-0.093045061 -0.025970685 0)
(-0.098696246 -0.025555121 0)
(-0.10410363 -0.025214482 0)
(-0.10927232 -0.024954902 0)
(-0.11420936 -0.024785464 0)
(-0.11892496 -0.024719065 0)
(-0.12343423 -0.024772896 0)
(-0.12775783 -0.024969228 0)
(-0.13192608 -0.025333053 0)
(-0.13596544 -0.025889229 0)
(-0.13993992 -0.026622223 0)
(-0.143659 -0.027493156 0)
(-0.14870717 -0.027995905 0)
(0.32762862 -0.072158018 0)
(0.30970837 -0.070467171 0)
(0.29219771 -0.068766901 0)
(0.2751009 -0.067063533 0)
(0.25842012 -0.065360395 0)
(0.24215091 -0.063658795 0)
(0.22628705 -0.061960141 0)
(0.21082199 -0.060266307 0)
(0.19574922 -0.058579508 0)
(0.18106244 -0.05690225 0)
(0.16675569 -0.055237248 0)
(0.15282328 -0.053587201 0)
(0.13925975 -0.051954942 0)
(0.12605976 -0.050343159 0)
(0.11321801 -0.04875466 0)
(0.10072926 -0.047192088 0)
(0.088588232 -0.045658174 0)
(0.076789701 -0.04415547 0)
(0.065328462 -0.042686601 0)
(0.054199399 -0.041254036 0)
(0.043397515 -0.039860312 0)
(0.03291799 -0.038507838 0)
(0.022756217 -0.037199081 0)
(0.012907799 -0.035936378 0)
(0.0033685507 -0.03472209 0)
(-0.0058655486 -0.033558428 0)
(-0.014798439 -0.032447556 0)
(-0.023434092 -0.031391427 0)
(-0.031776565 -0.030391879 0)
(-0.039830101 -0.029450513 0)
(-0.047599168 -0.02856876 0)
(-0.055088503 -0.027747801 0)
(-0.06230307 -0.026988638 0)
(-0.069248007 -0.026292063 0)
(-0.075928496 -0.025658763 0)
(-0.082349657 -0.025089388 0)
(-0.088516419 -0.024584729 0)
(-0.094433514 -0.024145957 0)
(-0.10010557 -0.023774966 0)
(-0.10553746 -0.023474854 0)
(-0.11073488 -0.023250454 0)
(-0.11570527 -0.023109004 0)
(-0.12045884 -0.023060768 0)
(-0.12501018 -0.023119696 0)
(-0.12937837 -0.023304245 0)
(-0.133592 -0.023635579 0)
(-0.13767141 -0.024137209 0)
(-0.14168988 -0.0247934 0)
(-0.14540696 -0.025585637 0)
(-0.15050344 -0.026024576 0)
(0.32659765 -0.066861274 0)
(0.30865592 -0.065293719 0)
(0.29112379 -0.06371591 0)
(0.27400749 -0.06213508 0)
(0.25730937 -0.06055497 0)
(0.24102547 -0.058976691 0)
(0.22514923 -0.057401182 0)
(0.20967381 -0.055830148 0)
(0.19459248 -0.054265467 0)
(0.17989871 -0.052709555 0)
(0.1655864 -0.051164737 0)
(0.1516497 -0.049633722 0)
(0.138083 -0.048118886 0)
(0.12488082 -0.046622951 0)
(0.11203772 -0.045148305 0)
(0.09954832 -0.043697647 0)
(0.087407229 -0.042273333 0)
(0.075609092 -0.040877988 0)
(0.064148586 -0.039513894 0)
(0.053020468 -0.038183582 0)
(0.042219612 -0.036889272 0)
(0.031741065 -0.035633428 0)
(0.021580085 -0.034418224 0)
(0.011732141 -0.033246052 0)
(0.0021929238 -0.032119025 0)
(-0.0070417109 -0.03103941 0)
(-0.015975813 -0.030009173 0)
(-0.024613446 -0.029030336 0)
(-0.032958734 -0.028104601 0)
(-0.041015976 -0.027233655 0)
(-0.048789685 -0.026418863 0)
(-0.056284645 -0.025661508 0)
(-0.063505878 -0.024962588 0)
(-0.070458617 -0.024323003 0)
(-0.0771482 -0.023743468 0)
(-0.083579981 -0.023224686 0)
(-0.089759219 -0.022767406 0)
(-0.095691067 -0.022372633 0)
(-0.10138064 -0.022041909 0)
(-0.10683333 -0.021777621 0)
(-0.11205525 -0.021583548 0)
(-0.11705405 -0.02146526 0)
(-0.12183978 -0.021430895 0)
(-0.12642634 -0.021491536 0)
(-0.13083119 -0.021662586 0)
(-0.13508139 -0.021961809 0)
(-0.13919105 -0.022411993 0)
(-0.14324449 -0.022996955 0)
(-0.14695131 -0.023717138 0)
(-0.15208626 -0.024098367 0)
(0.32559517 -0.061678394 0)
(0.30763532 -0.060230941 0)
(0.29008561 -0.058773535 0)
(0.27295243 -0.057312757 0)
(0.25623969 -0.055853319 0)
(0.23994364 -0.054396036 0)
(0.22405757 -0.052941498 0)
(0.20857436 -0.051491094 0)
(0.19348699 -0.050046551 0)
(0.17878879 -0.048609969 0)
(0.16447345 -0.047183657 0)
(0.150535 -0.045769835 0)
(0.1369677 -0.044370944 0)
(0.12376591 -0.042989208 0)
(0.11092407 -0.041627104 0)
(0.098436655 -0.040286889 0)
(0.086298154 -0.038971031 0)
(0.074503085 -0.037681744 0)
(0.063046012 -0.036421417 0)
(0.051921571 -0.035192205 0)
(0.041124515 -0.033996417 0)
(0.030649759 -0.032836169 0)
(0.020492431 -0.031713712 0)
(0.010647859 -0.030631117 0)
(0.0011116082 -0.029590568 0)
(-0.0081205953 -0.028594059 0)
(-0.017052911 -0.027643621 0)
(-0.025689505 -0.026741064 0)
(-0.03403458 -0.02588816 0)
(-0.042092508 -0.025086446 0)
(-0.049867851 -0.024337363 0)
(-0.057365456 -0.023642108 0)
(-0.064590401 -0.023001754 0)
(-0.071548024 -0.022417166 0)
(-0.078243791 -0.021889112 0)
(-0.084683271 -0.021418261 0)
(-0.090871994 -0.021005306 0)
(-0.096815481 -0.020651091 0)
(-0.10251925 -0.020356798 0)
(-0.10798908 -0.020124259 0)
(-0.1132314 -0.019956267 0)
(-0.11825397 -0.019857098 0)
(-0.12306653 -0.019832971 0)
(-0.12768229 -0.019892718 0)
(-0.13211698 -0.020049018 0)
(-0.13639652 -0.020316903 0)
(-0.14052854 -0.020718496 0)
(-0.14461007 -0.021237333 0)
(-0.14830044 -0.021890854 0)
(-0.15346646 -0.022219803 0)
(0.32463293 -0.056605287 0)
(0.30665986 -0.055279093 0)
(0.28909456 -0.053939675 0)
(0.27194747 -0.05259681 0)
(0.25522245 -0.051255627 0)
(0.23891672 -0.04991705 0)
(0.22302324 -0.04858128 0)
(0.20753453 -0.047249387 0)
(0.1924434 -0.04592293 0)
(0.17774292 -0.044603778 0)
(0.16342673 -0.043293962 0)
(0.14948871 -0.041995667 0)
(0.13592298 -0.040710907 0)
(0.12272377 -0.039441881 0)
(0.10988536 -0.038190692 0)
(0.097402103 -0.036959595 0)
(0.085268361 -0.035750729 0)
(0.073478549 -0.034566322 0)
(0.06202711 -0.033408467 0)
(0.050908573 -0.032279313 0)
(0.040117563 -0.031180894 0)
(0.029648881 -0.030115304 0)
(0.01949752 -0.029084534 0)
(0.0096586882 -0.028090636 0)
(0.00012781333 -0.027135558 0)
(-0.0090994951 -0.026221275 0)
(-0.018027529 -0.02534962 0)
(-0.026660546 -0.024522392 0)
(-0.035002848 -0.02374121 0)
(-0.04305887 -0.023007612 0)
(-0.050833254 -0.022322929 0)
(-0.058330896 -0.021688373 0)
(-0.065556956 -0.021104943 0)
(-0.072516846 -0.020573521 0)
(-0.079216172 -0.020094818 0)
(-0.085660671 -0.019669483 0)
(-0.091856126 -0.019298105 0)
(-0.097808343 -0.018981367 0)
(-0.10352319 -0.018720144 0)
(-0.10900675 -0.018515753 0)
(-0.1142657 -0.018370218 0)
(-0.11930779 -0.018286655 0)
(-0.12414246 -0.018269787 0)
(-0.12878215 -0.018326461 0)
(-0.13324096 -0.0184672 0)
(-0.13754391 -0.018704553 0)
(-0.1416921 -0.019060245 0)
(-0.14579634 -0.019517482 0)
(-0.14946633 -0.02010858 0)
(-0.15465768 -0.020390706 0)
(0.32372505 -0.051637317 0)
(0.30574116 -0.050436065 0)
(0.28816512 -0.049214043 0)
(0.27100644 -0.047987084 0)
(0.25427157 -0.046761904 0)
(0.23795821 -0.045539791 0)
(0.22205932 -0.044320534 0)
(0.20656705 -0.043105008 0)
(0.19147397 -0.041894504 0)
(0.17677304 -0.040690726 0)
(0.16245769 -0.039495589 0)
(0.14852173 -0.038310892 0)
(0.13495917 -0.037138601 0)
(0.1217641 -0.035980521 0)
(0.10893066 -0.034838735 0)
(0.096453055 -0.033715155 0)
(0.084325554 -0.032611925 0)
(0.072542447 -0.031530955 0)
(0.061098091 -0.030474346 0)
(0.0499869 -0.02944395 0)
(0.039203407 -0.02844179 0)
(0.02874229 -0.027469679 0)
(0.01859843 -0.026529586 0)
(0.0087669032 -0.025623291 0)
(-0.00075697785 -0.024752721 0)
(-0.0099777376 -0.023919606 0)
(-0.01889977 -0.023125758 0)
(-0.02752745 -0.022372771 0)
(-0.035865156 -0.021662252 0)
(-0.04391742 -0.02099557 0)
(-0.051688939 -0.020374051 0)
(-0.059184689 -0.019798778 0)
(-0.066409884 -0.019270746 0)
(-0.073370035 -0.018790737 0)
(-0.080070848 -0.018359442 0)
(-0.086518226 -0.017977407 0)
(-0.092718145 -0.017645139 0)
(-0.098676677 -0.017363136 0)
(-0.10439995 -0.017132007 0)
(-0.10989433 -0.016952633 0)
(-0.11516663 -0.016826381 0)
(-0.12022461 -0.01675545 0)
(-0.12507732 -0.016743289 0)
(-0.12973654 -0.016795162 0)
(-0.13421473 -0.016919718 0)
(-0.13853637 -0.017127468 0)
(-0.1426959 -0.017439536 0)
(-0.14681884 -0.017839404 0)
(-0.15046596 -0.018370909 0)
(-0.15567893 -0.018611991 0)
(0.30489589 -0.045702381 0)
(0.28731292 -0.044595956 0)
(0.27014571 -0.043483362 0)
(0.25340289 -0.042372036 0)
(0.23708372 -0.041264132 0)
(0.22118101 -0.040159161 0)
(0.2056866 -0.039057806 0)
(0.19059284 -0.037961158 0)
(0.17589246 -0.036870686 0)
(0.16157895 -0.035788104 0)
(0.14764595 -0.034715138 0)
(0.13408739 -0.033653388 0)
(0.12089719 -0.032604549 0)
(0.10806937 -0.031570408 0)
(0.095598008 -0.03055279 0)
(0.083477259 -0.029553592 0)
(0.071701333 -0.028574655 0)
(0.060264482 -0.027617846 0)
(0.049161048 -0.026684938 0)
(0.038385454 -0.025777732 0)
(0.02793229 -0.024897941 0)
(0.01779633 -0.02404732 0)
(0.0079725494 -0.023227552 0)
(-0.0015438631 -0.022440354 0)
(-0.010757531 -0.021687366 0)
(-0.019672976 -0.020970211 0)
(-0.028294657 -0.020290404 0)
(-0.036627055 -0.019649389 0)
(-0.044674763 -0.019048471 0)
(-0.052442568 -0.018488837 0)
(-0.059935491 -0.017971515 0)
(-0.06715883 -0.017497386 0)
(-0.074118155 -0.017067177 0)
(-0.080819286 -0.01668147 0)
(-0.087268242 -0.016340741 0)
(-0.093471185 -0.016045354 0)
(-0.099434381 -0.01579566 0)
(-0.1051642 -0.015592004 0)
(-0.11066721 -0.015434915 0)
(-0.11595036 -0.015325214 0)
(-0.12102135 -0.015264349 0)
(-0.12588889 -0.01525475 0)
(-0.13056411 -0.015300367 0)
(-0.13505799 -0.015408309 0)
(-0.13939458 -0.015587328 0)
(-0.14356201 -0.015857791 0)
(-0.14770031 -0.016204052 0)
(-0.1513243 -0.016677761 0)
(-0.15655579 -0.016884198 0)
(0.30414165 -0.041075329 0)
(0.28655758 -0.040085156 0)
(0.26938351 -0.039085058 0)
(0.25263448 -0.038085555 0)
(0.23631053 -0.03708956 0)
(0.22040485 -0.036096621 0)
(0.2049089 -0.035107153 0)
(0.18981484 -0.034122126 0)
(0.17511535 -0.03314276 0)
(0.16080368 -0.032170728 0)
(0.14687351 -0.031207419 0)
(0.13331867 -0.030254316 0)
(0.12013295 -0.029312786 0)
(0.10731022 -0.028384533 0)
(0.094844461 -0.0274711 0)
(0.082729719 -0.026574326 0)
(0.070960117 -0.025695792 0)
(0.059529849 -0.024837314 0)
(0.048433174 -0.02400041 0)
(0.037664456 -0.023186818 0)
(0.027218201 -0.022397996 0)
(0.017089097 -0.021635623 0)
(0.0072720224 -0.02090113 0)
(-0.0022379209 -0.020196158 0)
(-0.011445468 -0.019522111 0)
(-0.02035522 -0.018880537 0)
(-0.028971735 -0.01827274 0)
(-0.037299562 -0.017700096 0)
(-0.045343379 -0.017163726 0)
(-0.05310802 -0.016664754 0)
(-0.060598578 -0.016204051 0)
(-0.067820392 -0.015782433 0)
(-0.07477911 -0.015400488 0)
(-0.081480618 -0.015058725 0)
(-0.087931052 -0.014757479 0)
(-0.094136701 -0.014497007 0)
(-0.10010401 -0.014277477 0)
(-0.10583953 -0.014099026 0)
(-0.11135 -0.013961866 0)
(-0.11664244 -0.013866384 0)
(-0.12172453 -0.013813423 0)
(-0.12660462 -0.013804596 0)
(-0.13129331 -0.013842806 0)
(-0.13580016 -0.013933832 0)
(-0.14014905 -0.014085035 0)
(-0.14432196 -0.014315533 0)
(-0.14847331 -0.014611845 0)
(-0.15207471 -0.015027838 0)
(-0.15732386 -0.015207183 0)
(0.30350266 -0.036552042 0)
(0.28591704 -0.03568066 0)
(0.26873871 -0.03479134 0)
(0.25198407 -0.033901731 0)
(0.23565564 -0.033015425 0)
(0.21974687 -0.032132137 0)
(0.20424895 -0.031252292 0)
(0.1891539 -0.030376613 0)
(0.17445417 -0.029506106 0)
(0.16014314 -0.028642305 0)
(0.14621439 -0.027786559 0)
(0.13266167 -0.026939981 0)
(0.11947863 -0.026103822 0)
(0.10665904 -0.025279492 0)
(0.094196749 -0.024468452 0)
(0.082085736 -0.023672289 0)
(0.070320061 -0.022892517 0)
(0.05889385 -0.022130714 0)
(0.047801325 -0.021388312 0)
(0.037036782 -0.020666819 0)
(0.026594682 -0.019967591 0)
(0.016469647 -0.019292073 0)
(0.0066564954 -0.018641591 0)
(-0.0028497551 -0.018017552 0)
(-0.0120539 -0.017421255 0)
(-0.020960636 -0.016854035 0)
(-0.029574572 -0.01631709 0)
(-0.037900334 -0.015811608 0)
(-0.045942634 -0.015338609 0)
(-0.053706376 -0.014899051 0)
(-0.061196672 -0.014493709 0)
(-0.068418921 -0.014123249 0)
(-0.075378792 -0.013788161 0)
(-0.082082245 -0.013488814 0)
(-0.088535475 -0.013225431 0)
(-0.094744888 -0.012998119 0)
(-0.10071704 -0.012806891 0)
(-0.10645863 -0.012651681 0)
(-0.11197653 -0.012532439 0)
(-0.11727784 -0.012449201 0)
(-0.12237015 -0.012402325 0)
(-0.12726156 -0.012392791 0)
(-0.13196214 -0.012422653 0)
(-0.13648025 -0.012496591 0)
(-0.14083956 -0.012620841 0)
(-0.1450168 -0.012812815 0)
(-0.1491786 -0.013062512 0)
(-0.15276067 -0.013419654 0)
(-0.15802499 -0.013581065 0)
(0.28540832 -0.031381623 0)
(0.26822675 -0.030601248 0)
(0.25146597 -0.029819538 0)
(0.23513177 -0.029040588 0)
(0.21921818 -0.02826461 0)
(0.20371623 -0.027491963 0)
(0.18861784 -0.026723295 0)
(0.17391544 -0.025959228 0)
(0.15960211 -0.025201449 0)
(0.14567162 -0.024451 0)
(0.13211767 -0.023708834 0)
(0.11893378 -0.022975906 0)
(0.10611361 -0.022253519 0)
(0.09365089 -0.021542879 0)
(0.081539552 -0.020845488 0)
(0.069773591 -0.020162632 0)
(0.058347115 -0.019495803 0)
(0.047254295 -0.018846209 0)
(0.036489416 -0.018215258 0)
(0.026046893 -0.017604072 0)
(0.015921313 -0.017013983 0)
(0.0061074445 -0.016446084 0)
(-0.0033997336 -0.015901662 0)
(-0.012605081 -0.015381792 0)
(-0.021513326 -0.014887689 0)
(-0.030129131 -0.014420344 0)
(-0.038457145 -0.013980828 0)
(-0.046502124 -0.013569976 0)
(-0.054268975 -0.013188633 0)
(-0.061762842 -0.012837403 0)
(-0.068989119 -0.012516844 0)
(-0.075953504 -0.012227289 0)
(-0.082661963 -0.011968989 0)
(-0.08912074 -0.011742018 0)
(-0.095336288 -0.011546345 0)
(-0.10131526 -0.01138182 0)
(-0.10706444 -0.011248194 0)
(-0.1125908 -0.011145196 0)
(-0.11790148 -0.011072571 0)
(-0.12300404 -0.011030312 0)
(-0.12790632 -0.01101888 0)
(-0.13261798 -0.011039702 0)
(-0.13714632 -0.011096458 0)
(-0.14151489 -0.011194661 0)
(-0.14569585 -0.011349225 0)
(-0.14986611 -0.011555731 0)
(-0.15343207 -0.011850525 0)
(-0.15871136 -0.012006243 0)
(0.28504004 -0.027188999 0)
(0.26785483 -0.02651399 0)
(0.25108501 -0.025838522 0)
(0.23474175 -0.025164768 0)
(0.21881961 -0.024493787 0)
(0.2033096 -0.023826084 0)
(0.18820365 -0.023162126 0)
(0.17349385 -0.022502257 0)
(0.15917343 -0.02184812 0)
(0.1452362 -0.02120079 0)
(0.13167583 -0.020560844 0)
(0.11848573 -0.019929103 0)
(0.10565944 -0.019306594 0)
(0.093190642 -0.018694429 0)
(0.081073189 -0.018093879 0)
(0.069301057 -0.017506139 0)
(0.057868319 -0.016932479 0)
(0.046769146 -0.016374007 0)
(0.035997791 -0.015831907 0)
(0.025548667 -0.015307187 0)
(0.015416334 -0.014800955 0)
(0.0055955508 -0.014314172 0)
(-0.0039187427 -0.013847904 0)
(-0.013131411 -0.013403088 0)
(-0.02204722 -0.01298073 0)
(-0.030670825 -0.012581685 0)
(-0.039006892 -0.012206831 0)
(-0.047060154 -0.011856868 0)
(-0.054835524 -0.011532468 0)
(-0.062338103 -0.011234104 0)
(-0.069573277 -0.010962171 0)
(-0.076546694 -0.01071687 0)
(-0.083264323 -0.010498302 0)
(-0.089732376 -0.010306396 0)
(-0.095957338 -0.010140976 0)
(-0.10194587 -0.010001725 0)
(-0.10770484 -0.0098882328 0)
(-0.11324126 -0.0098000201 0)
(-0.11856233 -0.0097366118 0)
(-0.12367554 -0.0096976891 0)
(-0.12858857 -0.0096833382 0)
(-0.13331075 -0.0096944777 0)
(-0.13784858 -0.0097339421 0)
(-0.14222523 -0.009806792 0)
(-0.14641006 -0.009924806 0)
(-0.15058506 -0.010091181 0)
(-0.15414204 -0.010318472 0)
(-0.15942911 -0.010483923 0)
(0.28480511 -0.023095785 0)
(0.26760986 -0.022524946 0)
(0.25082368 -0.021953205 0)
(0.23446422 -0.02138223 0)
(0.21852613 -0.020813751 0)
(0.20300066 -0.02024839 0)
(0.18787979 -0.01968669 0)
(0.17315546 -0.019128259 0)
(0.1588205 -0.018575302 0)
(0.14486899 -0.018028572 0)
(0.1312947 -0.017488494 0)
(0.11809088 -0.016955567 0)
(0.10525101 -0.016430729 0)
(0.092768672 -0.015914823 0)
(0.080637696 -0.01540905 0)
(0.06885202 -0.014914365 0)
(0.057405725 -0.01443196 0)
(0.046292957 -0.013962709 0)
(0.035507984 -0.013507704 0)
(0.0250452 -0.013067712 0)
(0.014899162 -0.01264373 0)
(0.0050646081 -0.012236484 0)
(-0.0044635189 -0.011846911 0)
(-0.013690107 -0.011475726 0)
(-0.022619898 -0.011123799 0)
(-0.031257547 -0.010791774 0)
(-0.03960767 -0.010480392 0)
(-0.047674974 -0.010190165 0)
(-0.055464296 -0.0099216226 0)
(-0.062980688 -0.0096750674 0)
(-0.070229442 -0.0094507504 0)
(-0.077216148 -0.0092487178 0)
(-0.083946683 -0.0090689167 0)
(-0.090427219 -0.0089111319 0)
(-0.09666418 -0.0087750175 0)
(-0.10266424 -0.0086601189 0)
(-0.10843425 -0.008565835 0)
(-0.11398129 -0.00849154 0)
(-0.11931258 -0.0084365273 0)
(-0.12443564 -0.008400283 0)
(-0.12935805 -0.008382541 0)
(-0.13408892 -0.0083839017 0)
(-0.13863428 -0.0084063867 0)
(-0.14301685 -0.0084549014 0)
(-0.14720466 -0.0085377113 0)
(-0.15137997 -0.0086664421 0)
(-0.15493472 -0.008824745 0)
(-0.16022256 -0.0090057878 0)
(0.2846685 -0.01877389 0)
(0.26745364 -0.018315495 0)
(0.25064282 -0.017853217 0)
(0.23425818 -0.017390306 0)
(0.21829519 -0.016929279 0)
(0.2027454 -0.01647136 0)
(0.18760108 -0.016016719 0)
(0.1728535 -0.015564531 0)
(0.15849527 -0.015117297 0)
(0.14452091 -0.014675931 0)
(0.13092418 -0.014240499 0)
(0.11769828 -0.013811266 0)
(0.10483655 -0.013388937 0)
(0.092332535 -0.012974187 0)
(0.080179992 -0.012568037 0)
(0.068372853 -0.012171274 0)
(0.056905186 -0.011784922 0)
(0.045771165 -0.011409682 0)
(0.034965044 -0.011046466 0)
(0.024481228 -0.010695868 0)
(0.014314248 -0.010358698 0)
(0.0044588472 -0.010035489 0)
(-0.0050900551 -0.0097269942 0)
(-0.014337314 -0.0094337266 0)
(-0.023287671 -0.009156373 0)
(-0.031945713 -0.0088953871 0)
(-0.040316019 -0.0086513333 0)
(-0.048403189 -0.0084245328 0)
(-0.056211984 -0.0082153489 0)
(-0.063747314 -0.0080239017 0)
(-0.071014369 -0.0078502823 0)
(-0.078018585 -0.0076943545 0)
(-0.084765734 -0.0075559081 0)
(-0.091261849 -0.0074345442 0)
(-0.097513291 -0.0073297578 0)
(-0.10352665 -0.0072409067 0)
(-0.1093088 -0.0071672286 0)
(-0.11486681 -0.0071079047 0)
(-0.12020798 -0.007062055 0)
(-0.12533986 -0.0070289511 0)
(-0.13027006 -0.0070080835 0)
(-0.13500758 -0.0069997276 0)
(-0.13955831 -0.0070052972 0)
(-0.14394423 -0.0070292515 0)
(-0.14813422 -0.0070773877 0)
(-0.1523041 -0.0071656023 0)
(-0.1558657 -0.0072638496 0)
(-0.16114045 -0.0074312653 0)
(0.26737297 -0.013840492 0)
(0.25054234 -0.013495763 0)
(0.23413655 -0.013148551 0)
(0.21815178 -0.01280275 0)
(0.20258032 -0.012459746 0)
(0.18741491 -0.012119959 0)
(0.17264636 -0.011781106 0)
(0.15826659 -0.011446856 0)
(0.14427073 -0.011118173 0)
(0.1306528 -0.010794657 0)
(0.1174058 -0.010476353 0)
(0.10452302 -0.010163667 0)
(0.09199789 -0.0098571349 0)
(0.079824151 -0.0095575156 0)
(0.067995716 -0.0092654961 0)
(0.056506684 -0.0089818397 0)
(0.045351225 -0.0087071339 0)
(0.034523632 -0.0084420293 0)
(0.024018311 -0.0081869815 0)
(0.013829819 -0.0079425341 0)
(0.0039528998 -0.0077090878 0)
(-0.0056174944 -0.0074871257 0)
(-0.014886212 -0.0072770245 0)
(-0.023857936 -0.0070792105 0)
(-0.032537214 -0.00689399 0)
(-0.040928532 -0.0067216799 0)
(-0.049036416 -0.0065624589 0)
(-0.056865501 -0.0064164562 0)
(-0.064420594 -0.0062836425 0)
(-0.071706739 -0.0061638873 0)
(-0.07872925 -0.0060569009 0)
(-0.085493751 -0.0059622591 0)
(-0.09200617 -0.0058793945 0)
(-0.098272748 -0.0058075915 0)
(-0.10430002 -0.0057460242 0)
(-0.11009481 -0.0056937266 0)
(-0.1156642 -0.0056496888 0)
(-0.12101551 -0.0056128395 0)
(-0.12615636 -0.0055822369 0)
(-0.13109433 -0.0055571537 0)
(-0.1358384 -0.0055375361 0)
(-0.14039432 -0.0055243418 0)
(-0.14478352 -0.0055211678 0)
(-0.14897566 -0.0055328616 0)
(-0.15314136 -0.0055738153 0)
(-0.15670897 -0.0056230136 0)
(-0.16197643 -0.0057336723 0)
(0.26734022 -0.0093542478 0)
(0.25049841 -0.009126207 0)
(0.23407884 -0.0088951095 0)
(0.2180792 -0.0086647679 0)
(0.20249245 -0.0084372738 0)
(0.18731231 -0.0082125089 0)
(0.17252861 -0.0079873531 0)
(0.15813268 -0.0077661738 0)
(0.14412065 -0.007550274 0)
(0.13048668 -0.0073390025 0)
(0.11722361 -0.007131885 0)
(0.10432461 -0.006929243 0)
(0.091783046 -0.0067312382 0)
(0.079592617 -0.0065386149 0)
(0.067747248 -0.0063516883 0)
(0.056241046 -0.0061712029 0)
(0.045068229 -0.005997389 0)
(0.034223107 -0.0058308541 0)
(0.023700133 -0.0056717139 0)
(0.013493877 -0.0055204573 0)
(0.0035991254 -0.0053771389 0)
(-0.0059891588 -0.0052421734 0)
(-0.015275766 -0.0051156042 0)
(-0.024265354 -0.0049977704 0)
(-0.032962391 -0.0048886762 0)
(-0.041371318 -0.0047885367 0)
(-0.049496556 -0.004697247 0)
(-0.057342672 -0.0046148176 0)
(-0.064914344 -0.0045409656 0)
(-0.072216526 -0.0044754244 0)
(-0.079254396 -0.0044176706 0)
(-0.086033482 -0.004367119 0)
(-0.09255958 -0.0043229871 0)
(-0.098838858 -0.004284368 0)
(-0.10487776 -0.0042502367 0)
(-0.11068307 -0.0042194113 0)
(-0.11626186 -0.0041907089 0)
(-0.12162146 -0.0041628295 0)
(-0.1267695 -0.0041346976 0)
(-0.1317136 -0.0041053277 0)
(-0.13646266 -0.004074466 0)
(-0.14102242 -0.0040425843 0)
(-0.14541385 -0.0040125032 0)
(-0.14960755 -0.0039882291 0)
(-0.15377015 -0.0039816746 0)
(-0.15734233 -0.0039829058 0)
(-0.16260581 -0.0040310542 0)
(0.26732651 -0.0048571455 0)
(0.25047786 -0.0047441574 0)
(0.23404992 -0.0046286851 0)
(0.21804053 -0.0045141528 0)
(0.20244356 -0.0044022657 0)
(0.18725384 -0.004292771 0)
(0.17246035 -0.0041815922 0)
(0.15805334 -0.0040734606 0)
(0.14402991 -0.0039706306 0)
(0.13038481 -0.0038717473 0)
(0.11711063 -0.003776194 0)
(0.10420041 -0.0036837951 0)
(0.091647424 -0.0035947369 0)
(0.079445339 -0.0035093282 0)
(0.067588075 -0.0034279353 0)
(0.056069776 -0.003350883 0)
(0.044884681 -0.003278425 0)
(0.034027146 -0.0032107703 0)
(0.023491647 -0.0031480261 0)
(0.013272796 -0.0030902873 0)
(0.0033654013 -0.0030375933 0)
(-0.0062355336 -0.0029899741 0)
(-0.01553478 -0.0029474351 0)
(-0.024536949 -0.0029099599 0)
(-0.033246473 -0.0028774846 0)
(-0.041667726 -0.0028498965 0)
(-0.049805073 -0.0028270063 0)
(-0.057662997 -0.0028085298 0)
(-0.065246106 -0.002794073 0)
(-0.072559249 -0.0027831063 0)
(-0.079607519 -0.0027749702 0)
(-0.086396337 -0.0027688441 0)
(-0.092931417 -0.0027637721 0)
(-0.099218831 -0.002758634 0)
(-0.10526496 -0.002752194 0)
(-0.11107655 -0.0027430849 0)
(-0.11666064 -0.0027298913 0)
(-0.12202457 -0.0027111801 0)
(-0.12717601 -0.0026856306 0)
(-0.1321226 -0.0026521576 0)
(-0.13687328 -0.0026101737 0)
(-0.1414338 -0.0025598783 0)
(-0.14582502 -0.0025031189 0)
(-0.15001806 -0.0024432694 0)
(-0.15417795 -0.0023892856 0)
(-0.15775141 -0.002340542 0)
(-0.16301478 -0.002329847 0)
(0.26731731 -0.0003491863 0)
(0.25046531 -0.00035005627 0)
(0.23403289 -0.0003500797 0)
(0.21801818 -0.00035182303 0)
(0.20241557 -0.00035628599 0)
(0.18722109 -0.00036206107 0)
(0.17242265 -0.00036554548 0)
(0.15800914 -0.00037084994 0)
(0.14397909 -0.00038134854 0)
(0.13032773 -0.00039544247 0)
(0.11704748 -0.00041184217 0)
(0.10413116 -0.00043027835 0)
(0.091571969 -0.00045055773 0)
(0.079363527 -0.00047295605 0)
(0.067499759 -0.00049749375 0)
(0.055974829 -0.00052444625 0)
(0.044783014 -0.00055374286 0)
(0.0339187 -0.00058550808 0)
(0.023376408 -0.00061953868 0)
(0.013150758 -0.00065583673 0)
(0.0032365941 -0.00069413138 0)
(-0.0063710748 -0.00073435245 0)
(-0.015676987 -0.00077620113 0)
(-0.024685736 -0.0008195406 0)
(-0.033401712 -0.00086402148 0)
(-0.041829264 -0.0009094007 0)
(-0.0499727 -0.00095522348 0)
(-0.057836458 -0.0010010658 0)
(-0.065425068 -0.0010462875 0)
(-0.072743324 -0.0010902111 0)
(-0.079796232 -0.0011319479 0)
(-0.086589147 -0.0011705123 0)
(-0.093127691 -0.0012047282 0)
(-0.099417879 -0.0012332862 0)
(-0.10546602 -0.0012547367 0)
(-0.11127882 -0.0012675048 0)
(-0.1168633 -0.0012699853 0)
(-0.12222682 -0.0012605339 0)
(-0.12737705 -0.001237681 0)
(-0.13232174 -0.0012001268 0)
(-0.13706989 -0.0011470887 0)
(-0.14162743 -0.0010783409 0)
(-0.14601527 -0.00099494567 0)
(-0.1502051 -0.00089930865 0)
(-0.15436108 -0.00079782707 0)
(-0.15793397 -0.00069707659 0)
(-0.16319575 -0.00062939517 0)
)
;

boundaryField
{
    inletLow
    {
        type            fixedValue;
        value           nonuniform List<vector> 0();
    }
    inletJet
    {
        type            fixedValue;
        value           nonuniform List<vector> 0();
    }
    inletHigh
    {
        type            fixedValue;
        value           nonuniform List<vector> 0();
    }
    outlet
    {
        type            zeroGradient;
    }
    upperWall
    {
        type            pressureInletOutletVelocity;
        value           nonuniform List<vector> 0();
    }
    lowerWall
    {
        type            pressureInletOutletVelocity;
        value           nonuniform List<vector> 
51
(
(0 0.393256 0)
(0 0.35844567 0)
(0 0.32552191 0)
(0 0.29395348 0)
(0 0.26304343 0)
(0 0.23185338 0)
(0 0.1988985 0)
(0 0.16183549 0)
(0 0.11677264 0)
(0 0.058642377 0)
(-0.1488701 -0.018606137 0)
(-0.17715643 -0.11808988 0)
(-0.11846526 -0.20254424 0)
(-0.06573059 -0.25763563 0)
(-0.035601881 -0.29708988 0)
(-0.0072281497 -0.32240451 0)
(0.019655426 -0.33487667 0)
(0.036823876 -0.34027989 0)
(0.045574673 -0.34196196 0)
(0.05229344 -0.34099703 0)
(0.058669836 -0.3374173 0)
(0.064268756 -0.3318913 0)
(0.068199374 -0.32528795 0)
(0.070435159 -0.3182959 0)
(0.071394699 -0.31120061 0)
(0.071582445 -0.30409193 0)
(0.071342012 -0.29699406 0)
(0.070878892 -0.28992734 0)
(0.070286509 -0.28291058 0)
(0.069592514 -0.27596323 0)
(0.068784574 -0.26910658 0)
(0.067825715 -0.26236958 0)
(0.066666213 -0.25579321 0)
(0.065253649 -0.24943332 0)
(0.063544053 -0.24335878 0)
(0.061514319 -0.23764499 0)
(0.059175036 -0.23236288 0)
(0.056581681 -0.22756652 0)
(0.05384227 -0.22328282 0)
(0.051120041 -0.21950674 0)
(0.048630171 -0.21620342 0)
(0.046630053 -0.21331707 0)
(0.045403205 -0.21078408 0)
(0.045237274 -0.20854751 0)
(0.046396249 -0.20656864 0)
(0.049082965 -0.20483513 0)
(0.053390208 -0.20337207 0)
(0.059315756 -0.20226686 0)
(0.067017122 -0.20160069 0)
(0.077049283 -0.2010971 0)
(0.087317212 -0.19973934 0)
)
;
    }
    frontAndBack
    {
        type            empty;
    }
    procBoundary4to0
    {
        type            processor;
        value           nonuniform List<vector> 6((0.26730648 0.0041638611 0) (0.25045404 0.0040488518 0) (0.23402067 0.0039332402 0) (0.21800433 0.0038150911 0) (0.20240046 0.0036936441 0) (0.18720568 0.0035717814 0));
    }
    procBoundary4to1
    {
        type            processor;
        value           nonuniform List<vector> 
41
(
(0.17240692 0.0034548545 0)
(0.15799175 0.0033360455 0)
(0.14395944 0.0032117349 0)
(0.13030652 0.0030845563 0)
(0.11702507 0.0029559088 0)
(0.10410773 0.0028265803 0)
(0.09154752 0.0026966996 0)
(0.079338053 0.0025664414 0)
(0.067473242 0.0024357308 0)
(0.055947273 0.002304723 0)
(0.044754445 0.0021734617 0)
(0.033889179 0.0020422318 0)
(0.023346003 0.0019112363 0)
(0.013119568 0.0017808651 0)
(0.0032047191 0.0016514078 0)
(-0.006403518 0.0015233119 0)
(-0.01570988 0.0013969218 0)
(-0.024718946 0.0012727266 0)
(-0.0334351 0.0011511468 0)
(-0.04186266 0.001032748 0)
(-0.050005913 0.00091807546 0)
(-0.057869253 0.00080784322 0)
(-0.065457176 0.00070280179 0)
(-0.07277442 0.00060388671 0)
(-0.079825939 0.00051211893 0)
(-0.086617025 0.00042871788 0)
(-0.093153244 0.00035502475 0)
(-0.099440546 0.00029256674 0)
(-0.10548519 0.00024299579 0)
(-0.11129384 0.0002080868 0)
(-0.1168735 0.00018967326 0)
(-0.12223152 0.0001895642 0)
(-0.12737564 0.00020946815 0)
(-0.13231371 0.00025082307 0)
(-0.13705492 0.00031473973 0)
(-0.14160542 0.00040176014 0)
(-0.14598648 0.00051180908 0)
(-0.15017019 0.00064322881 0)
(-0.15432103 0.00079261269 0)
(-0.15789056 0.00094593428 0)
(-0.16314957 0.0010703231 0)
)
;
    }
    procBoundary4to5
    {
        type            processor;
        value           nonuniform List<vector> 
69
(
(-0.015029368 0.43049482 0)
(0.071687494 -0.019221241 0)
(0.11405226 -0.27208006 0)
(0.14528408 -0.40958533 0)
(0.1688739 -0.44462896 0)
(0.18835273 -0.43891506 0)
(0.20548841 -0.42145009 0)
(0.22113787 -0.40330299 0)
(0.23566417 -0.38759593 0)
(0.24921429 -0.3745802 0)
(0.2618525 -0.3636519 0)
(0.27361648 -0.35411259 0)
(0.28453662 -0.34540212 0)
(0.29464176 -0.33713402 0)
(0.3039611 -0.32906758 0)
(0.31252476 -0.32106799 0)
(0.32036482 -0.3130675 0)
(0.32751431 -0.30504212 0)
(0.33400773 -0.29698768 0)
(0.33987988 -0.28891391 0)
(0.34516586 -0.28083469 0)
(0.34989994 -0.27276074 0)
(0.35411561 -0.26470622 0)
(0.35784535 -0.25668096 0)
(0.36112023 -0.24869486 0)
(0.36397044 -0.24075623 0)
(0.36642468 -0.23287057 0)
(0.36851024 -0.22504521 0)
(0.37025327 -0.21728223 0)
(0.37167875 -0.20958498 0)
(0.35543788 -0.1975627 0)
(0.35543788 -0.1975627 0)
(0.35618149 -0.19017263 0)
(0.35668899 -0.18286932 0)
(0.35698004 -0.17565177 0)
(0.35707531 -0.16852189 0)
(0.35699349 -0.16148317 0)
(0.35675329 -0.15453885 0)
(0.35637182 -0.14769166 0)
(0.3558658 -0.14094421 0)
(0.35525074 -0.13429881 0)
(0.35454145 -0.12775756 0)
(0.35375195 -0.1213224 0)
(0.35289529 -0.11499504 0)
(0.35198406 -0.10877707 0)
(0.35102965 -0.10266984 0)
(0.35004326 -0.09667465 0)
(0.34903467 -0.090792474 0)
(0.34801385 -0.085024263 0)
(0.3469893 -0.079370609 0)
(0.3459705 -0.07383191 0)
(0.34496592 -0.068408288 0)
(0.34398669 -0.063099357 0)
(0.34304383 -0.057904433 0)
(0.34215447 -0.052823054 0)
(0.32288926 -0.04677522 0)
(0.32288926 -0.04677522 0)
(0.32214544 -0.042029362 0)
(0.32151731 -0.037403118 0)
(0.30299712 -0.032134508 0)
(0.30299712 -0.032134508 0)
(0.30263802 -0.027830333 0)
(0.30241761 -0.023637802 0)
(0.30230539 -0.01921839 0)
(0.28460629 -0.014176877 0)
(0.28460629 -0.014176877 0)
(0.28458893 -0.009573323 0)
(0.28458687 -0.0049650752 0)
(0.28458535 -0.00034639851 0)
)
;
    }
}


// ************************************************************************* //
