/*--------------------------------*- C++ -*----------------------------------*\
| =========                 |                                                 |
| \\      /  F ield         | OpenFOAM: The Open Source CFD Toolbox           |
|  \\    /   O peration     | Version:  2312                                  |
|   \\  /    A nd           | Website:  www.openfoam.com                      |
|    \\/     M anipulation  |                                                 |
\*---------------------------------------------------------------------------*/
FoamFile
{
    version     2.0;
    format      ascii;
    arch        "LSB;label=32;scalar=64";
    class       volScalarField;
    location    "0.03";
    object      f_Bilger;
}
// * * * * * * * * * * * * * * * * * * * * * * * * * * * * * * * * * * * * * //

dimensions      [0 0 0 0 0 0 0];

internalField   nonuniform List<scalar> 
3250
(
0.00063472739
0.00059729034
0.00056155735
0.00052749123
0.00049505577
0.00046421145
0.00043491595
0.00040712534
0.00038079359
0.0003558728
0.0003323138
0.00031006654
0.00028908043
0.00026930459
0.00025068818
0.00023318063
0.00021673186
0.0002012925
0.00018681407
0.00017324913
0.00016055146
0.00014867607
0.00013757939
0.00012721927
0.00011755505
0.00010854757
0.0001001592
9.2353859e-05
8.5096982e-05
7.8355523e-05
7.209794e-05
6.6294166e-05
6.0915591e-05
5.5935022e-05
5.1326656e-05
4.7066039e-05
4.3130026e-05
3.9496741e-05
3.6145525e-05
3.3056901e-05
3.0212515e-05
2.7595104e-05
2.5188445e-05
2.2977314e-05
0.0020784876
0.0019557468
0.0018385506
0.0017267922
0.0016203614
0.0015191366
0.0014229862
0.0013317693
0.0012453377
0.0011635372
0.0010862087
0.00101319
0.00094431611
0.00087942116
0.00081833881
0.00076090335
0.00070695051
0.00065631815
0.00060884693
0.00056438084
0.00052276768
0.00048385941
0.00044751247
0.000413588
0.000381952
0.00035247543
0.0003250343
0.00029950966
0.00027578762
0.0002537593
0.00023332076
0.00021437297
0.00019682169
0.00018057735
0.00016555497
0.00015167402
0.00013885827
0.00012703566
0.00011613817
0.00010610162
9.6865568e-05
8.8373138e-05
8.0570872e-05
7.3408651e-05
0.003654283
0.0034392964
0.0032338445
0.0030377725
0.0028509147
0.0026730826
0.0025040671
0.0023436393
0.0021915553
0.0020475589
0.0019113833
0.0017827541
0.0016613911
0.0015470104
0.0014393267
0.0013380541
0.0012429088
0.0011536094
0.0010698791
0.000991446
0.00091804442
0.00084941548
0.00078530775
0.00072547764
0.00066968982
0.00061771741
0.00056934217
0.00052435455
0.00048255375
0.00044374768
0.00040775285
0.00037439431
0.00034350549
0.00031492802
0.00028851156
0.00026411356
0.00024159907
0.00022084044
0.00020171712
0.00018411536
0.00016792796
0.00015305403
0.0001393987
0.00012687311
0.0053255224
0.0050139317
0.0047158537
0.0044311103
0.0041595036
0.0039007988
0.0036547274
0.0034209919
0.0031992682
0.0029892107
0.0027904557
0.0026026243
0.0024253264
0.0022581645
0.0021007359
0.0019526363
0.0018134617
0.0016828109
0.0015602872
0.0014455002
0.0013380675
0.0012376153
0.0011437799
0.0010562083
0.00097455873
0.00089850128
0.00082771805
0.00076190344
0.00070076424
0.00064401963
0.00059140116
0.0005426526
0.0004975298
0.00045580046
0.0004172439
0.00038165075
0.00034882266
0.00031857194
0.00029072123
0.00026510307
0.00024155963
0.00021994225
0.00020011114
0.00018193537
0.0070458025
0.0066362746
0.0062440602
0.0058689881
0.0055108586
0.0051694182
0.004844364
0.0045353508
0.0042419946
0.0039638776
0.0037005541
0.0034515553
0.0032163939
0.0029945688
0.0027855692
0.0025888792
0.0024039806
0.0022303566
0.0020674942
0.0019148868
0.0017720362
0.0016384544
0.0015136652
0.0013972052
0.0012886248
0.0011874892
0.0010933785
0.0010058886
0.00092463091
0.00084923299
0.00077933826
0.00071460598
0.00065471115
0.00059934425
0.00054821098
0.00050103188
0.00045754203
0.00041749056
0.00038064027
0.00034676712
0.00031565976
0.0002871191
0.00026095785
0.00023700055
0.0087636109
0.0082579221
0.00777304
0.007308829
0.006865116
0.0064416571
0.0060381421
0.0056542011
0.0052894114
0.0049433046
0.0046153729
0.0043050751
0.0040118434
0.0037350885
0.0034742056
0.0032285794
0.0029975884
0.0027806093
0.0025770211
0.0023862076
0.002207561
0.0020404836
0.0018843905
0.0017387112
0.0016028905
0.0014763902
0.0013586897
0.0012492868
0.0011476979
0.0010534587
0.00096612383
0.0008852674
0.00081048255
0.0007413814
0.00067759477
0.0006187718
0.00056457956
0.00051470257
0.00046884234
0.00042671675
0.00038805956
0.00035261984
0.00032016143
0.00029046299
0.010428441
0.0098311579
0.0092577857
0.0087082462
0.0081824156
0.0076800819
0.0072009502
0.0067446499
0.0063107431
0.0058987322
0.005508068
0.0051381574
0.0047883705
0.0044580474
0.0041465052
0.0038530441
0.0035769534
0.003317516
0.0030740142
0.0028457329
0.0026319637
0.0024320078
0.0022451791
0.002070806
0.0019082337
0.0017568255
0.0016159642
0.0014850532
0.0013635167
0.0012508011
0.0011463746
0.0010497276
0.00096037302
0.00087784562
0.00080170224
0.00073152129
0.00066690236
0.00060746574
0.00055285189
0.00050272082
0.0004567515
0.0004146412
0.00037610495
0.00034087546
0.011996332
0.01131421
0.010658661
0.010029699
0.0094272667
0.0088512002
0.0083012383
0.0077770287
0.0072781372
0.0068040563
0.0063542142
0.0059279838
0.0055246907
0.0051436215
0.0047840318
0.004445153
0.0041261998
0.0038263761
0.0035448804
0.0032809113
0.0030336714
0.0028023716
0.0025862342
0.0023844958
0.0021964098
0.0020212485
0.0018583049
0.0017068939
0.0015663532
0.0014360447
0.0013153544
0.0012036934
0.0011004974
0.0010052275
0.00091736918
0.00083643282
0.00076195289
0.00069348758
0.00063061828
0.00057294892
0.00052010532
0.00047173452
0.00042750411
0.00038710211
0.013433771
0.01267507
0.011945108
0.011244069
0.010571983
0.0099287502
0.0093141529
0.0087278691
0.0081694811
0.0076384857
0.007134303
0.0066562866
0.0062037328
0.0057758895
0.0053719655
0.0049911382
0.0046325623
0.0042953761
0.0039787084
0.0036816842
0.0034034298
0.0031430771
0.002899768
0.0026726576
0.0024609173
0.0022637374
0.0020803292
0.001909927
0.0017517893
0.0016052001
0.0014694697
0.0013439351
0.0012279606
0.0011209381
0.0010222867
0.00093145281
0.00084790979
0.00077115744
0.00070072153
0.00063615315
0.00057702805
0.00052294586
0.00047352948
0.00042842462
0.016465228
0.015577978
0.014720864
0.013894128
0.013098105
0.012333023
0.011598971
0.010895905
0.010223652
0.0095819236
0.0089703268
0.00838837
0.0078354748
0.007310986
0.0068141813
0.0063442816
0.0059004603
0.0054818533
0.0050875672
0.0047166874
0.0043682854
0.004041425
0.0037351678
0.0034485785
0.0031807296
0.0029307052
0.0026976048
0.002480546
0.0022786679
0.0020911326
0.0019171276
0.001755867
0.0016065924
0.001468574
0.0013411112
0.0012235327
0.001115197
0.0010154921
0.00092383529
0.00083967301
0.00076248001
0.00069175896
0.00062703968
0.00056787834
0.00051385687
0.00046458209
0.017717794
0.016768427
0.015850495
0.014964464
0.014110779
0.013289741
0.0125015
0.011746065
0.011023305
0.010332968
0.0096746849
0.0090479784
0.0084522763
0.0078869203
0.0073511761
0.0068442447
0.0063652727
0.0059133629
0.0054875836
0.0050869774
0.0047105691
0.0043573718
0.0040263932
0.0037166405
0.0034271273
0.0031568768
0.0029049259
0.0026703288
0.002452161
0.0022495214
0.0020615348
0.0018873534
0.0017261584
0.001577161
0.0014396026
0.0013127556
0.0011959241
0.001088444
0.00098968256
0.00089903832
0.00081594046
0.00073984832
0.00067025081
0.00060666522
0.00054863695
0.00049573785
0.018801778
0.017798623
0.016828148
0.01589089
0.014987372
0.01411796
0.013282858
0.012482121
0.011715659
0.010983248
0.010284541
0.0096190764
0.0089862886
0.0083855174
0.0078160198
0.0072769804
0.0067675235
0.0062867245
0.0058336214
0.0054072196
0.0050065061
0.004630453
0.0042780233
0.0039481733
0.0036398656
0.0033520733
0.0030837792
0.0028339818
0.0026017006
0.0023859793
0.0021858874
0.0020005234
0.0018290156
0.001670525
0.0015242436
0.0013893936
0.0012652308
0.0011510453
0.0010461606
0.00094993329
0.00086175274
0.00078104025
0.00070724842
0.00063986076
0.00057839039
0.00052237864
0.019733673
0.018684097
0.017668319
0.016686923
0.015740485
0.014829422
0.013953985
0.013114264
0.012310199
0.011541594
0.010808117
0.01010932
0.0094446412
0.0088134196
0.0082149039
0.0076482633
0.0071126026
0.0066069701
0.0061303865
0.0056818163
0.0052602155
0.0048645229
0.0044936564
0.0041465318
0.0038220676
0.0035192056
0.0032368808
0.0029740403
0.0027296534
0.0025027147
0.0022922455
0.0020972952
0.0019169433
0.0017503122
0.0015965702
0.0014548785
0.0013244496
0.0012045341
0.0010944178
0.00099342165
0.00090090058
0.0008162435
0.00073887246
0.00066824198
0.00060383815
0.00054517662
0.020535376
0.019445587
0.018390611
0.01737106
0.016387552
0.015440544
0.01453032
0.013656999
0.012820546
0.01202078
0.011257384
0.010529917
0.0098378204
0.0091804319
0.0085569918
0.0079666519
0.0074085084
0.0068815471
0.0063847546
0.0059170781
0.0054774768
0.0050648847
0.0046781787
0.0043162232
0.0039778866
0.0036621812
0.0033679098
0.0030939626
0.0028392664
0.0026027758
0.0023834738
0.0021803742
0.0019925231
0.0018189884
0.0016588576
0.0015112962
0.001375489
0.0012506542
0.0011360457
0.0010309532
0.00093470257
0.00084665466
0.00076620513
0.00069278348
0.00062585214
0.00056490378
0.021230119
0.020105205
0.019016026
0.01796322
0.016947438
0.015969167
0.015028715
0.014126223
0.013261671
0.012434891
0.011645574
0.010893283
0.010177461
0.0094974443
0.0088524712
0.0082416449
0.0076639457
0.0071183435
0.0066039444
0.0061196485
0.0056646892
0.005237741
0.0048376102
0.0044631389
0.0041131799
0.0037864317
0.0034818287
0.0031982621
0.0029346309
0.0026898559
0.0024628845
0.0022526936
0.0020582918
0.0018787191
0.0017130542
0.001560415
0.0014199542
0.0012908608
0.0011723609
0.001063718
0.00096423253
0.00087324159
0.00079011819
0.00071427054
0.00064514098
0.00058220281
0.021839507
0.02068357
0.019564206
0.018482083
0.017437876
0.016432097
0.015465074
0.014536961
0.01364775
0.012797281
0.011985247
0.011211212
0.010474619
0.0097748013
0.0091109621
0.0084819326
0.0078868627
0.0073251695
0.0067959022
0.0062978942
0.0058296433
0.0053901054
0.0049781281
0.0045925262
0.0042320973
0.003895641
0.0035819983
0.0032900203
0.0030185744
0.0027665508
0.0025328666
0.0023164693
0.002116339
0.0019314902
0.0017609745
0.0016038805
0.001459334
0.0013264989
0.0012045773
0.0010928097
0.00099047503
0.00089688952
0.00081140675
0.00073341654
0.00066234387
0.00059764523
0.022381836
0.021198215
0.020051879
0.018943567
0.017873992
0.016843685
0.015852987
0.014902063
0.013990914
0.01311938
0.012287157
0.011493807
0.010738767
0.010021387
0.0093405085
0.0086953446
0.0080857145
0.0075102669
0.0069676661
0.0064568842
0.0059767093
0.0055259686
0.0051034672
0.0047079926
0.0043383257
0.0039932552
0.0036715858
0.0033721373
0.0030937488
0.0028352832
0.0025956314
0.0023737148
0.0021684881
0.0019789413
0.0018041009
0.0016430315
0.0014948358
0.0013586557
0.0012336724
0.0011191063
0.0010142172
0.00091830334
0.00083070119
0.00075078434
0.0006779626
0.00061167763
0.02287158
0.021663099
0.020492351
0.019360336
0.018267817
0.017215341
0.016203259
0.015231745
0.014300802
0.013410273
0.012559853
0.011749094
0.010977412
0.010244073
0.0095479136
0.0088891569
0.0082661272
0.0076778208
0.0071231291
0.006600916
0.0061099912
0.0056491478
0.0052171613
0.0048127953
0.0044348105
0.0040819734
0.003753062
0.0034468703
0.0031622123
0.0028979267
0.0026528804
0.0024259713
0.0022161313
0.0020223277
0.0018435654
0.0016788874
0.0015273762
0.0013881543
0.001260384
0.0011432682
0.0010360495
0.00093801023
0.00084847137
0.00076679227
0.00069236908
0.00062463021
0.024589813
0.023320545
0.02208887
0.020895688
0.019741957
0.018628438
0.01755568
0.016524044
0.015533707
0.014584676
0.013676795
0.012809758
0.011983121
0.011196308
0.010448118
0.0097388926
0.0090670834
0.0084317017
0.0078316954
0.0072659513
0.0067333071
0.00623256
0.0057624812
0.0053218234
0.0049093289
0.0045237371
0.0041637925
0.0038282499
0.0035158804
0.0032254755
0.0029558519
0.0027058546
0.0024743604
0.00226028
0.0020625608
0.0018801875
0.0017121845
0.0015576157
0.0014155862
0.0012852414
0.0011657681
0.0010563936
0.0009563855
0.00086505124
0.00078173698
0.00070582654
0.0006367364
0.025027588
0.023736196
0.022483103
0.021269182
0.020095377
0.018962447
0.017870948
0.016821245
0.015813521
0.014847785
0.01392388
0.013041494
0.012200181
0.011399428
0.010638202
0.0099162047
0.0092323235
0.0085855132
0.0079746933
0.0073987308
0.0068564444
0.0063466142
0.0058679921
0.0054193109
0.0049992928
0.0046066572
0.0042401275
0.003898438
0.0035803388
0.0032846009
0.0030100207
0.0027554232
0.0025196658
0.0023016402
0.002100275
0.0019145372
0.0017434336
0.0015860117
0.0014413601
0.0013086093
0.001186931
0.0010755386
0.00097368649
0.00088066923
0.00079582107
0.00071851461
0.00064815506
0.025435965
0.024124202
0.022851224
0.021618001
0.020425501
0.019274493
0.01816554
0.017099012
0.016075097
0.015093806
0.014154983
0.013258304
0.01240327
0.011589142
0.010815952
0.010082219
0.0093871208
0.0087296617
0.0081087586
0.0075232647
0.0069719825
0.0064536753
0.0059670772
0.0055109028
0.0050838556
0.004684636
0.0043119484
0.0039645077
0.0036410449
0.0033403121
0.0030610868
0.0028021758
0.0025624185
0.0023406889
0.0021358986
0.0019469981
0.0017729781
0.0016128707
0.0014657498
0.0013307314
0.0012069739
0.0010936775
0.00099008428
0.00089547707
0.00080917902
0.00073055209
0.00065899148
0.025819142
0.02448861
0.023197043
0.021945743
0.020735734
0.019567795
0.018442494
0.017360208
0.016321126
0.015325265
0.014372473
0.013462437
0.012594686
0.01176854
0.010983523
0.010238671
0.0095330321
0.008865579
0.0082352125
0.0076407706
0.0070810408
0.0065547705
0.0060606774
0.0055974589
0.0051638013
0.0047583873
0.0043799034
0.0040270468
0.0036985307
0.0033930895
0.0031094835
0.0028465024
0.0026029687
0.0023777404
0.0021697131
0.001977822
0.0018010428
0.0016383933
0.0014889337
0.0013517666
0.0012260378
0.0011109354
0.0010056898
0.00090957299
0.00082189759
0.00074201594
0.0006693133
0.027568255
0.026181051
0.024832322
0.023523191
0.022254886
0.021028416
0.019844561
0.018703891
0.017606788
0.016553444
0.015543877
0.014577939
0.013655335
0.012775666
0.011937987
0.011141963
0.010386658
0.009671094
0.0089942257
0.0083549404
0.0077520629
0.0071843665
0.006650584
0.0061494176
0.0056795491
0.0052396485
0.0048283819
0.0044444194
0.0040864415
0.0037531448
0.0034432474
0.0031554935
0.0028886567
0.0026415442
0.0024129986
0.0022019008
0.0020071714
0.0018277726
0.0016627086
0.0015110264
0.0013718167
0.001244213
0.0011273922
0.0010205738
0.00092301943
0.00083403208
0.00075295466
0.00067916365
0.027927852
0.026522947
0.025157127
0.023831459
0.022547138
0.021305162
0.020106311
0.01895116
0.017840093
0.016773306
0.015750815
0.014772465
0.013837947
0.012946852
0.012098418
0.011292085
0.010526937
0.0098020068
0.0091162471
0.0084685355
0.0078576854
0.0072824573
0.0067415702
0.0062337122
0.0057575502
0.0053117391
0.0048949296
0.0045057764
0.0041429444
0.0038051148
0.0034909906
0.0031993005
0.0029288036
0.0026782923
0.0024465951
0.0022325789
0.002035151
0.0018532604
0.0016858989
0.0015321013
0.0013909464
0.0012615569
0.0011430986
0.001034781
0.000935856
0.00084561726
0.00076339913
0.00068856943
0.028267443
0.026846201
0.025464363
0.024123124
0.022823704
0.021567105
0.02035411
0.019185298
0.018061057
0.016981585
0.0159469
0.014956839
0.014011059
0.013108983
0.012250555
0.011434492
0.010660038
0.0099262518
0.009232083
0.0085764004
0.0079580062
0.0073756491
0.0068280352
0.0063138394
0.0058317146
0.0053803016
0.0049582369
0.0045641607
0.0041967233
0.0038545916
0.0035364542
0.0032410257
0.0029670512
0.0027133095
0.0024786158
0.002261824
0.0020618288
0.0018775668
0.0017080179
0.0015522057
0.0014091979
0.0012781065
0.0011580875
0.0010483405
0.0009481082
0.0008566757
0.00077336907
0.00069754808
0.028588235
0.027151953
0.025755047
0.024399125
0.023085463
0.021815069
0.020588729
0.019407027
0.018270353
0.017178908
0.016132714
0.015131613
0.014175274
0.01326321
0.012394938
0.0115696
0.010786333
0.010044167
0.009342043
0.0086788178
0.0080532834
0.0074641769
0.0069101926
0.0063899928
0.0059022176
0.0054454945
0.0050184467
0.0046197008
0.0042478937
0.0039016787
0.0035797309
0.0032807519
0.0030034736
0.002746662
0.0025091197
0.0022896885
0.0020872511
0.0019007327
0.001729102
0.0015713718
0.0014265995
0.0012938871
0.001172381
0.0010612717
0.00095979335
0.00086722262
0.00078287788
0.00070611137
0.030382107
0.028892336
0.027441185
0.026029966
0.024660183
0.023333089
0.022049685
0.020810759
0.019616897
0.018468492
0.01736575
0.016308694
0.015297172
0.01433086
0.013409246
0.01253178
0.011697689
0.010906091
0.010156004
0.0094463575
0.0087759986
0.008143709
0.0075482154
0.0069882008
0.0064623159
0.0059691889
0.0055074348
0.0050756644
0.0046724917
0.0042965408
0.0039464525
0.0036208892
0.0033185402
0.0030381252
0.0027783981
0.0025381498
0.0023162106
0.0021114521
0.0019227885
0.0017491781
0.0015896235
0.0014431724
0.0013089173
0.0011859957
0.0010735895
0.00097092436
0.00087726941
0.00079193566
0.00071426796
0.030683846
0.029179534
0.027714423
0.026289724
0.024906884
0.023567132
0.022271469
0.021020681
0.019815358
0.018655894
0.017542498
0.016475194
0.015453839
0.014478126
0.013547456
0.012661337
0.011818993
0.011019533
0.010261966
0.0095452129
0.0088681126
0.0082294378
0.0076279052
0.0070621875
0.0065309244
0.006032733
0.0055662169
0.0051299751
0.0047226097
0.0043427332
0.0039889745
0.0036599843
0.0033544401
0.0030710503
0.0028085574
0.0025657415
0.0023414219
0.0021344597
0.001943759
0.0017682682
0.0016069804
0.001458934
0.0013232127
0.0011989454
0.0010853059
0.00098151216
0.00088682578
0.00080055084
0.00072202542
0.030968117
0.029450389
0.027972227
0.026534865
0.02513974
0.023788077
0.022480874
0.021218919
0.020002804
0.018832926
0.017709492
0.016632529
0.015601894
0.014617336
0.013678103
0.012783844
0.011933727
0.011126854
0.010362231
0.0096387721
0.0089553089
0.0083106055
0.0077033698
0.0071322648
0.0065959201
0.0060929422
0.0056219241
0.005181454
0.0047701229
0.0043865322
0.0040292999
0.0036970655
0.0033884959
0.0031022886
0.0028371756
0.0025919265
0.0023653507
0.0021562994
0.001963667
0.0017863928
0.0016234607
0.0014739006
0.0013367877
0.0012112431
0.0010964327
0.00099156708
0.00089590092
0.00080873173
0.00072939107
0.031235865
0.029705559
0.028215156
0.026765901
0.025359232
0.023996372
0.022678319
0.021405864
0.020179601
0.018999928
0.017867054
0.016780998
0.015741592
0.01474844
0.013801409
0.012899525
0.012042093
0.011228238
0.010456967
0.0097271886
0.0090377274
0.0083873401
0.0077747259
0.0071985389
0.0066573993
0.006149904
0.0056746359
0.005230173
0.0048150963
0.0044279966
0.0040674817
0.0037321809
0.0034207508
0.0031318789
0.0028642875
0.0026167363
0.0023880253
0.0021769964
0.0019825353
0.0018035721
0.0016390826
0.0014880884
0.0013496571
0.0012229018
0.0011069815
0.0010010998
0.00090450447
0.00081648686
0.00073637346
0.031487788
0.02994564
0.028443743
0.026983324
0.025565818
0.024192448
0.02286421
0.021581897
0.020346104
0.019157233
0.018015492
0.016920904
0.015873307
0.014872372
0.013917716
0.01300861
0.012144289
0.011323865
0.010546339
0.009810613
0.0091155063
0.0084597679
0.0078420889
0.0072611152
0.0067154583
0.006203706
0.0057244319
0.0052762046
0.0048575954
0.0044671859
0.0041035737
0.0037653791
0.0034512488
0.0031598611
0.002889929
0.0026402032
0.0024094749
0.0021965772
0.0020003873
0.0018198274
0.0016538652
0.0015015147
0.0013618361
0.0012339356
0.0011169651
0.0010101217
0.00091264696
0.00082382619
0.00074298437
0.00066947589
0.031724464
0.030171178
0.028658498
0.027187616
0.025759956
0.024376734
0.023038949
0.021747394
0.020502666
0.019305168
0.018155113
0.017052525
0.015997246
0.014988951
0.01402719
0.013111302
0.012240509
0.011413914
0.010630511
0.0098891977
0.0091887856
0.0085280172
0.0079055765
0.0073201014
0.0067701954
0.0062544379
0.0057713939
0.0053196232
0.0048976882
0.0045041615
0.004137632
0.0037967107
0.0034800358
0.0031862767
0.0029141377
0.0026623613
0.00242973
0.0022150692
0.0020172481
0.0018351812
0.0016678289
0.0015141979
0.0013733415
0.0012443593
0.0011263968
0.0010186452
0.00092034007
0.00083076154
0.00074923158
0.00067510345
0.031946412
0.030382687
0.028859923
0.027379257
0.025942099
0.024549661
0.023202941
0.021902735
0.020649642
0.019444066
0.018286224
0.017176142
0.016113665
0.015098456
0.014130052
0.01320781
0.012330949
0.011498568
0.010709654
0.0099630988
0.0092577089
0.0085922202
0.0079653097
0.0073756085
0.0068217123
0.0063021927
0.0058156068
0.0053605062
0.0049354452
0.0045389879
0.0041697149
0.003826229
0.0035071601
0.0032111695
0.0029369535
0.0026832464
0.0024488235
0.0022325022
0.0020331445
0.0018496577
0.0016809954
0.0015261574
0.0013841907
0.0012541887
0.001135291
0.001026683
0.00092759504
0.00083730211
0.00075512286
0.00068040717
0.03215412
0.030580678
0.02904852
0.027558731
0.026112708
0.024711663
0.023356597
0.022048305
0.020787391
0.019574263
0.018409138
0.017292047
0.01622284
0.01520115
0.014226535
0.01329835
0.012415812
0.011578014
0.01078394
0.010032476
0.0093224239
0.0086525126
0.0080214136
0.0074277511
0.006870114
0.0063470667
0.0058571588
0.0053989344
0.00497094
0.0045717322
0.0041998837
0.0038539898
0.0035326725
0.0032345856
0.002958418
0.0027028967
0.0024667895
0.0022489072
0.0020481046
0.0018632824
0.0016933877
0.0015374142
0.0013944027
0.0012634408
0.0011436627
0.0010342485
0.00093442361
0.00084345813
0.00076066642
0.00068539489
0.032348072
0.030765668
0.029224801
0.027726528
0.026272249
0.024863181
0.023500328
0.022184493
0.020916279
0.0196961
0.018524173
0.017400534
0.016325058
0.015297295
0.014316881
0.013383148
0.012495305
0.011652446
0.010853548
0.010097495
0.0093830817
0.008709034
0.0080740165
0.0074766474
0.0069155092
0.0063891594
0.0058961411
0.0054349911
0.0050042489
0.004602464
0.004228202
0.0038800508
0.0035566256
0.0032565729
0.0029785749
0.0027213515
0.0024836641
0.0022643167
0.0020621578
0.0018760819
0.00170503
0.00154799
0.0014039971
0.0012721334
0.001151528
0.0010413561
0.00094083837
0.00084924051
0.00076587249
0.00069007706
0.032528833
0.030938207
0.029389294
0.027883151
0.026421196
0.025004659
0.023634554
0.022311689
0.021036673
0.01980992
0.01863165
0.017501895
0.016420523
0.015387146
0.014401336
0.013462429
0.012569639
0.011722057
0.010918658
0.01015832
0.0094398369
0.0087619268
0.0081232497
0.0075224182
0.0069580087
0.0064285728
0.0059326471
0.0054687619
0.0050354503
0.0046312551
0.0042547351
0.0039044719
0.0035790739
0.0032771812
0.0029974693
0.0027386521
0.0024994846
0.0022787646
0.0020753349
0.001888084
0.0017159474
0.0015579076
0.0014129944
0.001280285
0.0011589035
0.0010480207
0.00094685276
0.00085466123
0.00077075208
0.00069446433
0.032696956
0.031098874
0.029542543
0.028029105
0.026560022
0.025136542
0.023759692
0.022430286
0.021148941
0.019916071
0.018731898
0.017596445
0.016509518
0.015470979
0.014480149
0.013536425
0.012639027
0.011787045
0.010979452
0.010215123
0.0094928459
0.0088113353
0.0081692463
0.0075651861
0.0069977256
0.0064654107
0.0059667721
0.0055003344
0.0050646243
0.0046581786
0.0042795502
0.0039273142
0.0036000732
0.0032964611
0.0030151475
0.0027548405
0.0025142891
0.0022922856
0.0020876673
0.0018993173
0.0017261659
0.0015671903
0.0014214158
0.0012879146
0.0011658065
0.0010542578
0.00095248076
0.0008597329
0.00077531661
0.00069856733
0.032853232
0.031248286
0.029685099
0.028164902
0.026689203
0.025259275
0.023876158
0.022540676
0.021253449
0.020014897
0.018825242
0.017684512
0.016592547
0.015549084
0.014553571
0.013605364
0.012703682
0.011847608
0.011036115
0.010268073
0.009542266
0.0088574053
0.0082121408
0.007605075
0.0070347739
0.006499778
0.0059986127
0.0055297969
0.005091852
0.004683309
0.0043027151
0.0039486399
0.0036196802
0.0033144644
0.0030316567
0.0027699595
0.0025281167
0.0023049153
0.0020991873
0.001909811
0.0017357117
0.0015758622
0.0014292829
0.0012950419
0.0011722546
0.0010600834
0.00095773669
0.00086446845
0.00077957773
0.00070239668
0.03299832
0.031387046
0.029817513
0.028291047
0.026809209
0.025373298
0.023984367
0.022643247
0.021350563
0.020106739
0.018912
0.017766375
0.016669711
0.015621704
0.014621843
0.013669476
0.012763815
0.011903944
0.011088829
0.010317339
0.0095882548
0.0089002822
0.0082520676
0.0076422091
0.007069268
0.0065317801
0.0060282656
0.0055572385
0.005117215
0.0047067209
0.0043242983
0.0039685115
0.003637952
0.0033312433
0.0030470443
0.0027840525
0.0025410067
0.0023166892
0.0021099273
0.0019195946
0.0017446118
0.0015839475
0.0014366177
0.0013016866
0.0011782657
0.0010655136
0.00096263512
0.000868881
0.00078354727
0.00070596304
0.033132765
0.031515736
0.029940322
0.028408037
0.026920503
0.025479044
0.024084723
0.02273838
0.021440641
0.020191934
0.018992485
0.017842328
0.0167413
0.015689093
0.014685206
0.013728985
0.012819639
0.011956248
0.011137778
0.010363092
0.009630969
0.0089401111
0.0082891609
0.0076767122
0.0071013221
0.006561522
0.0060558275
0.005582748
0.0051407949
0.0047284892
0.0043443683
0.0039869916
0.003654946
0.0033468501
0.0030613581
0.0027971629
0.0025529988
0.0023276436
0.0021199201
0.0019286977
0.001752893
0.0015914704
0.0014434423
0.0013078688
0.0011838578
0.0010705646
0.00096719072
0.00087298378
0.00078723711
0.00070927709
0.033257105
0.031634936
0.030054052
0.028516355
0.027023535
0.025576936
0.024177626
0.022826449
0.021524035
0.020270812
0.019067008
0.017912663
0.016807595
0.015751508
0.014743899
0.013784115
0.01287136
0.012004715
0.01118314
0.010405498
0.0096705634
0.0089770355
0.0083235533
0.0077087069
0.0071310493
0.006589108
0.0060813944
0.0056064136
0.0051626727
0.0047486883
0.0043629933
0.0040041427
0.0036707192
0.0033613368
0.0030746456
0.0028093341
0.0025641324
0.0023378141
0.0021291981
0.0019371499
0.0017605821
0.0015984555
0.0014497786
0.0013136083
0.001189049
0.0010752528
0.00097141821
0.00087679001
0.00079065912
0.00071234947
0.033372115
0.031745241
0.030159211
0.028616465
0.027118742
0.025667384
0.024263463
0.022907821
0.02160109
0.020343697
0.019135873
0.017977671
0.016868863
0.015809198
0.014798157
0.013835084
0.012919184
0.012049534
0.011225093
0.010444722
0.0097071908
0.0090111969
0.0083553758
0.0077383141
0.0071585614
0.0066146412
0.0061050612
0.0056283226
0.0051829286
0.0047673916
0.0043802406
0.0040200266
0.0036853281
0.0033747552
0.0030869539
0.002820609
0.0025744465
0.0023472365
0.002137794
0.0019449807
0.0017677059
0.0016049268
0.0014556487
0.001318925
0.0011938573
0.0010795944
0.00097533225
0.0008803129
0.00079382515
0.00071519075
0.038570115
0.036819851
0.035139874
0.033479532
0.031847246
0.030256271
0.028708812
0.027206543
0.025750788
0.02434261
0.022982851
0.021672141
0.020410907
0.019199373
0.018037569
0.016925366
0.015862411
0.014848209
0.013882108
0.012963311
0.012090892
0.011263811
0.010480924
0.0097410007
0.0090427339
0.0083847567
0.0077656526
0.0071839679
0.0066382227
0.0061269212
0.005648561
0.0052016415
0.0047846718
0.0043961769
0.0040347041
0.0036988284
0.0033871561
0.0030983296
0.0028310301
0.0025839801
0.002355946
0.0021457396
0.0019522192
0.0017742909
0.0016109085
0.0014610743
0.0013238388
0.0011983005
0.0010836056
0.00097894737
0.00088356552
0.00079674689
0.0007178114
0.040474556
0.038684471
0.03692901
0.035244222
0.033578776
0.031941279
0.030345652
0.028793813
0.027287341
0.02582753
0.024415432
0.023051884
0.021737514
0.020472748
0.019257807
0.018092705
0.016977367
0.015911386
0.014894279
0.013925394
0.013003934
0.012128971
0.011299463
0.010514263
0.0097721393
0.0090717821
0.0084118217
0.0077908387
0.0072073763
0.0066599516
0.0061470657
0.0056672127
0.0052188889
0.0048005998
0.0044108672
0.0040482351
0.0037112749
0.0033985897
0.0031088185
0.0028406391
0.002592771
0.0023639773
0.0021530666
0.0019588941
0.0017803629
0.001616424
0.0014660768
0.0013283689
0.0012023962
0.0010873023
0.00098227796
0.0008865608
0.00079943591
0.00072022169
0.040585041
0.038789289
0.037028841
0.03533921
0.033669906
0.032027678
0.030427755
0.02887187
0.027361525
0.025897981
0.02448228
0.023115252
0.021797524
0.020529517
0.019311456
0.018143364
0.017025117
0.015956357
0.014936585
0.013965147
0.013041244
0.012163948
0.011332213
0.010544892
0.0098007488
0.0090984735
0.0084366931
0.0078139855
0.0072288913
0.0066799248
0.0061655839
0.00568436
0.0052347463
0.0048152453
0.0044243756
0.0040606781
0.0037227212
0.0034091049
0.0031184653
0.002849477
0.0026008566
0.0023713643
0.0021598058
0.0019650335
0.0017859477
0.0016214967
0.0014706773
0.0013325345
0.0012061617
0.0010907001
0.00098533816
0.00088931146
0.00080190359
0.00072243169
0.040685196
0.038884803
0.037119812
0.035425694
0.033753299
0.032106826
0.030502973
0.02894337
0.027429466
0.025962497
0.024543492
0.023173277
0.021852473
0.020581502
0.019360587
0.018189748
0.017068848
0.015997545
0.014975335
0.014001562
0.013075424
0.012195993
0.01136222
0.010572958
0.0098269672
0.0091229362
0.0084594897
0.0078352031
0.0072486148
0.0066982361
0.0061825626
0.005700083
0.0052492875
0.0048286758
0.004436764
0.0040720901
0.0037332196
0.0034187497
0.0031273138
0.0028575837
0.0026082734
0.0023781403
0.0021659875
0.0019706649
0.0017910702
0.0016261492
0.0014748963
0.0013363542
0.0012096139
0.0010938144
0.00098814187
0.00089183004
0.00080416109
0.00072445123
0.04077608
0.038971625
0.037202543
0.03550436
0.033829408
0.032179125
0.03057169
0.029008686
0.027491523
0.026021419
0.024599394
0.023226267
0.021902654
0.020628976
0.019405459
0.018232106
0.017108791
0.016035168
0.015010734
0.014034829
0.013106652
0.012225272
0.01138964
0.010598605
0.0098509282
0.0091452944
0.0084803266
0.0078545983
0.0072666453
0.0067149769
0.0061980861
0.0057144591
0.0052625838
0.0048409573
0.0044480931
0.0040825266
0.0037428209
0.0034275706
0.0031354065
0.0028649981
0.0026150568
0.0023843375
0.0021716411
0.001975815
0.0017957547
0.0016304036
0.001478754
0.0013398463
0.0012127694
0.0010966602
0.0009907027
0.0008941288
0.00080621935
0.00072628987
0.0408585
0.039050402
0.037277636
0.035575787
0.033898685
0.03224497
0.030634283
0.029068176
0.02754804
0.026075078
0.0246503
0.023274519
0.021948349
0.020672205
0.01944631
0.018270677
0.017145166
0.016069433
0.015042975
0.014065131
0.013135098
0.012251945
0.01141462
0.010621973
0.0098727607
0.0091656678
0.008499315
0.007872274
0.0072830784
0.0067302354
0.0062122358
0.0057275637
0.0052747046
0.0048521534
0.0044584213
0.0040920414
0.0037515744
0.0034356127
0.0031427848
0.002871758
0.0026212412
0.0023899875
0.0021767953
0.00198051
0.0018000249
0.0016342815
0.0014822699
0.0013430285
0.0012156443
0.0010992521
0.00099303396
0.0008962198
0.00080808909
0.00072795688
0.040933113
0.039121721
0.037345636
0.035640481
0.033961554
0.032304748
0.030691112
0.029122186
0.027599347
0.026123787
0.024696508
0.023318318
0.021989825
0.020711443
0.019483375
0.018305688
0.017178186
0.01610054
0.015072245
0.014092642
0.013160927
0.012276164
0.011437305
0.010643194
0.0098925888
0.0091841718
0.0085165622
0.0078883296
0.007298006
0.0067440966
0.0062250904
0.0057394692
0.0052857167
0.0048623257
0.0044678052
0.0041006864
0.0037595277
0.0034429197
0.0031494887
0.0028778998
0.0026268601
0.0023951206
0.0021814777
0.0019847749
0.0018039037
0.0016378036
0.0014854628
0.001345918
0.0012182542
0.0011016043
0.00099514858
0.00089811478
0.00080978084
0.00072946122
0.041000482
0.03918611
0.037407033
0.035698896
0.034018418
0.032358826
0.030742526
0.029171049
0.027645762
0.02616785
0.024738306
0.023357935
0.022027343
0.020746938
0.019516928
0.01833736
0.017208057
0.01612868
0.015098726
0.014117532
0.013184295
0.012298078
0.01145783
0.010662396
0.0099105319
0.0092009174
0.0085321709
0.0079028606
0.0073115166
0.0067566425
0.0062367254
0.0057502455
0.0052956845
0.0048715335
0.0044762994
0.0041085117
0.003766727
0.0034495338
0.0031555566
0.0028834588
0.0026319456
0.0023997661
0.0021857151
0.0019886343
0.0018074133
0.00164099
0.001488351
0.0013485313
0.0012206141
0.0011037306
0.00099705914
0.00089982529
0.00081130498
0.00073081165
0.041061109
0.039244047
0.037462276
0.03575145
0.034069652
0.032407556
0.030788858
0.029215082
0.027687588
0.026207553
0.024775969
0.023393632
0.022061147
0.020778922
0.019547157
0.018365899
0.017234972
0.016154037
0.015122588
0.014139962
0.013205354
0.012317827
0.011476329
0.010679703
0.009926704
0.0092160108
0.0085462401
0.0079159586
0.0073236951
0.0067679516
0.0062472137
0.0057599597
0.00530467
0.0048798337
0.0044839564
0.0041155656
0.0037732163
0.0034554955
0.0031610258
0.002888469
0.0026365287
0.0024039525
0.0021895333
0.0019921115
0.0018105749
0.0016438602
0.0014909522
0.0013508845
0.0012227387
0.0011056443
0.00099877784
0.0009013626
0.00081267185
0.0007320169
0.041115455
0.039295973
0.037511781
0.035798527
0.034115612
0.032451274
0.030830425
0.029254587
0.027725112
0.026243173
0.024809756
0.023425656
0.022091471
0.020807608
0.019574274
0.0183915
0.017259117
0.016176785
0.015143995
0.014160085
0.013224248
0.012335546
0.011492926
0.010695231
0.0099412144
0.0092295535
0.008558864
0.0079277113
0.0073346229
0.0067780993
0.0062566247
0.0057686761
0.0053127323
0.004887281
0.0044908263
0.0041218942
0.0037790381
0.0034608436
0.0031659317
0.0028929629
0.0026406393
0.0024077067
0.0021929571
0.001995229
0.0018134092
0.0016464328
0.0014932833
0.0013529928
0.0012246418
0.0011073581
0.0010003164
0.00090273771
0.00081389191
0.00073308617
0.041163944
0.039342299
0.037555934
0.035840489
0.034156631
0.032490294
0.030867531
0.029289854
0.02775861
0.026274971
0.024839917
0.023454241
0.02211854
0.020833206
0.019598477
0.018414351
0.01728067
0.016197089
0.015163103
0.014178047
0.013241112
0.012351363
0.011507742
0.010709093
0.0099541672
0.0092416425
0.0085701328
0.0079382023
0.0073443773
0.0067871572
0.0062650248
0.0057764561
0.0053199282
0.0048939277
0.0044969573
0.0041275417
0.0037842331
0.0034656154
0.0031703087
0.0028969718
0.0026443057
0.002411055
0.0021960101
0.0019980086
0.0018159358
0.0016487256
0.0014953604
0.0013548711
0.0012263368
0.0011088841
0.0010016861
0.00090396134
0.00081497585
0.00073403031
0.041206978
0.039383411
0.037595104
0.03587767
0.034193019
0.032524919
0.030900462
0.029321155
0.027788343
0.026303194
0.024866688
0.023479613
0.022142566
0.020855937
0.019619957
0.018434631
0.017299796
0.016215109
0.01518006
0.014193986
0.013256079
0.012365398
0.011520889
0.010721393
0.0099656612
0.0092523698
0.0085801319
0.007947511
0.0073530322
0.0067951937
0.0062724775
0.005783358
0.0053263116
0.0048998235
0.0045023952
0.0041325504
0.0037888398
0.0034698465
0.0031741891
0.0029005255
0.0026475553
0.002414022
0.002198715
0.0020004707
0.0018181734
0.0016507557
0.0014971991
0.0013565334
0.0012278365
0.001110234
0.0010028975
0.00090504372
0.00081593471
0.00073486476
0.04124493
0.039419674
0.037629639
0.03591038
0.034225064
0.032555428
0.030929488
0.029348749
0.027814557
0.026328078
0.02489029
0.02350198
0.022163741
0.020875973
0.019638892
0.018452508
0.017316655
0.016230991
0.015195007
0.014208035
0.013269269
0.012377768
0.011532476
0.010732233
0.0099757901
0.0092618226
0.0085889428
0.007955713
0.0073606576
0.0068022739
0.0062790426
0.0057894376
0.0053319338
0.0049050157
0.0045071837
0.0041369602
0.0037928953
0.0034735707
0.0031776041
0.0029036523
0.002650414
0.0024166316
0.0022010936
0.0020026353
0.0018201399
0.0016525395
0.0014988142
0.001357993
0.0012291531
0.0011114188
0.0010039609
0.00090599451
0.00081677925
0.00073561639
0.00066181306
0.041278151
0.039451435
0.037659873
0.035938898
0.034253026
0.032582087
0.030954862
0.029372879
0.027837483
0.026349841
0.024910931
0.023521542
0.022182256
0.020893493
0.019655448
0.018468138
0.017331395
0.016244877
0.015208073
0.014220317
0.0132808
0.012388581
0.011542603
0.010741707
0.0099846424
0.0092700835
0.008596642
0.0079628796
0.0073673198
0.006808459
0.0062847773
0.0057947474
0.0053368436
0.0049095493
0.0045113641
0.0041408095
0.0037964345
0.0034768201
0.0031805831
0.0029063794
0.0026529066
0.0024189064
0.0022031664
0.0020045209
0.0018218526
0.0016540923
0.0015002197
0.0013592628
0.001230298
0.001112449
0.0010048857
0.00090682232
0.00081751737
0.00073627501
0.00066243859
0.041306968
0.039479021
0.037686136
0.035963465
0.034277134
0.032605143
0.030976819
0.029393769
0.027857336
0.026368688
0.024928807
0.023538478
0.022198295
0.020908663
0.019669783
0.01848167
0.017344156
0.016256897
0.015219383
0.014230947
0.013290779
0.012397938
0.011551367
0.010749905
0.0099923014
0.00927723
0.008603302
0.0079690781
0.0073730813
0.0068138073
0.0062897353
0.0057993374
0.005341087
0.0049134668
0.0045149756
0.0041441342
0.0037994907
0.0034796254
0.0031831542
0.0029087323
0.0026550565
0.0024208678
0.0022049529
0.0020061455
0.0018233275
0.0016554291
0.0015014291
0.0013603549
0.0012312823
0.0011133344
0.0010056806
0.0009075349
0.00081815524
0.00073684917
0.00066296409
0.041331682
0.039502742
0.037708757
0.035984276
0.034297599
0.032624813
0.030995576
0.029411629
0.027874314
0.026384808
0.024944095
0.023552962
0.022212011
0.020921636
0.01968204
0.01849324
0.017355065
0.016267173
0.015229051
0.014240033
0.013299308
0.012405935
0.011558856
0.01075691
0.009998845
0.0092833351
0.0086089906
0.0079743719
0.007378001
0.0068183733
0.0062939673
0.0058032544
0.0053447074
0.0049168084
0.0045180554
0.0041469685
0.0038020954
0.0034820154
0.0031853439
0.0029107354
0.002656886
0.0024225362
0.0022064718
0.0020075261
0.0018245802
0.0016565638
0.0015024551
0.0013612809
0.0012321165
0.0011140845
0.0010063541
0.00090813935
0.00081869844
0.00073734022
0.00066341995
0.00059632329
0.041352561
0.039522885
0.037728089
0.036001458
0.034314613
0.032641285
0.031011327
0.029426647
0.0278886
0.026398372
0.024956958
0.023565154
0.022223553
0.020932551
0.019692353
0.018502973
0.017364243
0.016275817
0.015237184
0.014247676
0.013306482
0.012412661
0.011565154
0.010762799
0.010004346
0.0092884668
0.0086137715
0.0079788201
0.0073821341
0.0068222085
0.006297521
0.0058065428
0.0053477459
0.004919612
0.0045206385
0.0041493449
0.0038042783
0.0034840176
0.0031871775
0.0029124119
0.0026584165
0.002423931
0.0022077409
0.0020086789
0.0018256255
0.0016575099
0.0015033099
0.0013620518
0.0012328105
0.0011147083
0.0010069141
0.00090864246
0.00081915209
0.000737752
0.00066380014
0.00059670835
0.041369843
0.039539707
0.037744532
0.03601503
0.034328335
0.032654733
0.031024248
0.029438992
0.02790035
0.026409533
0.024967548
0.023575189
0.022233052
0.020941535
0.019700841
0.018510985
0.017371797
0.016282932
0.015243878
0.014253966
0.013312386
0.012418196
0.011570337
0.010767646
0.010008873
0.0092926889
0.0086177043
0.0079824785
0.0073855327
0.0068253612
0.0063004417
0.0058092445
0.0053502415
0.0049219138
0.0045227583
0.0041512942
0.0038060681
0.0034856583
0.0031886791
0.002913784
0.0026596682
0.0024250709
0.0022087773
0.0020096195
0.0018264776
0.0016582804
0.0015040053
0.0013626784
0.001233374
0.0011152143
0.0010073684
0.00090905085
0.00081952139
0.00073808869
0.00066411307
0.00059700485
0.041384826
0.0395545
0.037759703
0.036025645
0.03433975
0.032666157
0.031035309
0.029449593
0.027910456
0.02641914
0.024976663
0.023583827
0.022241231
0.020949271
0.019708151
0.018517886
0.017378305
0.016289062
0.015249646
0.014259387
0.013317475
0.012422967
0.011574804
0.010771824
0.010012775
0.0092963284
0.0086210942
0.0079856314
0.0073884611
0.0068280772
0.0063029569
0.0058115704
0.0053523891
0.0049238937
0.0045245808
0.0041529691
0.0038076049
0.0034870661
0.0031899666
0.0029149595
0.0026607396
0.0024260457
0.0022096626
0.0020104219
0.0018272037
0.0016589361
0.0015045963
0.0013632101
0.0012338515
0.0011156427
0.0010077527
0.00090939653
0.00081983481
0.00073837603
0.00066438016
0.00059724929
0.041396813
0.039566629
0.037774078
0.036031652
0.034348226
0.032674997
0.031043993
0.029457967
0.027918456
0.026426751
0.024983888
0.023590678
0.022247719
0.020955411
0.019713956
0.018523369
0.017383478
0.016293938
0.015254236
0.014263704
0.013321529
0.012426769
0.011578366
0.010775155
0.010015886
0.0092992306
0.0086237973
0.0079881453
0.0073907955
0.0068302416
0.0063049606
0.0058134223
0.0053540979
0.004925468
0.0045260287
0.0041542986
0.0038088235
0.0034881811
0.003190985
0.0029158879
0.0026615844
0.002426813
0.0022103581
0.0020110511
0.0018277717
0.0016594478
0.0015050564
0.0013636229
0.0012342213
0.0011159737
0.0010080492
0.0009096633
0.00082007744
0.00073860001
0.00066458956
0.00059745003
0.00053659973
0.041404731
0.039574809
0.037783017
0.03603592
0.034353292
0.032680504
0.031049563
0.029463401
0.027923674
0.026431725
0.024988618
0.023595169
0.022251979
0.020959449
0.01971778
0.018526986
0.017386898
0.016297167
0.015257281
0.014266571
0.013324226
0.012429302
0.011580741
0.010777379
0.010017966
0.0093011713
0.0086256057
0.0079898276
0.0073923578
0.0068316899
0.0063063008
0.0058146603
0.0053552394
0.0049265185
0.0045269937
0.0041551833
0.003809633
0.0034889203
0.0031916586
0.0029165004
0.0026621401
0.0024273161
0.0022108125
0.0020114606
0.0018281398
0.0016597779
0.0015053516
0.0013638864
0.0012344562
0.0011161829
0.001008236
0.00090983141
0.00082023122
0.00073874391
0.00066472646
0.0005975826
0.00053675733
0.041408479
0.039578942
0.037787341
0.036037555
0.034354979
0.032682657
0.031052012
0.029465887
0.027926096
0.026434052
0.024990842
0.023597292
0.022254005
0.02096138
0.019719621
0.018528739
0.017388565
0.016298751
0.015258784
0.014267995
0.013325572
0.012430573
0.011581938
0.010778505
0.010019021
0.0093021596
0.0086265287
0.0079906876
0.0073931572
0.0068324312
0.0063069867
0.0058152932
0.0053558221
0.0049270536
0.0045274837
0.0041556309
0.0038100407
0.0034892907
0.0031919941
0.0029168034
0.0026624129
0.0024275609
0.0022110313
0.0020116555
0.0018283128
0.0016599308
0.0015054863
0.0013640046
0.0012345597
0.0011162736
0.0010083161
0.00090990348
0.00082029839
0.0007388096
0.00066479272
0.00059765164
0.00053683267
0.04140811
0.039579196
0.037787627
0.036036305
0.034353371
0.032681554
0.031051488
0.029465558
0.027925844
0.026433843
0.024990667
0.023597147
0.022253889
0.020961293
0.019719559
0.018528703
0.017388551
0.016298756
0.015258806
0.014268032
0.01332562
0.01243063
0.011582002
0.010778573
0.010019092
0.0093022308
0.0086265988
0.0079907554
0.0073932216
0.0068324914
0.0063070419
0.0058153431
0.0053558663
0.0049270918
0.0045275161
0.0041556574
0.0038100615
0.0034893059
0.0031920041
0.0029168084
0.0026624133
0.002427557
0.0022110235
0.0020116442
0.0018282983
0.0016599136
0.0015054669
0.0013639834
0.0012345373
0.0011162509
0.001008294
0.00090988351
0.00082028252
0.00073880018
0.00066479121
0.00059765679
0.00053683777
)
;

boundaryField
{
    inletLow
    {
        type            calculated;
        value           nonuniform List<scalar> 0();
    }
    inletJet
    {
        type            calculated;
        value           nonuniform List<scalar> 0();
    }
    inletHigh
    {
        type            calculated;
        value           nonuniform List<scalar> 0();
    }
    outlet
    {
        type            calculated;
        value           nonuniform List<scalar> 0();
    }
    upperWall
    {
        type            calculated;
        value           nonuniform List<scalar> 0();
    }
    lowerWall
    {
        type            calculated;
        value           uniform 0;
    }
    frontAndBack
    {
        type            empty;
    }
    procBoundary5to0
    {
        type            processor;
        value           nonuniform List<scalar> 
52
(
0.032682158
0.03105229
0.02946649
0.027926799
0.026434786
0.024991585
0.023598036
0.022254747
0.020962118
0.019720353
0.018529463
0.017389278
0.016299451
0.015259468
0.014268661
0.013326217
0.012431196
0.011582536
0.010779077
0.010019566
0.0093026762
0.0086270164
0.0079911461
0.0073935864
0.0068328314
0.0063073581
0.0058156366
0.0053561382
0.0049273432
0.004527748
0.004155871
0.0038102578
0.0034894859
0.0031921687
0.0029169588
0.0026625503
0.0024276815
0.0022111365
0.0020117465
0.0018283907
0.0016599969
0.0015055419
0.0013640511
0.0012345985
0.0011163067
0.0010083457
0.00090993263
0.00082033099
0.0007388501
0.00066484378
0.00059771017
0.00053690536
)
;
    }
    procBoundary5to2
    {
        type            processor;
        value           nonuniform List<scalar> 5(0.041409061 0.039580621 0.03778914 0.036036916 0.034354063);
    }
    procBoundary5to4
    {
        type            processor;
        value           nonuniform List<scalar> 
69
(
2.0947242e-05
6.6839442e-05
0.00011539456
0.00016529372
0.00021508527
0.00026332067
0.00030870671
0.00035024116
0.00038730446
0.0004196905
0.00044757141
0.00047140004
0.00049180519
0.00050946456
0.0005249636
0.00053881192
0.00055140639
0.00056303994
0.0005739192
0.00058418482
0.00059392954
0.00060321341
0.00061207406
0.00062053539
0.0006286126
0.00063631588
0.00064365268
0.00065062868
0.00065724915
0.0006635214
0.0006635214
0.00060274801
0.00060779881
0.00061255987
0.00061703843
0.00062124294
0.00062518241
0.00062886609
0.00063230341
0.0006355039
0.00063847709
0.00064123252
0.00064377961
0.00064612771
0.00064828591
0.00065026317
0.00065206807
0.0006537089
0.00065519346
0.00065652901
0.00065772206
0.00065877821
0.00065970176
0.00066049515
0.00066115729
0.00066115729
0.00059513069
0.00059558935
0.0005959512
0.0005959512
0.00053587421
0.00053612676
0.00053631766
0.00053644948
0.00053644948
0.00048182696
0.00048189985
0.0004819247
0.0004818991
)
;
    }
    procBoundary5to6
    {
        type            processor;
        value           nonuniform List<scalar> 
74
(
0.00067390559
0.0022068582
0.0038789033
0.0056507052
0.0074726662
0.0092900399
0.011049461
0.012704817
0.01503673
0.014221485
0.014221485
0.017380978
0.018697361
0.019836333
0.020815666
0.021658501
0.022389231
0.023030473
0.023601379
0.02411709
0.02411709
0.02589518
0.026355569
0.026785049
0.027187925
0.027187925
0.028992603
0.029370085
0.029726652
0.030063241
0.030063241
0.031909576
0.032225382
0.032523154
0.032803763
0.033067904
0.033316151
0.03354901
0.033766915
0.033970163
0.034158796
0.034332728
0.034494389
0.034644519
0.034783493
0.034911685
0.038449192
0.036703942
0.035029698
0.035029698
0.040356446
0.040356446
0.042302363
0.042415586
0.042519276
0.042613788
0.042699686
0.04277754
0.042847885
0.04291122
0.04296801
0.043018693
0.043063678
0.04310335
0.043138068
0.043168163
0.04319394
0.04321567
0.04323359
0.043249037
0.04326127
0.043269245
0.043272957
0.043272728
)
;
    }
}


// ************************************************************************* //
