/*--------------------------------*- C++ -*----------------------------------*\
| =========                 |                                                 |
| \\      /  F ield         | OpenFOAM: The Open Source CFD Toolbox           |
|  \\    /   O peration     | Version:  2312                                  |
|   \\  /    A nd           | Website:  www.openfoam.com                      |
|    \\/     M anipulation  |                                                 |
\*---------------------------------------------------------------------------*/
FoamFile
{
    version     2.0;
    format      ascii;
    arch        "LSB;label=32;scalar=64";
    class       surfaceScalarField;
    location    "0.03";
    object      phi;
}
// * * * * * * * * * * * * * * * * * * * * * * * * * * * * * * * * * * * * * //

dimensions      [1 0 -1 0 0 0 0];

oriented        oriented;

internalField   nonuniform List<scalar> 
6378
(
1.0078956e-08
2.2065465e-07
9.8001656e-09
2.2424849e-07
9.5344698e-09
2.2773543e-07
9.2810882e-09
2.3111204e-07
9.0388452e-09
2.3437445e-07
8.8069817e-09
2.3751845e-07
8.5850616e-09
2.4053943e-07
8.3728758e-09
2.4343242e-07
8.1701764e-09
2.4619223e-07
7.9766417e-09
2.4881348e-07
7.7918392e-09
2.5129078e-07
7.6152391e-09
2.5361878e-07
7.4462113e-09
2.5579223e-07
7.2840532e-09
2.5780615e-07
7.1279988e-09
2.5965581e-07
6.9772487e-09
2.6133687e-07
6.8309844e-09
2.6284534e-07
6.6883926e-09
2.6417763e-07
6.5486745e-09
2.6533046e-07
6.4110578e-09
2.6630086e-07
6.274795e-09
2.6708609e-07
6.1391612e-09
2.6768359e-07
6.0034439e-09
2.6809094e-07
5.8669326e-09
2.6830584e-07
5.7289069e-09
2.683261e-07
5.5886282e-09
2.6814975e-07
5.4453349e-09
2.6777503e-07
5.2982434e-09
2.6720052e-07
5.1465562e-09
2.664252e-07
4.9894717e-09
2.6544853e-07
4.8262084e-09
2.6427052e-07
4.6560108e-09
2.6289173e-07
4.4781847e-09
2.6131326e-07
4.2921016e-09
2.5953669e-07
4.0972155e-09
2.5756403e-07
3.8930705e-09
2.5539756e-07
3.6793013e-09
2.5303975e-07
3.4556085e-09
2.5049311e-07
3.2217231e-09
2.4776012e-07
2.9773409e-09
2.4484299e-07
2.7219953e-09
2.4174366e-07
2.4550058e-09
2.3846345e-07
2.1754403e-09
2.3500312e-07
2.313627e-07
3.1294952e-08
2.0045425e-07
3.0409832e-08
2.0408165e-07
2.9555705e-08
2.076053e-07
2.8731368e-08
2.1102143e-07
2.7934454e-08
2.1432561e-07
2.7163294e-08
2.175132e-07
2.6416935e-08
2.205794e-07
2.5694747e-08
2.2351912e-07
2.49961e-08
2.2632713e-07
2.4320224e-08
2.2899806e-07
2.3666116e-08
2.3152657e-07
2.3032532e-08
2.3390735e-07
2.2418002e-08
2.3613524e-07
2.1820866e-08
2.3820535e-07
2.1239307e-08
2.4011307e-07
2.0671404e-08
2.4185416e-07
2.0115176e-08
2.4342478e-07
1.9568625e-08
2.4482147e-07
1.9029767e-08
2.4604113e-07
1.8496655e-08
2.4708096e-07
1.7967381e-08
2.4793844e-07
1.7440075e-08
2.4861123e-07
1.6912889e-08
2.4909717e-07
1.6383979e-08
2.4939424e-07
1.5851484e-08
2.4950059e-07
1.531351e-08
2.4941454e-07
1.4768129e-08
2.4913469e-07
1.4213372e-08
2.4865992e-07
1.3647261e-08
2.4798956e-07
1.3067818e-08
2.4712335e-07
1.247312e-08
2.4606157e-07
1.1861322e-08
2.4480505e-07
1.1230717e-08
2.4335507e-07
1.0579745e-08
2.4171343e-07
9.9070656e-09
2.3988228e-07
9.2115201e-09
2.3786406e-07
8.4921699e-09
2.3566138e-07
7.7482016e-09
2.3327689e-07
6.9788422e-09
2.3071317e-07
6.1831031e-09
2.2797261e-07
5.3595416e-09
2.250573e-07
4.5061083e-09
2.2196877e-07
3.6204942e-09
2.1870803e-07
2.1527537e-07
5.0136291e-08
1.7291145e-07
4.8746683e-08
1.7651253e-07
4.7396444e-08
1.800156e-07
4.6084403e-08
1.8341645e-07
4.4807741e-08
1.8671025e-07
4.3564383e-08
1.8989205e-07
4.2353115e-08
1.9295683e-07
4.1173126e-08
1.9589937e-07
4.0023687e-08
1.9871442e-07
3.8903866e-08
2.0139659e-07
3.7812412e-08
2.0394058e-07
3.6747739e-08
2.0634114e-07
3.5707972e-08
2.0859327e-07
3.4690958e-08
2.1069218e-07
3.3694327e-08
2.1263343e-07
3.2715548e-08
2.1441294e-07
3.1751992e-08
2.1602705e-07
3.0800986e-08
2.1747248e-07
2.9859848e-08
2.1874634e-07
2.8925919e-08
2.1984607e-07
2.7996571e-08
2.207694e-07
2.7069204e-08
2.2151429e-07
2.6141232e-08
2.2207891e-07
2.5210063e-08
2.224616e-07
2.4273077e-08
2.2266089e-07
2.3327612e-08
2.2267551e-07
2.2370956e-08
2.2250445e-07
2.1400355e-08
2.2214705e-07
2.0413036e-08
2.21603e-07
1.940624e-08
2.2087244e-07
1.8377272e-08
2.1995599e-07
1.7323545e-08
2.1885475e-07
1.6242646e-08
2.1757032e-07
1.5132376e-08
2.161047e-07
1.3990795e-08
2.1446025e-07
1.2816231e-08
2.126396e-07
1.1607289e-08
2.1064551e-07
1.0362726e-08
2.0848081e-07
9.0813009e-09
2.0614825e-07
7.7613942e-09
2.0365041e-07
6.4006423e-09
2.0098958e-07
4.9957373e-09
1.9816763e-07
3.5433732e-09
1.9518594e-07
1.9204532e-07
6.5900416e-08
1.4168616e-07
6.4106974e-08
1.4518567e-07
6.2355916e-08
1.4859484e-07
6.0645804e-08
1.5190919e-07
5.8973654e-08
1.5512348e-07
5.7337173e-08
1.5823258e-07
5.5735016e-08
1.6123137e-07
5.4166343e-08
1.6411462e-07
5.2630394e-08
1.6687708e-07
5.1126176e-08
1.6951347e-07
4.9652353e-08
1.7201857e-07
4.8207221e-08
1.7438729e-07
4.6788691e-08
1.7661478e-07
4.5394368e-08
1.7869644e-07
4.4021611e-08
1.8062804e-07
4.2667595e-08
1.8240571e-07
4.1329373e-08
1.8402602e-07
4.0003927e-08
1.8548592e-07
3.8688213e-08
1.8678276e-07
3.7379188e-08
1.8791424e-07
3.6073823e-08
1.8887839e-07
3.4769104e-08
1.8967348e-07
3.3462015e-08
1.9029803e-07
3.2149525e-08
1.9075076e-07
3.0828565e-08
1.9103061e-07
2.9496015e-08
1.9113674e-07
2.8148702e-08
1.9106859e-07
2.6783405e-08
1.908259e-07
2.5396882e-08
1.9040879e-07
2.3985909e-08
1.8981779e-07
2.2547329e-08
1.8905387e-07
2.1078115e-08
1.8811845e-07
1.957542e-08
1.8701336e-07
1.8036642e-08
1.8574086e-07
1.6459466e-08
1.8430349e-07
1.4841887e-08
1.8270405e-07
1.318219e-08
1.8094546e-07
1.147885e-08
1.7903071e-07
9.7302918e-09
1.7696269e-07
7.9344549e-09
1.7474419e-07
6.0882931e-09
1.7237768e-07
4.1876338e-09
1.698654e-07
2.2285205e-09
1.6720919e-07
1.644105e-07
7.8460537e-08
1.0958411e-07
7.6351875e-08
1.1291322e-07
7.4285194e-08
1.1616062e-07
7.2258991e-08
1.1932153e-07
7.0270149e-08
1.2239065e-07
6.831637e-08
1.253628e-07
6.6396309e-08
1.282329e-07
6.4509086e-08
1.3099583e-07
6.2653844e-08
1.3364648e-07
6.0829506e-08
1.3617979e-07
5.9034652e-08
1.3859076e-07
5.7267483e-08
1.4087457e-07
5.552582e-08
1.4302659e-07
5.3807175e-08
1.450425e-07
5.2108814e-08
1.4691833e-07
5.0427814e-08
1.4865048e-07
4.8761115e-08
1.5023578e-07
4.7105575e-08
1.5167146e-07
4.5458009e-08
1.5295513e-07
4.3815216e-08
1.540848e-07
4.2173992e-08
1.5505877e-07
4.0531132e-08
1.5587565e-07
3.8883421e-08
1.565343e-07
3.7227619e-08
1.5703382e-07
3.5560446e-08
1.5737354e-07
3.3878567e-08
1.5755303e-07
3.2178594e-08
1.5757214e-07
3.0457094e-08
1.5743102e-07
2.8710611e-08
1.5713018e-07
2.6935708e-08
1.566705e-07
2.5129022e-08
1.5605327e-07
2.3287316e-08
1.5528017e-07
2.1407548e-08
1.5435328e-07
1.9486922e-08
1.5327501e-07
1.7522938e-08
1.5204808e-07
1.5513417e-08
1.506754e-07
1.3456488e-08
1.4916001e-07
1.135047e-08
1.4750501e-07
9.1936174e-09
1.457134e-07
6.9836448e-09
1.437881e-07
4.7171572e-09
1.4173179e-07
2.3895484e-09
1.3954697e-07
-3.3518169e-12
1.3723595e-07
1.3480071e-07
8.7987177e-08
7.8664822e-08
8.5636085e-08
8.1772038e-08
8.3325285e-08
8.4806099e-08
8.1052975e-08
8.7762267e-08
7.8816069e-08
9.0635306e-08
7.661226e-08
9.3420184e-08
7.4440147e-08
9.6111996e-08
7.2298758e-08
9.8705882e-08
7.0187116e-08
1.0119702e-07
6.8104015e-08
1.0358066e-07
6.604791e-08
1.0585216e-07
6.4016902e-08
1.0800703e-07
6.2008784e-08
1.1004102e-07
6.0021058e-08
1.1195016e-07
5.8050989e-08
1.1373081e-07
5.6095655e-08
1.153797e-07
5.4152003e-08
1.1689397e-07
5.2216891e-08
1.1827115e-07
5.0287123e-08
1.1950916e-07
4.835948e-08
1.2060629e-07
4.6430725e-08
1.2156116e-07
4.4497612e-08
1.223727e-07
4.2556876e-08
1.230401e-07
4.0605228e-08
1.235628e-07
3.8639339e-08
1.239405e-07
3.6655836e-08
1.2417311e-07
3.4651296e-08
1.2426087e-07
3.2622253e-08
1.2420427e-07
3.0565226e-08
1.2400417e-07
2.8476753e-08
1.2366174e-07
2.6353442e-08
1.2317852e-07
2.4192039e-08
1.2255641e-07
2.1989477e-08
1.2179764e-07
1.9742937e-08
1.2090475e-07
1.7449892e-08
1.1988052e-07
1.510813e-08
1.1872795e-07
1.2715749e-08
1.1745012e-07
1.0271042e-08
1.1605016e-07
7.772243e-09
1.1453114e-07
5.2170404e-09
1.1289603e-07
2.6019951e-09
1.1114764e-07
-7.752658e-11
1.0928868e-07
-2.8254866e-09
1.073218e-07
1.0524948e-07
9.4843644e-08
5.0332117e-08
9.2307881e-08
5.3187713e-08
8.9810287e-08
5.5978221e-08
8.7348825e-08
5.8698947e-08
8.4920337e-08
6.134497e-08
8.2522527e-08
6.3911486e-08
8.0153923e-08
6.639391e-08
7.7813427e-08
6.8787749e-08
7.5499922e-08
7.1088586e-08
7.321206e-08
7.3292099e-08
7.0948189e-08
7.5394094e-08
6.8706343e-08
7.739054e-08
6.6484278e-08
7.9277619e-08
6.4279492e-08
8.1051786e-08
6.208928e-08
8.2709804e-08
5.9910768e-08
8.4248792e-08
5.7740961e-08
8.5666237e-08
5.5576782e-08
8.696001e-08
5.34151e-08
8.8128357e-08
5.1252753e-08
8.9169877e-08
4.9086559e-08
9.0083499e-08
4.6913318e-08
9.0868462e-08
4.4729804e-08
9.152427e-08
4.2532776e-08
9.2050673e-08
4.0318968e-08
9.2447658e-08
3.8085083e-08
9.2715473e-08
3.5827783e-08
9.2854633e-08
3.35437e-08
9.2865947e-08
3.1229448e-08
9.2750522e-08
2.8881663e-08
9.2509782e-08
2.6497053e-08
9.2145451e-08
2.4072462e-08
9.1659548e-08
2.1604934e-08
9.1054371e-08
1.9091755e-08
9.0332494e-08
1.6530488e-08
8.949672e-08
1.3919002e-08
8.8550021e-08
1.1255459e-08
8.7495466e-08
8.5382232e-09
8.6336151e-08
5.7656213e-09
8.5075119e-08
2.9354697e-09
8.3715333e-08
4.4513961e-11
8.225963e-08
-2.9116143e-09
8.0710827e-08
-5.9364516e-09
7.9071816e-08
7.7345397e-08
9.9475417e-08
2.5443173e-08
9.6800017e-08
2.8039157e-08
9.4161009e-08
3.0577302e-08
9.155563e-08
3.3052946e-08
8.8980776e-08
3.5461352e-08
8.6434246e-08
3.7798122e-08
8.3914554e-08
4.0059152e-08
8.1420496e-08
4.2240437e-08
7.8950826e-08
4.4338057e-08
7.6504059e-08
4.6348216e-08
7.4078424e-08
4.8267245e-08
7.1671878e-08
5.0091619e-08
6.9282131e-08
5.1818018e-08
6.6906684e-08
5.3443369e-08
6.4542866e-08
5.4964885e-08
6.2187868e-08
5.6380102e-08
5.9838785e-08
5.7686899e-08
5.7492635e-08
5.888351e-08
5.5146392e-08
5.9968523e-08
5.2796997e-08
6.0940855e-08
5.0441371e-08
6.179974e-08
4.8076406e-08
6.2544718e-08
4.5698958e-08
6.3175591e-08
4.3305886e-08
6.3692366e-08
4.0894054e-08
6.4095272e-08
3.8460317e-08
6.4384794e-08
3.6001505e-08
6.4561683e-08
3.3514426e-08
6.4626975e-08
3.0995869e-08
6.4581988e-08
2.8442638e-08
6.4428322e-08
2.5851592e-08
6.4167833e-08
2.3219745e-08
6.3802575e-08
2.0544339e-08
6.3334798e-08
1.7822861e-08
6.2767009e-08
1.5053056e-08
6.2101937e-08
1.2232939e-08
6.1342475e-08
9.3608096e-09
6.049159e-08
6.4351624e-09
5.9552265e-08
3.4544736e-09
5.8527449e-08
4.1678435e-10
5.7420004e-08
-2.6808347e-09
5.6232717e-08
-5.8423117e-09
5.4968415e-08
-9.0706183e-09
5.3630089e-08
5.2220741e-08
1.0233067e-07
4.4173841e-09
9.9551226e-08
6.7656008e-09
9.6806487e-08
9.0615353e-09
9.4093037e-08
1.1300429e-08
9.1407998e-08
1.3478156e-08
8.8749363e-08
1.5591028e-08
8.6115665e-08
1.7635552e-08
8.350551e-08
1.9608375e-08
8.0917721e-08
2.1505841e-08
7.8350568e-08
2.3325001e-08
7.580215e-08
2.5062655e-08
7.3270344e-08
2.6715798e-08
7.0752822e-08
2.8281629e-08
6.8247089e-08
2.9757568e-08
6.5750517e-08
3.1141297e-08
6.3260377e-08
3.2430791e-08
6.0773868e-08
3.3624334e-08
5.8288129e-08
3.4720543e-08
5.5800252e-08
3.5718362e-08
5.3307314e-08
3.6617021e-08
5.0806371e-08
3.7416048e-08
4.8294429e-08
3.8115276e-08
4.5768416e-08
3.8714809e-08
4.3225303e-08
3.9214842e-08
4.0662126e-08
3.9615751e-08
3.8075951e-08
3.9918178e-08
3.5463833e-08
4.0123034e-08
3.2822803e-08
4.0231512e-08
3.0149871e-08
4.0245078e-08
2.7442028e-08
4.0165476e-08
2.4696288e-08
3.9994677e-08
2.19098e-08
3.9734737e-08
1.9080068e-08
3.9387661e-08
1.6204865e-08
3.8955763e-08
1.3282181e-08
3.844163e-08
1.0310229e-08
3.7848011e-08
7.2874633e-09
3.7177709e-08
4.212528e-09
3.6433527e-08
1.0840756e-09
3.5618233e-08
-2.0996076e-09
3.4734525e-08
-5.3410629e-09
3.3785046e-08
-8.643656e-09
3.2772493e-08
-1.2009781e-08
3.1699859e-08
3.057027e-08
1.0962611e-07
-1.7039701e-08
1.0670526e-07
-1.4830058e-08
1.038163e-07
-1.2661259e-08
1.0096181e-07
-1.0536975e-08
9.8139575e-08
-8.4611505e-09
9.5346627e-08
-6.437894e-09
9.2580599e-08
-4.4706859e-09
8.9839763e-08
-2.562629e-09
8.7122762e-08
-7.1673695e-10
8.4427385e-08
1.0650095e-09
8.17534e-08
2.7775568e-09
7.909825e-08
4.4204483e-09
7.6460029e-08
5.9901922e-09
7.383655e-08
7.4843948e-09
7.1225451e-08
8.9007678e-09
6.8624253e-08
1.0237215e-08
6.6030391e-08
1.1491877e-08
6.344122e-08
1.2663188e-08
6.0854074e-08
1.3749822e-08
5.8266222e-08
1.4750791e-08
5.5674871e-08
1.5665402e-08
5.3077225e-08
1.6493198e-08
5.0470533e-08
1.7233945e-08
4.7851937e-08
1.7887767e-08
4.521834e-08
1.8455142e-08
4.256679e-08
1.8936339e-08
3.9894534e-08
1.9331745e-08
3.7198901e-08
1.9642056e-08
3.447722e-08
1.9868263e-08
3.1726798e-08
2.0011623e-08
2.8944886e-08
2.0073677e-08
2.6128679e-08
2.0056262e-08
2.3275307e-08
1.9961503e-08
2.0381772e-08
1.9791754e-08
1.7445922e-08
1.9548299e-08
1.4465946e-08
1.9233094e-08
1.1440085e-08
1.8848627e-08
8.3668548e-09
1.8397335e-08
5.2448079e-09
1.7881979e-08
2.0726515e-09
1.7305149e-08
-1.1506827e-09
1.6669155e-08
-4.4267813e-09
1.5976738e-08
-7.7578381e-09
1.5230265e-08
-1.1146368e-08
1.4431931e-08
-1.4594225e-08
1.3584746e-08
1.2691753e-08
1.1019016e-07
-2.9964136e-08
1.0721752e-07
-2.7951028e-08
1.0427784e-07
-2.5976895e-08
1.0137054e-07
-2.4044897e-08
9.8493674e-08
-2.2158626e-08
9.5644921e-08
-2.0321337e-08
9.2822325e-08
-1.8535911e-08
9.0024249e-08
-1.6804942e-08
8.7249103e-08
-1.5130889e-08
8.4496086e-08
-1.3516088e-08
8.1762199e-08
-1.196318e-08
7.9046296e-08
-1.0474064e-08
7.6346191e-08
-9.0509135e-09
7.365961e-08
-7.6957346e-09
7.0984166e-08
-6.4103744e-09
6.8317421e-08
-5.1965045e-09
6.565688e-08
-4.0555157e-09
6.2999961e-08
-2.9884824e-09
6.0344154e-08
-1.9963554e-09
5.7686933e-08
-1.0798176e-09
5.5025568e-08
-2.3917239e-10
5.2357297e-08
5.2541773e-10
4.9679628e-08
1.2139012e-09
4.6990009e-08
1.8266373e-09
4.4285071e-08
2.3646886e-09
4.1561741e-08
2.8283229e-09
3.8817546e-08
3.2176724e-09
3.6050173e-08
3.5334005e-09
3.3257271e-08
3.7765308e-09
3.0436488e-08
3.9482521e-09
2.7585455e-08
4.0499752e-09
2.4701756e-08
4.0833775e-09
2.1782324e-08
4.0510936e-09
1.8823149e-08
3.9565659e-09
1.582272e-08
3.7993462e-09
1.2780082e-08
3.5807091e-09
9.6934864e-09
3.3037016e-09
6.5620825e-09
2.9696601e-09
3.3843116e-09
2.5820021e-09
1.5857728e-10
2.1432544e-09
-3.1152969e-09
1.6538212e-09
-6.4392885e-09
1.1179494e-09
-9.8156527e-09
5.3720566e-10
-1.3245228e-08
-8.662484e-11
-1.6729639e-08
-7.5024564e-10
-1.4524016e-09
1.0997036e-07
-3.9570814e-08
1.0696509e-07
-3.7717911e-08
1.0399219e-07
-3.5902795e-08
1.0105078e-07
-3.4128429e-08
9.8138933e-08
-3.2397642e-08
9.5254733e-08
-3.0713118e-08
9.2396444e-08
-2.9077233e-08
8.9562485e-08
-2.7492171e-08
8.675131e-08
-2.5960012e-08
8.3961356e-08
-2.448276e-08
8.1190606e-08
-2.3062355e-08
7.8437163e-08
-2.1700582e-08
7.5698883e-08
-2.0399135e-08
7.2973445e-08
-1.9159601e-08
7.0258473e-08
-1.7983478e-08
6.7551619e-08
-1.6872085e-08
6.4850565e-08
-1.5826357e-08
6.2152579e-08
-1.4846619e-08
5.9455281e-08
-1.393346e-08
5.67567e-08
-1.3087597e-08
5.4053988e-08
-1.2308837e-08
5.1344386e-08
-1.1597505e-08
4.8625691e-08
-1.0953537e-08
4.5896278e-08
-1.0375587e-08
4.3151537e-08
-9.8619741e-09
4.0387863e-08
-9.4129007e-09
3.7603454e-08
-9.028935e-09
3.4796465e-08
-8.7091301e-09
3.1964817e-08
-8.452279e-09
2.9106435e-08
-8.257297e-09
2.6219538e-08
-8.1232021e-09
2.3302856e-08
-8.0492649e-09
2.0355592e-08
-8.0340373e-09
1.7364145e-08
-8.0651455e-09
1.4332707e-08
-8.1542886e-09
1.12616e-08
-8.2968495e-09
8.1497329e-09
-8.489316e-09
4.9949594e-09
-8.7296045e-09
1.7961965e-09
-9.0154611e-09
-1.4472001e-09
-9.3447809e-09
-4.7370993e-09
-9.7156803e-09
-8.0739113e-09
-1.0125688e-08
-1.1458722e-08
-1.0572612e-08
-1.4894802e-08
-1.1054392e-08
-1.8383006e-08
-1.1568168e-08
-1.2111159e-08
1.091895e-07
-4.6342168e-08
1.0616643e-07
-4.4614964e-08
1.0317572e-07
-4.2924955e-08
1.002161e-07
-4.1274584e-08
9.7285878e-08
-3.9666343e-08
9.4383328e-08
-3.8102396e-08
9.1506823e-08
-3.6584742e-08
8.865479e-08
-3.5115227e-08
8.5825604e-08
-3.3695601e-08
8.3017537e-08
-3.2327536e-08
8.0228683e-08
-3.1012611e-08
7.7457001e-08
-2.9752299e-08
7.4700271e-08
-2.854796e-08
7.1956133e-08
-2.7400879e-08
6.9222166e-08
-2.6312286e-08
6.6496151e-08
-2.5283269e-08
6.3776485e-08
-2.4314416e-08
6.1060021e-08
-2.340495e-08
5.834395e-08
-2.2555278e-08
5.5627859e-08
-2.176533e-08
5.2907525e-08
-2.1033907e-08
5.018081e-08
-2.0361792e-08
4.744715e-08
-1.9749351e-08
4.4706972e-08
-1.9196023e-08
4.1948664e-08
-1.8694667e-08
3.9170336e-08
-1.8254901e-08
3.6372223e-08
-1.7874261e-08
3.3552749e-08
-1.7550045e-08
3.0709717e-08
-1.7280627e-08
2.7840752e-08
-1.7064497e-08
2.4943796e-08
-1.6900117e-08
2.2017798e-08
-1.6785733e-08
1.9080148e-08
-1.6722513e-08
1.6078509e-08
-1.6735151e-08
1.3043013e-08
-1.6786623e-08
9.9717705e-09
-1.6877806e-08
6.8624398e-09
-1.7010802e-08
3.713013e-09
-1.7184964e-08
5.2210808e-10
-1.7398944e-08
-2.7112602e-09
-1.7651203e-08
-5.9881232e-09
-1.7940054e-08
-9.309311e-09
-1.8263797e-08
-1.2676081e-08
-1.8620767e-08
-1.6090554e-08
-1.9009402e-08
-1.9553682e-08
-1.942802e-08
-1.9875184e-08
1.0801534e-07
-5.0796563e-08
1.0498703e-07
-4.9165418e-08
1.019912e-07
-4.7571008e-08
9.9026745e-08
-4.6015691e-08
9.6091948e-08
-4.4501398e-08
9.3185214e-08
-4.3030067e-08
9.0304932e-08
-4.1603348e-08
8.7449523e-08
-4.0222862e-08
8.461729e-08
-3.8890053e-08
8.1806443e-08
-3.7606344e-08
7.9015024e-08
-3.6373008e-08
7.6240935e-08
-3.5191254e-08
7.3481856e-08
-3.4062132e-08
7.0735263e-08
-3.2986695e-08
6.7998599e-08
-3.1966101e-08
6.5270292e-08
-3.1001989e-08
6.2550675e-08
-3.0092776e-08
5.9835593e-08
-2.9233994e-08
5.7122911e-08
-2.8426991e-08
5.4411913e-08
-2.7670218e-08
5.169617e-08
-2.6969422e-08
4.897437e-08
-2.6323179e-08
4.6246027e-08
-2.5729034e-08
4.3521294e-08
-2.5189194e-08
4.0763741e-08
-2.4722112e-08
3.7989745e-08
-2.4305659e-08
3.5198963e-08
-2.3937273e-08
3.238882e-08
-2.3618496e-08
2.9556786e-08
-2.3349716e-08
2.6700442e-08
-2.3130642e-08
2.3817191e-08
-2.2960989e-08
2.0903433e-08
-2.2840667e-08
1.7937237e-08
-2.2768676e-08
1.496552e-08
-2.2731766e-08
1.1957105e-08
-2.274105e-08
8.9108927e-09
-2.2792543e-08
5.8262575e-09
-2.2883507e-08
2.7024138e-09
-2.3012259e-08
-4.6144109e-10
-2.3177299e-08
-3.6661485e-09
-2.3377032e-08
-6.9124875e-09
-2.3609895e-08
-1.0201393e-08
-2.3874213e-08
-1.353411e-08
-2.4168347e-08
-1.6912475e-08
-2.4490493e-08
-2.0337692e-08
-2.4838582e-08
-2.5210152e-08
1.0657035e-07
-5.3432877e-08
1.0354703e-07
-5.1874285e-08
1.0055692e-07
-5.0352407e-08
9.7598543e-08
-4.8869016e-08
9.4670474e-08
-4.7426069e-08
9.1771044e-08
-4.6025067e-08
8.8898752e-08
-4.46676e-08
8.6051892e-08
-4.3354927e-08
8.3228796e-08
-4.2088404e-08
8.042755e-08
-4.0869099e-08
7.7646212e-08
-3.9698141e-08
7.4882571e-08
-3.8576371e-08
7.2134213e-08
-3.7504616e-08
6.9398134e-08
-3.6483507e-08
6.6671309e-08
-3.551407e-08
6.3956999e-08
-3.4595848e-08
6.1261684e-08
-3.3727795e-08
5.8567702e-08
-3.2897384e-08
5.587986e-08
-3.2124198e-08
5.3184977e-08
-3.1409845e-08
5.048716e-08
-3.0747419e-08
4.7785169e-08
-3.013585e-08
4.5074896e-08
-2.9576551e-08
4.2339503e-08
-2.9070362e-08
3.9605527e-08
-2.8610115e-08
3.6857711e-08
-2.8200828e-08
3.4092251e-08
-2.7840869e-08
3.13069e-08
-2.7528722e-08
2.8499363e-08
-2.7263491e-08
2.5667336e-08
-2.7044392e-08
2.2808222e-08
-2.6870355e-08
1.9919129e-08
-2.6739971e-08
1.6997193e-08
-2.6650785e-08
1.4052698e-08
-2.6599526e-08
1.107652e-08
-2.6588202e-08
8.0652715e-09
-2.6615873e-08
5.017524e-09
-2.6680482e-08
1.9323026e-09
-2.678036e-08
-1.1913322e-09
-2.6913881e-08
-4.3541495e-09
-2.7079533e-08
-7.5569565e-09
-2.7275686e-08
-1.0800529e-08
-2.7500747e-08
-1.408593e-08
-2.7752997e-08
-1.7414438e-08
-2.8030676e-08
-2.0786848e-08
-2.8331733e-08
-2.8653954e-08
1.0494091e-07
-5.4693437e-08
1.0193127e-07
-5.3190407e-08
9.8955442e-08
-5.1723905e-08
9.601217e-08
-5.0295672e-08
9.3099891e-08
-4.8907356e-08
9.0217094e-08
-4.7560382e-08
8.7362165e-08
-4.62561e-08
8.4533477e-08
-4.4995667e-08
8.1729235e-08
-4.378019e-08
7.8947589e-08
-4.2610602e-08
7.6186521e-08
-4.148775e-08
7.3443968e-08
-4.0412323e-08
7.071759e-08
-3.9384953e-08
6.8003583e-08
-3.8405683e-08
6.5302551e-08
-3.747271e-08
6.2616147e-08
-3.6578051e-08
5.9965185e-08
-3.5725339e-08
5.7289674e-08
-3.4955502e-08
5.4617342e-08
-3.4228053e-08
5.1947654e-08
-3.3545569e-08
4.9277242e-08
-3.2911764e-08
4.6602252e-08
-3.2327047e-08
4.3918e-08
-3.1791418e-08
4.1218755e-08
-3.1303584e-08
3.851458e-08
-3.0860607e-08
3.5798716e-08
-3.0464201e-08
3.3066612e-08
-3.0114411e-08
3.0315546e-08
-2.9810127e-08
2.7543288e-08
-2.9550143e-08
2.4747749e-08
-2.933335e-08
2.192695e-08
-2.915844e-08
1.9079183e-08
-2.9023997e-08
1.6203563e-08
-2.8928402e-08
1.3300243e-08
-2.887012e-08
1.0366374e-08
-2.884911e-08
7.3994886e-09
-2.88644e-08
4.3979875e-09
-2.8914433e-08
1.3606668e-09
-2.8997728e-08
-1.7134636e-09
-2.9112752e-08
-4.8252542e-09
-2.9258048e-08
-7.9754538e-09
-2.9432039e-08
-1.1164803e-08
-2.9633183e-08
-1.4394153e-08
-2.9859819e-08
-1.7664486e-08
-3.0110287e-08
-2.0976394e-08
-3.0382689e-08
-3.0675068e-08
1.0318634e-07
-5.4946368e-08
1.0019735e-07
-5.348725e-08
9.7242961e-08
-5.2064444e-08
9.4321993e-08
-5.0679846e-08
9.1432814e-08
-4.933472e-08
8.8574032e-08
-4.8030588e-08
8.5743953e-08
-4.6768469e-08
8.2941009e-08
-4.554958e-08
8.0163337e-08
-4.4374703e-08
7.7409148e-08
-4.3244773e-08
7.4676433e-08
-4.2160299e-08
7.1963277e-08
-4.1121884e-08
6.9267967e-08
-4.012999e-08
6.6589538e-08
-3.9184933e-08
6.3934346e-08
-3.828341e-08
6.1290131e-08
-3.7433243e-08
5.8625649e-08
-3.6635982e-08
5.5992615e-08
-3.5876618e-08
5.335832e-08
-3.5169576e-08
5.0725072e-08
-3.4511355e-08
4.8090568e-08
-3.3900774e-08
4.5451589e-08
-3.3337618e-08
4.2805132e-08
-3.2821229e-08
4.0149161e-08
-3.2350321e-08
3.7484448e-08
-3.1923518e-08
3.4808084e-08
-3.1541055e-08
3.2116805e-08
-3.1202799e-08
2.9407913e-08
-3.0907814e-08
2.6679225e-08
-3.0655076e-08
2.3928689e-08
-3.0443391e-08
2.1154525e-08
-3.0271634e-08
1.8355053e-08
-3.0138479e-08
1.5528894e-08
-3.0042743e-08
1.2674831e-08
-2.9983259e-08
9.7909766e-09
-2.9959369e-08
6.875406e-09
-2.9969889e-08
3.9266825e-09
-3.0013598e-08
9.4350734e-10
-3.0089026e-08
-2.0750821e-09
-3.0194876e-08
-5.1300248e-09
-3.0329638e-08
-8.2220087e-09
-3.0491924e-08
-1.1351801e-08
-3.0680139e-08
-1.4520071e-08
-3.0892804e-08
-1.7727699e-08
-3.1128245e-08
-2.0975133e-08
-3.1384784e-08
-3.1660531e-08
1.0134652e-07
-5.4483183e-08
9.8383795e-08
-5.3060267e-08
9.5456728e-08
-5.1673846e-08
9.2563757e-08
-5.0325373e-08
8.9703577e-08
-4.9016252e-08
8.6874582e-08
-4.7747698e-08
8.4075302e-08
-4.6520802e-08
8.1303985e-08
-4.5336518e-08
7.8558951e-08
-4.4195681e-08
7.5838316e-08
-4.3098993e-08
7.3140289e-08
-4.2047027e-08
7.0462738e-08
-4.104e-08
6.7803345e-08
-4.0077552e-08
6.5166954e-08
-3.9161078e-08
6.2543659e-08
-3.8292388e-08
5.9929581e-08
-3.7471707e-08
5.7315842e-08
-3.6698905e-08
5.4716194e-08
-3.5969503e-08
5.21212e-08
-3.528699e-08
4.9528227e-08
-3.4651338e-08
4.6934811e-08
-3.4061882e-08
4.4338157e-08
-3.3518201e-08
4.1735729e-08
-3.3019576e-08
3.9125616e-08
-3.2565045e-08
3.65064e-08
-3.2153646e-08
3.3875806e-08
-3.1785162e-08
3.1231183e-08
-3.1459114e-08
2.8570125e-08
-3.1174688e-08
2.5890425e-08
-3.0930912e-08
2.3190107e-08
-3.0726751e-08
2.0467278e-08
-3.0561115e-08
1.7720252e-08
-3.0432896e-08
1.4947406e-08
-3.0340983e-08
1.2147255e-08
-3.028436e-08
9.3180594e-09
-3.0262045e-08
6.4582527e-09
-3.0272921e-08
3.5663748e-09
-3.0315765e-08
6.4125451e-10
-3.0389293e-08
-2.3181959e-09
-3.0492206e-08
-5.3128193e-09
-3.0623133e-08
-8.3434109e-09
-3.0780689e-08
-1.1410607e-08
-3.0963381e-08
-1.451511e-08
-3.1169751e-08
-1.7657588e-08
-3.1398228e-08
-2.0838486e-08
-3.1647201e-08
-3.1914906e-08
1.0241709e-07
-5.495008e-08
9.9447872e-08
-5.3524654e-08
9.6516236e-08
-5.2133849e-08
9.3620996e-08
-5.0779514e-08
9.0760763e-08
-4.9462951e-08
8.7934149e-08
-4.8185554e-08
8.5139638e-08
-4.6948384e-08
8.2375695e-08
-4.5752535e-08
7.9640628e-08
-4.4598821e-08
7.6932722e-08
-4.3488076e-08
7.4250168e-08
-4.2420898e-08
7.1591264e-08
-4.1398016e-08
6.8954398e-08
-4.0420252e-08
6.6335984e-08
-3.9487969e-08
6.3738019e-08
-3.8597873e-08
6.1153035e-08
-3.7754634e-08
5.8579022e-08
-3.6958697e-08
5.6013139e-08
-3.6209035e-08
5.3456038e-08
-3.5503861e-08
5.0904666e-08
-3.4844058e-08
4.8356253e-08
-3.4229472e-08
4.580827e-08
-3.3659759e-08
4.3258142e-08
-3.3134473e-08
4.0703459e-08
-3.2652954e-08
3.8142088e-08
-3.2214437e-08
3.55721e-08
-3.181817e-08
3.2991247e-08
-3.1463676e-08
3.0397144e-08
-3.1150327e-08
2.778752e-08
-3.0877356e-08
2.5160225e-08
-3.0643845e-08
2.251326e-08
-3.0448854e-08
1.9844723e-08
-3.0291356e-08
1.7152849e-08
-3.0170343e-08
1.4435956e-08
-3.0084747e-08
1.1692439e-08
-3.0033575e-08
8.9206797e-09
-3.0015751e-08
6.1191879e-09
-3.0030195e-08
3.2865831e-09
-3.0075696e-08
4.2168686e-10
-3.0151076e-08
-2.4765677e-09
-3.0255046e-08
-5.409038e-09
-3.0386349e-08
-8.3765179e-09
-3.0543572e-08
-1.1379626e-08
-3.0725351e-08
-1.4418999e-08
-3.0930209e-08
-1.7495212e-08
-3.1156689e-08
-2.0608706e-08
-3.1403183e-08
-3.1668077e-08
1.0044291e-07
-5.3629292e-08
9.7507834e-08
-5.2233945e-08
9.4611171e-08
-5.0873284e-08
9.1751649e-08
-4.9548886e-08
8.8927968e-08
-4.8262094e-08
8.6138691e-08
-4.7014177e-08
8.3382367e-08
-4.5806207e-08
8.0657394e-08
-4.4639168e-08
7.7962114e-08
-4.3513872e-08
7.5294723e-08
-4.2431039e-08
7.2653365e-08
-4.1391194e-08
7.0036064e-08
-4.0394732e-08
6.7441126e-08
-3.9441999e-08
6.4869549e-08
-3.8533809e-08
6.2312973e-08
-3.7671788e-08
5.9771043e-08
-3.6854644e-08
5.7241666e-08
-3.6082492e-08
5.4722492e-08
-3.5355143e-08
5.2211977e-08
-3.4672044e-08
4.970762e-08
-3.4033297e-08
4.7206919e-08
-3.3438667e-08
4.4707398e-08
-3.2887829e-08
4.2206588e-08
-3.238033e-08
3.9702122e-08
-3.1915576e-08
3.7191764e-08
-3.14929e-08
3.4673378e-08
-3.1111638e-08
3.2144712e-08
-3.0771193e-08
2.9603501e-08
-3.0470888e-08
2.7047531e-08
-3.0209961e-08
2.4474697e-08
-2.9987549e-08
2.1882983e-08
-2.9802754e-08
1.9270487e-08
-2.9654608e-08
1.6635398e-08
-2.9542143e-08
1.3976013e-08
-2.9464332e-08
1.1290687e-08
-2.942017e-08
8.5778624e-09
-2.9408583e-08
5.8360721e-09
-2.9428494e-08
3.0639941e-09
-2.9478739e-08
2.6043418e-10
-2.955817e-08
-2.5756333e-09
-2.9665556e-08
-5.445111e-09
-2.9799662e-08
-8.3487334e-09
-2.9959137e-08
-1.1287143e-08
-3.0142642e-08
-1.426092e-08
-3.0348742e-08
-1.7270601e-08
-3.0576042e-08
-2.0316518e-08
-3.0822976e-08
-3.1088013e-08
9.8435553e-08
-5.2094723e-08
9.5538107e-08
-5.0728774e-08
9.2679772e-08
-4.9397504e-08
8.9859256e-08
-4.810221e-08
8.7075295e-08
-4.6844315e-08
8.4326477e-08
-4.5624979e-08
8.1611345e-08
-4.4445272e-08
7.8928303e-08
-4.3306102e-08
7.6275694e-08
-4.2208295e-08
7.3651731e-08
-4.1152524e-08
7.1054542e-08
-4.0139354e-08
6.8482044e-08
-3.9169086e-08
6.5932224e-08
-3.824199e-08
6.34044e-08
-3.7359185e-08
6.0893654e-08
-3.6520934e-08
5.8398319e-08
-3.5727122e-08
5.5916383e-08
-3.4977414e-08
5.3445582e-08
-3.4271641e-08
5.0983807e-08
-3.3609553e-08
4.8528675e-08
-3.2990989e-08
4.6077784e-08
-3.2415661e-08
4.3628711e-08
-3.1883206e-08
4.1179042e-08
-3.1393168e-08
3.8726427e-08
-3.094499e-08
3.6268585e-08
-3.0538059e-08
3.3803288e-08
-3.0171739e-08
3.1328293e-08
-2.984539e-08
2.8841376e-08
-2.9558321e-08
2.6340363e-08
-2.9309767e-08
2.3823165e-08
-2.9098908e-08
2.1287772e-08
-2.8924863e-08
1.8732272e-08
-2.8786717e-08
1.6154848e-08
-2.8683504e-08
1.3553779e-08
-2.8614246e-08
1.0927417e-08
-2.8577923e-08
8.2742282e-09
-2.8573496e-08
5.5927647e-09
-2.8599875e-08
2.8817297e-09
-2.8655954e-08
1.3993425e-10
-2.8740584e-08
-2.6336357e-09
-2.8852603e-08
-5.4398745e-09
-2.8990778e-08
-8.2795152e-09
-2.9153817e-08
-1.1153202e-08
-2.9340388e-08
-1.406144e-08
-2.954915e-08
-1.7004758e-08
-2.9778668e-08
-1.9983471e-08
-3.002752e-08
-3.0294143e-08
9.6404008e-08
-5.0428581e-08
9.3547184e-08
-4.9092238e-08
9.0729986e-08
-4.7790297e-08
8.7951261e-08
-4.6524124e-08
8.520971e-08
-4.5295046e-08
8.2503938e-08
-4.4104173e-08
7.9832461e-08
-4.2952542e-08
7.7193689e-08
-4.1841022e-08
7.4585943e-08
-4.0770426e-08
7.2007462e-08
-3.974144e-08
6.9456428e-08
-3.8754739e-08
6.6930749e-08
-3.7810743e-08
6.4427261e-08
-3.6909156e-08
6.1945919e-08
-3.6050913e-08
5.9483081e-08
-3.5235778e-08
5.7036326e-08
-3.4464362e-08
5.4603531e-08
-3.3736497e-08
5.2182463e-08
-3.3051919e-08
4.9770868e-08
-3.2410366e-08
4.7366403e-08
-3.1811572e-08
4.4966691e-08
-3.1255202e-08
4.2569346e-08
-3.0740871e-08
4.0171982e-08
-3.0268111e-08
3.7772255e-08
-2.9836393e-08
3.5367862e-08
-2.9445122e-08
3.2956549e-08
-2.9093683e-08
3.053607e-08
-2.8781417e-08
2.8104226e-08
-2.8507634e-08
2.5658863e-08
-2.8271571e-08
2.3197907e-08
-2.8072433e-08
2.0719352e-08
-2.7909353e-08
1.8221292e-08
-2.778145e-08
1.5701901e-08
-2.7687772e-08
1.3159458e-08
-2.7627366e-08
1.0592323e-08
-2.7599216e-08
7.9989694e-09
-2.7602307e-08
5.3779698e-09
-2.7635556e-08
2.7280351e-09
-2.7697894e-08
4.7993388e-11
-2.7788184e-08
-2.6631652e-09
-2.790531e-08
-5.4063332e-09
-2.8048042e-08
-8.1822278e-09
-2.8215155e-08
-1.0991467e-08
-2.8405323e-08
-1.3834584e-08
-2.8617239e-08
-1.6712033e-08
-2.8849542e-08
-1.9624116e-08
-2.91008e-08
-2.9369595e-08
9.7210237e-08
-5.0027097e-08
9.4355233e-08
-4.8688191e-08
9.1541482e-08
-4.7381984e-08
8.8767917e-08
-4.6109903e-08
8.6033368e-08
-4.4873301e-08
8.3336511e-08
-4.3673404e-08
8.0675963e-08
-4.2511314e-08
7.8050197e-08
-4.1387985e-08
7.5457614e-08
-4.0304285e-08
7.2896477e-08
-3.9260951e-08
7.0365003e-08
-3.8258658e-08
6.786139e-08
-3.7298088e-08
6.5384073e-08
-3.6380262e-08
6.2929226e-08
-3.5505865e-08
6.0496931e-08
-3.4669979e-08
5.8083132e-08
-3.3877777e-08
5.5685987e-08
-3.3129016e-08
5.3303363e-08
-3.2423075e-08
5.0932993e-08
-3.1759652e-08
4.8572558e-08
-3.1138489e-08
4.6219703e-08
-3.0559292e-08
4.3872061e-08
-3.0021715e-08
4.1527251e-08
-2.9525357e-08
3.9182907e-08
-2.9069756e-08
3.6836685e-08
-2.8654388e-08
3.4486286e-08
-2.8278681e-08
3.2129434e-08
-2.7942019e-08
2.9763903e-08
-2.7643752e-08
2.7387493e-08
-2.7383181e-08
2.499808e-08
-2.7159566e-08
2.2593586e-08
-2.6972109e-08
2.0172032e-08
-2.6819981e-08
1.7731498e-08
-2.6702297e-08
1.5270181e-08
-2.6618148e-08
1.2786344e-08
-2.6566573e-08
1.0278373e-08
-2.6546596e-08
7.7447331e-09
-2.6557192e-08
5.1840303e-09
-2.6597326e-08
2.5949626e-09
-2.666592e-08
-2.3604802e-11
-2.6761895e-08
-2.6727063e-09
-2.6884119e-08
-5.3531847e-09
-2.7031438e-08
-8.0657945e-09
-2.7202605e-08
-1.0811117e-08
-2.7396373e-08
-1.3589676e-08
-2.7611441e-08
-1.6401905e-08
-2.7846479e-08
-1.9248108e-08
-2.8100136e-08
-2.8371001e-08
9.5104939e-08
-4.8220685e-08
9.2294798e-08
-4.6913006e-08
8.9526388e-08
-4.5637751e-08
8.6798609e-08
-4.4396263e-08
8.4110273e-08
-4.3189884e-08
8.1460075e-08
-4.2019775e-08
7.8846593e-08
-4.0886981e-08
7.6268306e-08
-3.9792427e-08
7.3723563e-08
-3.873692e-08
7.12106e-08
-3.7721147e-08
6.8727534e-08
-3.6745659e-08
6.6272365e-08
-3.5810784e-08
6.3843237e-08
-3.4916596e-08
6.1441645e-08
-3.4063724e-08
5.905826e-08
-3.3255698e-08
5.6694275e-08
-3.2489054e-08
5.4347639e-08
-3.1763672e-08
5.2016037e-08
-3.107986e-08
4.9697129e-08
-3.0437637e-08
4.7388555e-08
-2.983682e-08
4.5087946e-08
-2.9277136e-08
4.2792931e-08
-2.8758246e-08
4.0501142e-08
-2.827975e-08
3.821022e-08
-2.7841188e-08
3.5917833e-08
-2.7442047e-08
3.3621678e-08
-2.7081762e-08
3.1319491e-08
-2.6759727e-08
2.9009045e-08
-2.6475294e-08
2.6688163e-08
-2.6227773e-08
2.4354721e-08
-2.6016428e-08
2.2006667e-08
-2.5840482e-08
1.9642018e-08
-2.5699113e-08
1.7258879e-08
-2.5591461e-08
1.4855437e-08
-2.5516625e-08
1.242998e-08
-2.5473671e-08
9.9808855e-09
-2.5461629e-08
7.5066476e-09
-2.5479503e-08
5.005863e-09
-2.5526266e-08
2.4772628e-09
-2.5600872e-08
-8.0302604e-11
-2.5702252e-08
-2.6678289e-09
-2.5829313e-08
-5.2861888e-09
-2.598091e-08
-7.9360881e-09
-2.6155847e-08
-1.0618132e-08
-2.6352884e-08
-1.3332817e-08
-2.6570768e-08
-1.6080585e-08
-2.6808194e-08
-1.8861726e-08
-2.7063849e-08
-2.7336428e-08
9.2990978e-08
-4.6405507e-08
9.022776e-08
-4.5129999e-08
8.7506612e-08
-4.3886538e-08
8.4826474e-08
-4.2676468e-08
8.2186123e-08
-4.1501045e-08
7.9584238e-08
-4.0361387e-08
7.7019398e-08
-3.92585e-08
7.4490073e-08
-3.8193273e-08
7.1994626e-08
-3.7166483e-08
6.9531303e-08
-3.6178785e-08
6.7098229e-08
-3.52307e-08
6.4693468e-08
-3.4322613e-08
6.2315166e-08
-3.3454911e-08
5.9961379e-08
-3.2628351e-08
5.7629273e-08
-3.1843496e-08
5.5316762e-08
-3.109989e-08
5.3021742e-08
-3.0397167e-08
5.0741975e-08
-2.973529e-08
4.8475146e-08
-2.911417e-08
4.6218921e-08
-2.8533617e-08
4.3970951e-08
-2.7993358e-08
4.1728883e-08
-2.7493051e-08
3.9490359e-08
-2.7032294e-08
3.7253037e-08
-2.6610632e-08
3.5014593e-08
-2.6227555e-08
3.2772734e-08
-2.5882509e-08
3.0525204e-08
-2.5574893e-08
2.8269789e-08
-2.5304067e-08
2.6004322e-08
-2.5069348e-08
2.3726696e-08
-2.4870014e-08
2.143487e-08
-2.4705297e-08
1.9126875e-08
-2.4574392e-08
1.6800825e-08
-2.4476454e-08
1.445492e-08
-2.4410601e-08
1.2087454e-08
-2.4375914e-08
9.696821e-09
-2.4371442e-08
7.2815202e-09
-2.4396206e-08
4.8401661e-09
-2.44492e-08
2.3714936e-09
-2.4529398e-08
-1.2562843e-10
-2.4635755e-08
-2.652197e-09
-2.47672e-08
-5.2090604e-09
-2.4922618e-08
-7.7969374e-09
-2.5100834e-08
-1.0416405e-08
-2.5300651e-08
-1.3067979e-08
-2.5520819e-08
-1.5752074e-08
-2.5760094e-08
-1.8468981e-08
-2.6017193e-08
-2.6290845e-08
9.0873218e-08
-4.4599789e-08
8.8158689e-08
-4.3357371e-08
8.5486505e-08
-4.2146553e-08
8.2855595e-08
-4.0968688e-08
8.0264718e-08
-3.9824937e-08
7.7712543e-08
-3.8716385e-08
7.519764e-08
-3.7643998e-08
7.2718476e-08
-3.6608637e-08
7.0273414e-08
-3.5611056e-08
6.7860718e-08
-3.4651901e-08
6.5478531e-08
-3.3731701e-08
6.3124816e-08
-3.2850855e-08
6.0797305e-08
-3.2009731e-08
5.8493932e-08
-3.1208892e-08
5.6213293e-08
-3.0448176e-08
5.3952666e-08
-2.9727735e-08
5.1709695e-08
-2.9047563e-08
4.9482125e-08
-2.8407525e-08
4.7267679e-08
-2.7807438e-08
4.5064049e-08
-2.7247074e-08
4.2868905e-08
-2.6726142e-08
4.0679906e-08
-2.6244295e-08
3.8494711e-08
-2.5801129e-08
3.631099e-08
-2.5396191e-08
3.4126434e-08
-2.5028977e-08
3.1938762e-08
-2.4698938e-08
2.9745731e-08
-2.4405484e-08
2.7545139e-08
-2.4147982e-08
2.5334837e-08
-2.3925761e-08
2.311273e-08
-2.3738107e-08
2.0876793e-08
-2.3584268e-08
1.8625072e-08
-2.3463455e-08
1.6355693e-08
-2.3374838e-08
1.4066869e-08
-2.3317551e-08
1.1756908e-08
-2.3290695e-08
9.4242132e-09
-2.3293336e-08
7.0672989e-09
-2.3324515e-08
4.6847893e-09
-2.3383247e-08
2.2754332e-09
-2.3468527e-08
-1.6189237e-10
-2.3579332e-08
-2.62817e-09
-2.3714617e-08
-5.1242463e-09
-2.387329e-08
-7.6508192e-09
-2.4054213e-08
-1.0208483e-08
-2.4256199e-08
-1.2797706e-08
-2.4478062e-08
-1.5418946e-08
-2.4718535e-08
-1.8072525e-08
-2.4976394e-08
-2.525045e-08
9.1464055e-08
-4.4054138e-08
8.8756223e-08
-4.2815808e-08
8.6091897e-08
-4.1607291e-08
8.3470137e-08
-4.0429926e-08
8.0889797e-08
-3.928496e-08
7.8349645e-08
-3.8173534e-08
7.5848338e-08
-3.7096681e-08
7.3384436e-08
-3.6055329e-08
7.0956394e-08
-3.5050306e-08
6.8562569e-08
-3.4082343e-08
6.6201228e-08
-3.3152081e-08
6.3870533e-08
-3.2260075e-08
6.1568409e-08
-3.140673e-08
5.9292243e-08
-3.059214e-08
5.7040858e-08
-2.9816852e-08
5.4812077e-08
-2.9080545e-08
5.2603459e-08
-2.8383617e-08
5.041267e-08
-2.7726139e-08
4.8237439e-08
-2.710796e-08
4.6075493e-08
-2.6528868e-08
4.3924531e-08
-2.5988612e-08
4.1782234e-08
-2.548689e-08
3.9646273e-08
-2.5023351e-08
3.7514321e-08
-2.4597593e-08
3.5384063e-08
-2.4209164e-08
3.3253206e-08
-2.3857569e-08
3.1119485e-08
-2.3542266e-08
2.8980671e-08
-2.3262673e-08
2.6834581e-08
-2.3018168e-08
2.4679078e-08
-2.280809e-08
2.2512089e-08
-2.2631739e-08
2.0331602e-08
-2.2488379e-08
1.813568e-08
-2.2377233e-08
1.5922464e-08
-2.2297491e-08
1.3690183e-08
-2.2248303e-08
1.1437156e-08
-2.2228789e-08
9.1618038e-09
-2.2238035e-08
6.8626519e-09
-2.2275102e-08
4.5383387e-09
-2.2339026e-08
2.1876239e-09
-2.2428824e-08
-1.9060219e-10
-2.2543498e-08
-2.5973137e-09
-2.2682026e-08
-5.0333429e-09
-2.2843345e-08
-7.4993883e-09
-2.3026341e-08
-9.9960073e-09
-2.3229876e-08
-1.2523723e-08
-2.3452743e-08
-1.5082946e-08
-2.3693767e-08
-1.7674002e-08
-2.3951713e-08
-2.4225413e-08
8.9300729e-08
-4.2264878e-08
8.6644321e-08
-4.1061715e-08
8.4031515e-08
-3.9887819e-08
8.1461356e-08
-3.8744575e-08
7.8932709e-08
-3.7633143e-08
7.6444316e-08
-3.6554607e-08
7.3994825e-08
-3.5509961e-08
7.158278e-08
-3.4500094e-08
6.9206625e-08
-3.3525798e-08
6.6864703e-08
-3.2587771e-08
6.4555267e-08
-3.1686634e-08
6.2276502e-08
-3.0822969e-08
6.0026509e-08
-2.9997412e-08
5.7802366e-08
-2.9210323e-08
5.5603407e-08
-2.8459731e-08
5.3426762e-08
-2.7747762e-08
5.1270286e-08
-2.7074537e-08
4.9131748e-08
-2.6439868e-08
4.7008887e-08
-2.5843561e-08
4.4899429e-08
-2.5285405e-08
4.2801074e-08
-2.4765146e-08
4.0711513e-08
-2.4282482e-08
3.8628429e-08
-2.3837064e-08
3.6549511e-08
-2.3428492e-08
3.4472461e-08
-2.3056322e-08
3.2395003e-08
-2.2720064e-08
3.031489e-08
-2.2419187e-08
2.8229911e-08
-2.2153117e-08
2.6137901e-08
-2.1921246e-08
2.4036743e-08
-2.1722923e-08
2.1924381e-08
-2.1557464e-08
1.9798822e-08
-2.1424147e-08
1.7658146e-08
-2.1322212e-08
1.5500512e-08
-2.1250865e-08
1.3324165e-08
-2.1209277e-08
1.112744e-08
-2.1196586e-08
8.9087733e-09
-2.12119e-08
6.6667047e-09
-2.1254299e-08
4.3998863e-09
-2.1322842e-08
2.1070914e-09
-2.141657e-08
-2.1277792e-10
-2.1534508e-08
-2.5606836e-09
-2.167566e-08
-4.9374486e-09
-2.1838991e-08
-7.3437536e-09
-2.2023421e-08
-9.7801791e-09
-2.2227826e-08
-1.2247166e-08
-2.2451085e-08
-1.4745184e-08
-2.2691983e-08
-1.7274645e-08
-2.2949318e-08
-2.3221976e-08
8.7145472e-08
-4.0510172e-08
8.4541566e-08
-3.9342781e-08
8.1981374e-08
-3.82042e-08
7.9463831e-08
-3.7095642e-08
7.6987784e-08
-3.601825e-08
7.4551979e-08
-3.497307e-08
7.2155051e-08
-3.3961045e-08
6.9795535e-08
-3.2983022e-08
6.7471858e-08
-3.2039757e-08
6.5182345e-08
-3.1131907e-08
6.2925226e-08
-3.026004e-08
6.0698637e-08
-2.9424631e-08
5.8500628e-08
-2.8626061e-08
5.6330045e-08
-2.7864589e-08
5.4183149e-08
-2.7140677e-08
5.2058628e-08
-2.6453947e-08
4.995433e-08
-2.5804665e-08
4.7868028e-08
-2.5192841e-08
4.5797467e-08
-2.4618356e-08
4.374037e-08
-2.4081025e-08
4.1694446e-08
-2.3580607e-08
3.9657394e-08
-2.3116808e-08
3.7626915e-08
-2.2689283e-08
3.5600715e-08
-2.2297641e-08
3.3576514e-08
-2.1941443e-08
3.1552057e-08
-2.1620208e-08
2.9525116e-08
-2.1333416e-08
2.7493501e-08
-2.1080504e-08
2.5455067e-08
-2.0860874e-08
2.3407718e-08
-2.0673893e-08
2.1349418e-08
-2.0518889e-08
1.9278193e-08
-2.0395157e-08
1.7192144e-08
-2.0301954e-08
1.5089448e-08
-2.0238506e-08
1.2968368e-08
-2.0204001e-08
1.0827257e-08
-2.0197599e-08
8.6645675e-09
-2.0218429e-08
6.4788548e-09
-2.0265592e-08
4.2687862e-09
-2.0338172e-08
2.0331487e-09
-2.0435232e-08
-2.2914288e-10
-2.0555823e-08
-2.5190387e-09
-2.0698975e-08
-4.8373504e-09
-2.0863682e-08
-7.1847536e-09
-2.1048895e-08
-9.5617799e-09
-2.1253545e-08
-1.1968936e-08
-2.1476496e-08
-1.440664e-08
-2.1716636e-08
-1.6875259e-08
-2.1972798e-08
-2.2243766e-08
8.5002285e-08
-3.8793526e-08
8.2451939e-08
-3.7662527e-08
7.9945185e-08
-3.6559707e-08
7.7481023e-08
-3.5486302e-08
7.5058291e-08
-3.4443372e-08
7.2675708e-08
-3.3431907e-08
7.0331905e-08
-3.2452816e-08
6.8025407e-08
-3.1506911e-08
6.575464e-08
-3.0594908e-08
6.3517922e-08
-2.9717431e-08
6.1313479e-08
-2.8875001e-08
5.9139469e-08
-2.8068043e-08
5.6994082e-08
-2.7296897e-08
5.487571e-08
-2.6561945e-08
5.2781183e-08
-2.5863691e-08
5.0708888e-08
-2.5201839e-08
4.8656763e-08
-2.4576351e-08
4.6622606e-08
-2.3987244e-08
4.4604175e-08
-2.3434432e-08
4.2599208e-08
-2.291775e-08
4.0605429e-08
-2.2436966e-08
3.8620556e-08
-2.1991796e-08
3.6642308e-08
-2.1581901e-08
3.4668411e-08
-2.1206897e-08
3.2696609e-08
-2.0866353e-08
3.0724667e-08
-2.0559799e-08
2.8750379e-08
-2.0286724e-08
2.6771578e-08
-2.004658e-08
2.4786141e-08
-1.9838782e-08
2.2791994e-08
-1.9662709e-08
2.0787123e-08
-1.9517708e-08
1.8769577e-08
-1.9403089e-08
1.6737476e-08
-1.9318129e-08
1.4689018e-08
-1.9262071e-08
1.2622486e-08
-1.9234127e-08
1.0536252e-08
-1.9233474e-08
8.4287851e-09
-1.9259265e-08
6.2986586e-09
-1.9310624e-08
4.1445554e-09
-1.9386658e-08
1.9652766e-09
-1.9486455e-08
-2.4024962e-10
-1.9609091e-08
-2.4729621e-09
-1.9753624e-08
-4.7336609e-09
-1.9919078e-08
-7.0230063e-09
-2.0104439e-08
-9.3415531e-09
-2.0308659e-08
-1.1689716e-08
-2.0530698e-08
-1.4067934e-08
-2.0769438e-08
-1.6476678e-08
-2.1023749e-08
-2.1292545e-08
8.2875149e-08
-3.711719e-08
8.0378988e-08
-3.6022978e-08
7.7926378e-08
-3.4956372e-08
7.5516211e-08
-3.3918457e-08
7.3147307e-08
-3.2910276e-08
7.0818392e-08
-3.1932786e-08
6.8528089e-08
-3.0986847e-08
6.6274921e-08
-3.0073239e-08
6.4057313e-08
-2.9192648e-08
6.1873591e-08
-2.8345668e-08
5.9721983e-08
-2.7532794e-08
5.7600641e-08
-2.6754423e-08
5.5507706e-08
-2.6010888e-08
5.3441333e-08
-2.5302573e-08
5.1399082e-08
-2.4629818e-08
4.9378936e-08
-2.3992485e-08
4.7378827e-08
-2.3390527e-08
4.5396583e-08
-2.2823919e-08
4.3429991e-08
-2.2292566e-08
4.1476809e-08
-2.1796304e-08
3.9534785e-08
-2.1334907e-08
3.760166e-08
-2.0908092e-08
3.5675176e-08
-2.051553e-08
3.3753081e-08
-2.0156843e-08
3.1833142e-08
-1.983161e-08
2.9913148e-08
-1.9539372e-08
2.7990918e-08
-1.9279628e-08
2.6064309e-08
-1.9051845e-08
2.4131222e-08
-1.8855451e-08
2.2189606e-08
-1.8689843e-08
2.0237471e-08
-1.8554382e-08
1.8272889e-08
-1.8448397e-08
1.6294004e-08
-1.8371185e-08
1.4299034e-08
-1.8322009e-08
1.2286283e-08
-1.83001e-08
1.0254144e-08
-1.830466e-08
8.2011043e-09
-1.8334861e-08
6.1257557e-09
-1.8389854e-08
4.0267973e-09
-1.8468768e-08
1.9030454e-09
-1.8570717e-08
-2.4655839e-10
-1.8694803e-08
-2.422941e-09
-1.8840112e-08
-4.6268942e-09
-1.9005695e-08
-6.859073e-09
-1.9190573e-08
-9.119989e-09
-1.9393749e-08
-1.141012e-08
-1.9614174e-08
-1.3729853e-08
-1.9850833e-08
-1.6079544e-08
-2.0102659e-08
-1.8459422e-08
-2.0368516e-08
-2.0647322e-08
8.0767587e-08
-3.5482476e-08
7.8326266e-08
-3.4425417e-08
7.5928224e-08
-3.339524e-08
7.357243e-08
-3.2393064e-08
7.1257695e-08
-3.1419846e-08
6.898272e-08
-3.0476489e-08
6.6746121e-08
-2.9563828e-08
6.4546424e-08
-2.8682607e-08
6.2382054e-08
-2.7833486e-08
6.0251347e-08
-2.7017038e-08
5.8152539e-08
-2.6233739e-08
5.6083768e-08
-2.5483962e-08
5.404311e-08
-2.4768005e-08
5.2028731e-08
-2.4086237e-08
5.0038438e-08
-2.3438851e-08
4.8070129e-08
-2.282583e-08
4.61217e-08
-2.2247169e-08
4.4190998e-08
-2.1702822e-08
4.227583e-08
-2.1192682e-08
4.0373983e-08
-2.0716577e-08
3.8483228e-08
-2.0274282e-08
3.660133e-08
-1.986552e-08
3.4726055e-08
-1.9489966e-08
3.2855177e-08
-1.9147251e-08
3.0986489e-08
-1.8836964e-08
2.9117804e-08
-1.8558657e-08
2.7246968e-08
-1.8311843e-08
2.5371863e-08
-1.8096001e-08
2.3490415e-08
-1.7910576e-08
2.16006e-08
-1.7754981e-08
1.9700453e-08
-1.7628595e-08
1.7788069e-08
-1.7530765e-08
1.5861616e-08
-1.7460807e-08
1.3919337e-08
-1.7418006e-08
1.1959557e-08
-1.7401614e-08
9.9806889e-09
-1.7410856e-08
7.9812426e-09
-1.7444928e-08
5.959827e-09
-1.7503004e-08
3.9151593e-09
-1.7584237e-08
1.8460715e-09
-1.7687769e-08
-2.4848093e-10
-1.7812727e-08
-2.3694138e-09
-1.7958223e-08
-4.5175078e-09
-1.812334e-08
-6.6934084e-09
-1.8307129e-08
-8.8976524e-09
-1.8508612e-08
-1.1130628e-08
-1.8726825e-08
-1.3392742e-08
-1.8960733e-08
-1.56844e-08
-1.92093e-08
-1.8005748e-08
-1.9471503e-08
-1.9746225e-08
7.8683048e-08
-3.3890053e-08
7.6296805e-08
-3.2870317e-08
7.3953673e-08
-3.1876817e-08
7.165251e-08
-3.0910511e-08
6.9392106e-08
-2.9972344e-08
6.7171174e-08
-2.9063193e-08
6.4988325e-08
-2.8183845e-08
6.2842082e-08
-2.7335016e-08
6.0730876e-08
-2.651734e-08
5.865305e-08
-2.5731369e-08
5.660686e-08
-2.4977572e-08
5.4590444e-08
-2.4256305e-08
5.2601794e-08
-2.3567784e-08
5.0639215e-08
-2.291239e-08
4.8700527e-08
-2.2290187e-08
4.6783629e-08
-2.1701282e-08
4.4886426e-08
-2.1145692e-08
4.3006779e-08
-2.0623357e-08
4.1142523e-08
-2.0134156e-08
3.9291465e-08
-1.9677917e-08
3.7451404e-08
-1.9254415e-08
3.5620127e-08
-1.8863375e-08
3.3795429e-08
-1.8504482e-08
3.1975109e-08
-1.8177374e-08
3.0156987e-08
-1.7881652e-08
2.8338904e-08
-1.7616879e-08
2.6518733e-08
-1.7382582e-08
2.4694382e-08
-1.7178255e-08
2.2863807e-08
-1.7003359e-08
2.1025009e-08
-1.6857323e-08
1.9176048e-08
-1.6739545e-08
1.7315047e-08
-1.6649392e-08
1.5440199e-08
-1.6586201e-08
1.354977e-08
-1.6549276e-08
1.1642109e-08
-1.6537893e-08
9.7156512e-09
-1.6551299e-08
7.7689274e-09
-1.6588715e-08
5.8005664e-09
-1.6649338e-08
3.8093037e-09
-1.673235e-08
1.7939879e-09
-1.6836914e-08
-2.4641131e-10
-1.6962186e-08
-2.3127967e-09
-1.7107306e-08
-4.4059414e-09
-1.7271384e-08
-6.5264843e-09
-1.74535e-08
-8.6749265e-09
-1.7652719e-08
-1.0851721e-08
-1.7868062e-08
-1.3057206e-08
-1.8098586e-08
-1.5291664e-08
-1.8343306e-08
-1.7555341e-08
-1.8601151e-08
-1.8871091e-08
7.6624509e-08
-3.2340146e-08
7.4293652e-08
-3.1357902e-08
7.2005508e-08
-3.0401092e-08
6.9759014e-08
-2.9470713e-08
6.7552956e-08
-2.8567631e-08
6.538602e-08
-2.7692667e-08
6.3256817e-08
-2.6846589e-08
6.116387e-08
-2.6030079e-08
5.9105616e-08
-2.5243744e-08
5.7080405e-08
-2.4488115e-08
5.5086516e-08
-2.3763659e-08
5.3122139e-08
-2.307076e-08
5.1185123e-08
-2.2409532e-08
4.927399e-08
-2.1780225e-08
4.7386444e-08
-2.1182959e-08
4.5520441e-08
-2.0617951e-08
4.3673914e-08
-2.0085189e-08
4.1844749e-08
-1.9584592e-08
4.0030801e-08
-1.9116035e-08
3.8229905e-08
-1.8679345e-08
3.643988e-08
-1.8274299e-08
3.4658544e-08
-1.7900632e-08
3.2883717e-08
-1.7558033e-08
3.1113227e-08
-1.7246152e-08
2.9344922e-08
-1.6964601e-08
2.7576672e-08
-1.6712955e-08
2.5806378e-08
-1.6490756e-08
2.4031979e-08
-1.6297514e-08
2.2251455e-08
-1.6132705e-08
2.0462839e-08
-1.5995776e-08
1.8664218e-08
-1.5886145e-08
1.6853741e-08
-1.5803198e-08
1.5029627e-08
-1.5746293e-08
1.3190168e-08
-1.5714756e-08
1.1333736e-08
-1.5707886e-08
9.4587923e-09
-1.5724954e-08
7.563887e-09
-1.5765204e-08
5.6476707e-09
-1.582786e-08
3.7088977e-09
-1.5912127e-08
1.7464341e-09
-1.6017197e-08
-2.4073501e-10
-1.6142251e-08
-2.2535001e-09
-1.6286456e-08
-4.2926212e-09
-1.6448951e-08
-6.3587293e-09
-1.6628844e-08
-8.4523415e-09
-1.6825218e-08
-1.0573827e-08
-1.703717e-08
-1.2723554e-08
-1.7263724e-08
-1.490186e-08
-1.7503929e-08
-1.7108856e-08
-1.7756842e-08
-1.8021454e-08
7.4594885e-08
-3.0832673e-08
7.2319316e-08
-2.9887898e-08
7.0086178e-08
-2.896784e-08
6.7894297e-08
-2.8073344e-08
6.5742442e-08
-2.7205262e-08
6.3629312e-08
-2.6364396e-08
6.1553516e-08
-2.555147e-08
5.9513579e-08
-2.4767137e-08
5.7507941e-08
-2.4011974e-08
5.5534957e-08
-2.3286484e-08
5.3592919e-08
-2.2591112e-08
5.168011e-08
-2.1926337e-08
4.9794357e-08
-2.1292664e-08
4.7934151e-08
-2.0688678e-08
4.6097158e-08
-2.0116088e-08
4.4281443e-08
-1.9574756e-08
4.2484962e-08
-1.9064552e-08
4.0705624e-08
-1.8585392e-08
3.8941305e-08
-1.8137155e-08
3.7189864e-08
-1.7719672e-08
3.5449148e-08
-1.7332728e-08
3.3717002e-08
-1.6976064e-08
3.1991274e-08
-1.6649379e-08
3.0269823e-08
-1.6352333e-08
2.8550527e-08
-1.6084551e-08
2.6831284e-08
-1.584562e-08
2.5110027e-08
-1.5635097e-08
2.3384724e-08
-1.5452508e-08
2.1653385e-08
-1.5297346e-08
1.9914071e-08
-1.5169078e-08
1.8164898e-08
-1.5067139e-08
1.6404045e-08
-1.4990937e-08
1.4629755e-08
-1.493985e-08
1.2840349e-08
-1.4913227e-08
1.1034224e-08
-1.491039e-08
9.2098628e-09
-1.4930634e-08
7.3658411e-09
-1.4973229e-08
5.5008299e-09
-1.5037423e-08
3.6136035e-09
-1.5122447e-08
1.7030462e-09
-1.522752e-08
-2.3184092e-10
-1.5351849e-08
-2.1919337e-09
-1.5494629e-08
-4.1779832e-09
-1.5655026e-08
-6.1906077e-09
-1.5832178e-08
-8.2302955e-09
-1.6025205e-08
-1.0297474e-08
-1.6233189e-08
-1.2392436e-08
-1.6455253e-08
-1.4515432e-08
-1.6690476e-08
-1.6666671e-08
-1.693789e-08
-1.7196573e-08
7.25966e-08
-2.9367324e-08
7.0376316e-08
-2.8460008e-08
6.8197968e-08
-2.7576546e-08
6.6060446e-08
-2.6717815e-08
6.3962524e-08
-2.5884607e-08
6.190288e-08
-2.5077674e-08
5.9880127e-08
-2.4297718e-08
5.7892795e-08
-2.354536e-08
5.5939331e-08
-2.2821147e-08
5.4018095e-08
-2.2125548e-08
5.2127366e-08
-2.145894e-08
5.0265341e-08
-2.0821593e-08
4.8430754e-08
-2.021375e-08
4.6620608e-08
-1.9636206e-08
4.4833491e-08
-1.9088419e-08
4.3067387e-08
-1.857052e-08
4.1320254e-08
-1.8082562e-08
3.9590016e-08
-1.7624504e-08
3.7874575e-08
-1.7196236e-08
3.6171815e-08
-1.6797598e-08
3.4479614e-08
-1.6428382e-08
3.2795844e-08
-1.6088338e-08
3.1118385e-08
-1.5777175e-08
2.9445127e-08
-1.5494565e-08
2.7773976e-08
-1.5240142e-08
2.6102865e-08
-1.5013511e-08
2.4429756e-08
-1.4814243e-08
2.2752647e-08
-1.4641878e-08
2.1069582e-08
-1.449593e-08
1.9378649e-08
-1.4375883e-08
1.7677996e-08
-1.4281191e-08
1.5965828e-08
-1.4211284e-08
1.424042e-08
-1.416556e-08
1.2500116e-08
-1.4143393e-08
1.0743341e-08
-1.4144128e-08
8.9686044e-09
-1.4167083e-08
7.1745027e-09
-1.4211553e-08
5.3597302e-09
-1.4276814e-08
3.5230819e-09
-1.4362122e-08
1.6634607e-09
-1.4466722e-08
-2.2011522e-10
-1.4589848e-08
-2.1285075e-09
-1.4730721e-08
-4.0624523e-09
-1.4888538e-08
-6.0225581e-09
-1.5062461e-08
-8.0093234e-09
-1.5251638e-08
-1.0023096e-08
-1.5455215e-08
-1.2064219e-08
-1.5672283e-08
-1.4132988e-08
-1.5901966e-08
-1.62295e-08
-1.614342e-08
-1.6395734e-08
7.0632018e-08
-2.7943654e-08
6.846665e-08
-2.7073599e-08
6.6342817e-08
-2.6226608e-08
6.4259331e-08
-2.5403447e-08
6.2214938e-08
-2.4604882e-08
6.0208338e-08
-2.3831655e-08
5.8238148e-08
-2.3084426e-08
5.6302909e-08
-2.2363791e-08
5.4401077e-08
-2.1670266e-08
5.2531028e-08
-2.1004293e-08
5.0691067e-08
-2.0366227e-08
4.8879468e-08
-1.9756337e-08
4.7094568e-08
-1.9174911e-08
4.5334035e-08
-1.8622527e-08
4.3596134e-08
-1.8098891e-08
4.1878916e-08
-1.7604013e-08
4.0180366e-08
-1.713793e-08
3.8498436e-08
-1.6700602e-08
3.6831057e-08
-1.6291927e-08
3.5176144e-08
-1.5911753e-08
3.3531603e-08
-1.5559878e-08
3.1895341e-08
-1.5236061e-08
3.0265266e-08
-1.494002e-08
2.8639301e-08
-1.4671439e-08
2.7015386e-08
-1.4429967e-08
2.5391485e-08
-1.4215221e-08
2.3765591e-08
-1.4026788e-08
2.2135737e-08
-1.3864226e-08
2.0499994e-08
-1.3727064e-08
1.8856486e-08
-1.3614807e-08
1.7203387e-08
-1.352693e-08
1.5538936e-08
-1.3462881e-08
1.3861432e-08
-1.3422083e-08
1.2169251e-08
-1.3403932e-08
1.0460844e-08
-1.3407795e-08
8.7347437e-09
-1.3433017e-08
6.9895731e-09
-1.3478918e-08
5.2240485e-09
-1.3544798e-08
3.4369862e-09
-1.3629942e-08
1.6273088e-09
-1.373362e-08
-2.0594828e-10
-1.3855093e-08
-2.0636303e-09
-1.3993612e-08
-3.946462e-09
-1.4148396e-08
-5.8550386e-09
-1.4318644e-08
-7.7898316e-09
-1.4503531e-08
-9.751241e-09
-1.4702203e-08
-1.1739537e-08
-1.4913842e-08
-1.3754951e-08
-1.5137602e-08
-1.5797689e-08
-1.5372603e-08
-1.561804e-08
6.8703044e-08
-2.6561064e-08
6.6592298e-08
-2.5728079e-08
6.4522527e-08
-2.4917265e-08
6.249257e-08
-2.4129394e-08
6.0501197e-08
-2.3365211e-08
5.8547089e-08
-2.26254e-08
5.6628876e-08
-2.1910603e-08
5.474511e-08
-2.1221386e-08
5.2894263e-08
-2.0558241e-08
5.1074731e-08
-1.992159e-08
4.9284833e-08
-1.9311781e-08
4.7522833e-08
-1.8729094e-08
4.5786921e-08
-1.8173775e-08
4.4075195e-08
-1.764616e-08
4.238573e-08
-1.7146203e-08
4.0716586e-08
-1.6673923e-08
3.9065782e-08
-1.6229313e-08
3.7431302e-08
-1.5812323e-08
3.5811108e-08
-1.542285e-08
3.4203149e-08
-1.5060744e-08
3.2605363e-08
-1.4725811e-08
3.1015688e-08
-1.4417819e-08
2.9432066e-08
-1.4136497e-08
2.7852453e-08
-1.3881539e-08
2.6274821e-08
-1.3652607e-08
2.4697167e-08
-1.3449334e-08
2.3117519e-08
-1.3271321e-08
2.1533941e-08
-1.3118145e-08
1.9944538e-08
-1.2989354e-08
1.8347463e-08
-1.2884469e-08
1.6740925e-08
-1.2802986e-08
1.512319e-08
-1.2744376e-08
1.3492589e-08
-1.2708083e-08
1.1847525e-08
-1.2693525e-08
1.0186476e-08
-1.2700095e-08
8.5080022e-09
-1.2727163e-08
6.8107507e-09
-1.2774073e-08
5.0934614e-09
-1.2840152e-08
3.3549723e-09
-1.292471e-08
1.594226e-09
-1.3027045e-08
-1.8972349e-10
-1.3146446e-08
-1.997706e-09
-1.328219e-08
-3.8304297e-09
-1.3433526e-08
-5.688482e-09
-1.3599677e-08
-7.5723332e-09
-1.3779847e-08
-9.4823198e-09
-1.397324e-08
-1.1418765e-08
-1.4179013e-08
-1.3381938e-08
-1.4396371e-08
-1.5371939e-08
-1.4624544e-08
-1.4862735e-08
6.6811491e-08
-2.5218893e-08
6.4754789e-08
-2.4422627e-08
6.2738546e-08
-2.3647685e-08
6.0761568e-08
-2.2894787e-08
5.8822589e-08
-2.2164631e-08
5.6920321e-08
-2.14579e-08
5.5053401e-08
-2.077519e-08
5.3220395e-08
-2.0117041e-08
5.1419792e-08
-1.9483921e-08
4.9650004e-08
-1.8876237e-08
4.7909367e-08
-1.8294326e-08
4.6196134e-08
-1.7738458e-08
4.4508523e-08
-1.7208804e-08
4.2844714e-08
-1.6705619e-08
4.1202794e-08
-1.6228968e-08
3.9580831e-08
-1.5778883e-08
3.7976869e-08
-1.5355342e-08
3.6388922e-08
-1.4958286e-08
3.4814986e-08
-1.458761e-08
3.325304e-08
-1.4243169e-08
3.1701056e-08
-1.3924773e-08
3.0157005e-08
-1.3632201e-08
2.8618864e-08
-1.336519e-08
2.708462e-08
-1.3123448e-08
2.5552282e-08
-1.2906649e-08
2.401988e-08
-1.2714441e-08
2.2485475e-08
-1.2546443e-08
2.0947164e-08
-1.2402247e-08
1.9403087e-08
-1.2281419e-08
1.7851429e-08
-1.21835e-08
1.629043e-08
-1.2108008e-08
1.4718387e-08
-1.2054433e-08
1.3133662e-08
-1.2022242e-08
1.1534686e-08
-1.2010878e-08
9.9199651e-09
-1.2019755e-08
8.2880869e-09
-1.204827e-08
6.6377231e-09
-1.2095792e-08
4.9676378e-09
-1.2161674e-08
3.276691e-09
-1.2245254e-08
1.5638461e-09
-1.2345856e-08
-1.718245e-10
-1.2462794e-08
-1.9311331e-09
-1.2595375e-08
-3.7147755e-09
-1.2742875e-08
-5.5233222e-09
-1.2904548e-08
-7.3572253e-09
-1.3079627e-08
-9.2168612e-09
-1.3267321e-08
-1.1102482e-08
-1.3466873e-08
-1.3014319e-08
-1.3677505e-08
-1.4952566e-08
-1.3898431e-08
-1.4128937e-08
6.4958771e-08
-2.391634e-08
6.2955563e-08
-2.3156435e-08
6.0992197e-08
-2.2416959e-08
5.9067479e-08
-2.1698629e-08
5.7180185e-08
-2.1002135e-08
5.5329015e-08
-2.0328097e-08
5.3512621e-08
-1.9677088e-08
5.1729582e-08
-1.9049617e-08
4.9978403e-08
-1.8446127e-08
4.8257515e-08
-1.7867008e-08
4.6565277e-08
-1.7312598e-08
4.4899952e-08
-1.6783151e-08
4.32598e-08
-1.62787e-08
4.1643e-08
-1.5799554e-08
4.0047688e-08
-1.5345825e-08
3.8471961e-08
-1.4917533e-08
3.6913886e-08
-1.4514652e-08
3.537151e-08
-1.4137118e-08
3.3842858e-08
-1.3784828e-08
3.2325942e-08
-1.345764e-08
3.0818768e-08
-1.3155373e-08
2.9319342e-08
-1.2877812e-08
2.7825672e-08
-1.2624706e-08
2.6335785e-08
-1.2395775e-08
2.4847719e-08
-1.2190707e-08
2.3359543e-08
-1.2009165e-08
2.1869351e-08
-1.1850782e-08
2.0375274e-08
-1.1715169e-08
1.8875485e-08
-1.1601911e-08
1.7368203e-08
-1.1510568e-08
1.58517e-08
-1.1440677e-08
1.4324304e-08
-1.1391752e-08
1.2784408e-08
-1.136328e-08
1.1230473e-08
-1.1354729e-08
9.6610334e-09
-1.1365536e-08
8.0747027e-09
-1.1395124e-08
6.4701791e-09
-1.1442886e-08
4.8462507e-09
-1.1508204e-08
3.2018004e-09
-1.1590439e-08
1.5358124e-09
-1.1688945e-08
-1.5262159e-10
-1.1803062e-08
-1.8642972e-09
-1.1932123e-08
-3.5998928e-09
-1.2075435e-08
-5.3599706e-09
-1.2232275e-08
-7.1449764e-09
-1.2401908e-08
-8.9552342e-09
-1.2583592e-08
-1.0791052e-08
-1.2776552e-08
-1.265268e-08
-1.2980061e-08
-1.4540224e-08
-1.3193434e-08
-1.3415958e-08
6.3146161e-08
-2.2652539e-08
6.1195694e-08
-2.1928536e-08
5.9284456e-08
-2.1224102e-08
5.7411255e-08
-2.0539934e-08
5.5574842e-08
-1.9876664e-08
5.3773949e-08
-1.9234901e-08
5.2007239e-08
-1.8615171e-08
5.0273305e-08
-1.8017952e-08
4.8570666e-08
-1.7443661e-08
4.689777e-08
-1.6892667e-08
4.5253013e-08
-1.6365319e-08
4.3634705e-08
-1.5861949e-08
4.2041068e-08
-1.5382162e-08
4.0470318e-08
-1.4926646e-08
3.8920641e-08
-1.4495438e-08
3.7390164e-08
-1.4088529e-08
3.5876983e-08
-1.3705889e-08
3.4379175e-08
-1.334746e-08
3.2894796e-08
-1.3013139e-08
3.1421892e-08
-1.2702791e-08
2.9958504e-08
-1.241624e-08
2.850267e-08
-1.2153283e-08
2.7052437e-08
-1.1913678e-08
2.5605863e-08
-1.1697158e-08
2.4161025e-08
-1.1503423e-08
2.2716025e-08
-1.1332154e-08
2.1268993e-08
-1.1182998e-08
1.9818094e-08
-1.1055586e-08
1.8361536e-08
-1.0949517e-08
1.6897571e-08
-1.0864375e-08
1.5424503e-08
-1.0799714e-08
1.3940694e-08
-1.0755071e-08
1.2444566e-08
-1.0729956e-08
1.093461e-08
-1.0723858e-08
9.4093888e-09
-1.0736242e-08
7.8675446e-09
-1.0766552e-08
6.3078008e-09
-1.0814209e-08
4.7289703e-09
-1.087862e-08
3.1299587e-09
-1.0959173e-08
1.509772e-09
-1.105525e-08
-1.3247909e-10
-1.1166216e-08
-1.7975719e-09
-1.1291433e-08
-3.4861713e-09
-1.1430233e-08
-5.1988216e-09
-1.1581927e-08
-6.9359553e-09
-1.1745804e-08
-8.6979244e-09
-1.1921136e-08
-1.0484972e-08
-1.2107218e-08
-1.2297326e-08
-1.2303343e-08
-1.4135182e-08
-1.2508807e-08
-1.2722991e-08
6.1374611e-08
-2.1426527e-08
5.9476119e-08
-2.0737952e-08
5.7616178e-08
-2.0068095e-08
5.5793611e-08
-1.9417622e-08
5.4007212e-08
-1.8787144e-08
5.2255708e-08
-1.8177204e-08
5.0537777e-08
-1.7588302e-08
4.8852029e-08
-1.7020883e-08
4.7196994e-08
-1.6475331e-08
4.5571128e-08
-1.5951983e-08
4.3972833e-08
-1.5451138e-08
4.2400692e-08
-1.4973215e-08
4.0852532e-08
-1.4517821e-08
3.9326823e-08
-1.4085598e-08
3.7821772e-08
-1.3676504e-08
3.6335526e-08
-1.3290554e-08
3.4866212e-08
-1.292773e-08
3.3411936e-08
-1.2587981e-08
3.197079e-08
-1.2271207e-08
3.0540853e-08
-1.1977283e-08
2.9120198e-08
-1.1706038e-08
2.7706901e-08
-1.1457279e-08
2.6299044e-08
-1.1230774e-08
2.4894722e-08
-1.102627e-08
2.3492046e-08
-1.0843481e-08
2.2089154e-08
-1.0682102e-08
2.0684212e-08
-1.0541796e-08
1.9275421e-08
-1.0422211e-08
1.7861021e-08
-1.0322967e-08
1.64393e-08
-1.0243665e-08
1.5008595e-08
-1.018388e-08
1.3567298e-08
-1.0143172e-08
1.2113864e-08
-1.012107e-08
1.0646815e-08
-1.011709e-08
9.1647411e-09
-1.0130718e-08
7.6663127e-09
-1.0161425e-08
6.1502794e-09
-1.0208656e-08
4.6154791e-09
-1.0271846e-08
3.0608405e-09
-1.0350408e-08
1.4853912e-09
-1.044375e-08
-1.1173814e-10
-1.0551266e-08
-1.7313074e-09
-1.0672345e-08
-3.3739638e-09
-1.0806346e-08
-5.0402426e-09
-1.0952606e-08
-6.7305649e-09
-1.1110444e-08
-8.4452436e-09
-1.1279173e-08
-1.018457e-08
-1.1458077e-08
-1.1948783e-08
-1.1646498e-08
-1.3738002e-08
-1.1843817e-08
-1.2049427e-08
6.5424755e-08
-2.2298157e-08
6.3457634e-08
-2.1595109e-08
6.1531303e-08
-2.0907983e-08
5.9644883e-08
-2.0237211e-08
5.7797441e-08
-1.9583613e-08
5.5987894e-08
-1.894788e-08
5.4215071e-08
-1.8330648e-08
5.2477751e-08
-1.7732474e-08
5.0774692e-08
-1.7153887e-08
4.9104584e-08
-1.6595336e-08
4.7466051e-08
-1.6057242e-08
4.5857645e-08
-1.5539956e-08
4.4277842e-08
-1.5043781e-08
4.2725003e-08
-1.4568853e-08
4.1197957e-08
-1.4115006e-08
3.9694228e-08
-1.3684425e-08
3.821255e-08
-1.3275173e-08
3.675109e-08
-1.2887751e-08
3.530803e-08
-1.252232e-08
3.3881529e-08
-1.2178876e-08
3.2469727e-08
-1.1857377e-08
3.1070749e-08
-1.1557728e-08
2.9682709e-08
-1.1279811e-08
2.8303716e-08
-1.1023462e-08
2.6931882e-08
-1.0788499e-08
2.5565325e-08
-1.0574699e-08
2.4202175e-08
-1.0381825e-08
2.2840581e-08
-1.02096e-08
2.1478716e-08
-1.0057738e-08
2.0114782e-08
-9.9259169e-09
1.8747016e-08
-9.8138036e-09
1.7373692e-08
-9.7210324e-09
1.5993133e-08
-9.6472285e-09
1.4603708e-08
-9.591984e-09
1.3203843e-08
-9.5548817e-09
1.1792023e-08
-9.5354716e-09
1.0366801e-08
-9.5332944e-09
8.9267971e-09
-9.5478579e-09
7.4707084e-09
-9.5786605e-09
5.9973112e-09
-9.6251707e-09
4.5054685e-09
-9.6868509e-09
2.9941324e-09
-9.7631391e-09
1.4623525e-09
-9.8534722e-09
-9.0721012e-11
-9.9572682e-09
-1.6658289e-09
-1.0073945e-08
-3.2636044e-09
-1.0202889e-08
-4.8845637e-09
-1.0343467e-08
-6.5291187e-09
-1.049502e-08
-8.1975978e-09
-1.0656881e-08
-9.8902362e-09
-1.0828394e-08
-1.1607266e-08
-1.1008907e-08
-1.3348877e-08
-1.11978e-08
-1.1394549e-08
6.5538269e-08
-2.1716273e-08
6.3582678e-08
-2.1035983e-08
6.1667828e-08
-2.0369955e-08
5.979303e-08
-1.9718994e-08
5.7957432e-08
-1.9083582e-08
5.6160138e-08
-1.8464502e-08
5.440003e-08
-1.7862403e-08
5.2675958e-08
-1.7277914e-08
5.0986742e-08
-1.6711565e-08
4.9331138e-08
-1.616383e-08
4.7707851e-08
-1.5635135e-08
4.6115525e-08
-1.5125872e-08
4.4552733e-08
-1.4636367e-08
4.3017987e-08
-1.4166913e-08
4.1509793e-08
-1.3717738e-08
4.0026248e-08
-1.3289162e-08
3.856613e-08
-1.2881244e-08
3.7127449e-08
-1.249418e-08
3.5708523e-08
-1.2127938e-08
3.4307581e-08
-1.1782569e-08
3.2922818e-08
-1.1458063e-08
3.1552412e-08
-1.1154382e-08
3.0194519e-08
-1.0871434e-08
2.8847293e-08
-1.0609109e-08
2.7508876e-08
-1.0367249e-08
2.6177417e-08
-1.0145685e-08
2.485107e-08
-9.9442024e-09
2.3528004e-08
-9.7625776e-09
2.2206402e-08
-9.6005472e-09
2.0884475e-08
-9.4578417e-09
1.956046e-08
-9.3341522e-09
1.823263e-08
-9.2291662e-09
1.6899294e-08
-9.1425337e-09
1.5558809e-08
-9.0739014e-09
1.4209579e-08
-9.0228792e-09
1.2850061e-08
-8.9890734e-09
1.1478773e-08
-8.9720538e-09
1.0094297e-08
-8.9713865e-09
8.6952824e-09
-8.9866006e-09
7.2804556e-09
-9.0172216e-09
5.8486185e-09
-9.0627411e-09
4.3986598e-09
-9.1226494e-09
2.9295547e-09
-9.1964091e-09
1.440375e-09
-9.2834854e-09
-6.9708903e-11
-9.3833212e-09
-1.6014197e-09
-9.4953636e-09
-3.1553727e-09
-9.619024e-09
-4.7320743e-09
-9.7536975e-09
-6.3319212e-09
-9.8987542e-09
-7.9552125e-09
-1.005356e-08
-9.6022251e-09
-1.021745e-08
-1.1273188e-08
-1.0389822e-08
-1.2968244e-08
-1.0570119e-08
-1.0757832e-08
6.3689515e-08
-2.0453041e-08
6.1785976e-08
-1.9810017e-08
5.992247e-08
-1.9180481e-08
5.8098294e-08
-1.8565197e-08
5.631258e-08
-1.7964643e-08
5.4564424e-08
-1.7379567e-08
5.2852765e-08
-1.6810615e-08
5.1176463e-08
-1.6258369e-08
4.9534329e-08
-1.5723316e-08
4.7925151e-08
-1.5205918e-08
4.6347648e-08
-1.4706562e-08
4.4800481e-08
-1.4225618e-08
4.3282245e-08
-1.3763391e-08
4.1791477e-08
-1.3320166e-08
4.0326647e-08
-1.2896182e-08
3.8885981e-08
-1.249172e-08
3.7468197e-08
-1.2106662e-08
3.6071418e-08
-1.1741372e-08
3.4693937e-08
-1.1395834e-08
3.3334023e-08
-1.107007e-08
3.1989908e-08
-1.0764057e-08
3.0659804e-08
-1.0477761e-08
2.9341904e-08
-1.0211091e-08
2.8034395e-08
-9.9639466e-09
2.6735458e-08
-9.7361744e-09
2.5443279e-08
-9.527618e-09
2.4156047e-08
-9.338071e-09
2.2871969e-08
-9.1673261e-09
2.1589265e-08
-9.0151301e-09
2.0306182e-08
-8.8812316e-09
1.9020994e-08
-8.7653349e-09
1.7732009e-08
-8.6671476e-09
1.6437572e-08
-8.5863346e-09
1.5136074e-08
-8.5225651e-09
1.3825952e-08
-8.4754658e-09
1.2505697e-08
-8.4446671e-09
1.1173857e-08
-8.4297575e-09
9.829047e-09
-8.430329e-09
8.4699442e-09
-8.4459315e-09
7.0953031e-09
-8.4761177e-09
5.7039523e-09
-8.5204015e-09
4.2948058e-09
-8.5783021e-09
2.8668624e-09
-8.6493052e-09
1.4192162e-09
-8.7329052e-09
-4.8942616e-11
-8.8285691e-09
-1.5383173e-09
-8.9357739e-09
-3.0495085e-09
-9.0539548e-09
-4.583003e-09
-9.1825396e-09
-6.1391902e-09
-9.3209181e-09
-7.7183739e-09
-9.4684798e-09
-9.320783e-09
-9.6246054e-09
-1.0946651e-08
-9.7886964e-09
-1.2596183e-08
-9.960189e-09
-1.0138657e-08
6.1887327e-08
-1.92257e-08
6.0034935e-08
-1.8619368e-08
5.8221834e-08
-1.8025759e-08
5.6447302e-08
-1.7445616e-08
5.4710472e-08
-1.6879398e-08
5.3010475e-08
-1.632782e-08
5.1346233e-08
-1.5791475e-08
4.9716639e-08
-1.5270932e-08
4.8120542e-08
-1.476665e-08
4.6556732e-08
-1.4279051e-08
4.5023946e-08
-1.3808499e-08
4.3520864e-08
-1.3355345e-08
4.2046098e-08
-1.2919872e-08
4.0598205e-08
-1.2502359e-08
3.9175654e-08
-1.2103025e-08
3.7776834e-08
-1.1722083e-08
3.6400289e-08
-1.1359483e-08
3.5044291e-08
-1.1015533e-08
3.3707151e-08
-1.069024e-08
3.2387164e-08
-1.0383626e-08
3.1082595e-08
-1.0095663e-08
2.9791692e-08
-9.8263212e-09
2.8512682e-08
-9.5755091e-09
2.7243791e-08
-9.3431368e-09
2.5983235e-08
-9.1290561e-09
2.4729236e-08
-8.9331235e-09
2.3480022e-08
-8.75514e-09
2.2233836e-08
-8.5949146e-09
2.0988935e-08
-8.4522042e-09
1.9743604e-08
-8.326776e-09
1.8496151e-08
-8.2183464e-09
1.7244922e-08
-8.1266438e-09
1.5988296e-08
-8.0513474e-09
1.47247e-08
-7.9921491e-09
1.3452603e-08
-7.9486915e-09
1.217053e-08
-7.9206297e-09
1.0877061e-08
-7.9075701e-09
9.5708405e-09
-7.909131e-09
8.2505755e-09
-7.9248819e-09
6.9150487e-09
-7.9544035e-09
5.5631151e-09
-7.9972312e-09
4.1937143e-09
-8.0529131e-09
2.8058683e-09
-8.1209576e-09
1.3986936e-09
-8.2008889e-09
-2.8599213e-11
-8.2921974e-09
-1.476695e-09
-8.39439e-09
-2.9461764e-09
-8.5069269e-09
-4.4375193e-09
-8.6292638e-09
-5.951095e-09
-8.7608193e-09
-7.4871858e-09
-8.9010117e-09
-9.0460517e-09
-9.0492181e-09
-1.0627918e-08
-9.2048796e-09
-1.2232958e-08
-9.3674705e-09
-9.5365796e-09
6.0132031e-08
-1.8033408e-08
5.8329784e-08
-1.7463139e-08
5.6566072e-08
-1.6904873e-08
5.4840174e-08
-1.635932e-08
5.3151199e-08
-1.5826879e-08
5.1498286e-08
-1.5308236e-08
4.9880411e-08
-1.4803957e-08
4.8296477e-08
-1.4314567e-08
4.6745339e-08
-1.3840489e-08
4.5225816e-08
-1.3382136e-08
4.3736659e-08
-1.2939839e-08
4.2276567e-08
-1.2513933e-08
4.0844172e-08
-1.2104677e-08
3.9438053e-08
-1.1712347e-08
3.8056706e-08
-1.1337167e-08
3.6698591e-08
-1.0979203e-08
3.5362196e-08
-1.0638578e-08
3.4045873e-08
-1.0315503e-08
3.2747965e-08
-1.0009993e-08
3.1466798e-08
-9.7220765e-09
3.0200669e-08
-9.4517213e-09
2.8947861e-08
-9.1989043e-09
2.7706639e-08
-8.9635344e-09
2.6475263e-08
-8.7455323e-09
2.5251987e-08
-8.5447535e-09
2.403507e-08
-8.3610686e-09
2.2822777e-08
-8.1942855e-09
2.1613388e-08
-8.04423e-09
2.0405198e-08
-7.910668e-09
1.9196529e-08
-7.7933862e-09
1.7985724e-08
-7.6921121e-09
1.6771167e-08
-7.6065956e-09
1.555127e-08
-7.536529e-09
1.4324496e-08
-7.4816276e-09
1.3089348e-08
-7.441549e-09
1.1844383e-08
-7.4159734e-09
1.0588212e-08
-7.4045241e-09
9.3195118e-09
-7.4068461e-09
8.0370177e-09
-7.4225279e-09
6.7395408e-09
-7.4511785e-09
5.4259624e-09
-7.4923535e-09
4.0952477e-09
-7.5456309e-09
2.7464419e-09
-7.6105408e-09
1.3786841e-09
-7.6866377e-09
-8.7953945e-12
-7.7734344e-09
-1.4166621e-09
-7.8704689e-09
-2.845483e-09
-7.9772245e-09
-4.2957147e-09
-8.0931907e-09
-5.7677212e-09
-8.2178045e-09
-7.2617804e-09
-8.3505134e-09
-8.7781106e-09
-8.4907288e-09
-1.0316949e-08
-8.6378889e-09
-1.1878521e-08
-8.7914577e-09
-8.9510759e-09
5.8423758e-08
-1.6875277e-08
5.6670631e-08
-1.6340456e-08
5.4955271e-08
-1.5816928e-08
5.3276942e-08
-1.5305368e-08
5.1634758e-08
-1.4806125e-08
5.0027881e-08
-1.4319844e-08
4.8455286e-08
-1.384704e-08
4.691591e-08
-1.3388221e-08
4.540864e-08
-1.2943781e-08
4.3932303e-08
-1.2514105e-08
4.2485671e-08
-1.2099501e-08
4.1067461e-08
-1.1700289e-08
3.9676326e-08
-1.1316704e-08
3.8310864e-08
-1.0949006e-08
3.6969634e-08
-1.0597378e-08
3.5651087e-08
-1.0261968e-08
3.4353734e-08
-9.9428349e-09
3.3075975e-08
-9.6401605e-09
3.1816188e-08
-9.3539692e-09
3.0572731e-08
-9.0842989e-09
2.9343935e-08
-8.8311127e-09
2.8128118e-08
-8.5943961e-09
2.6923579e-08
-8.3740576e-09
2.5728618e-08
-8.1700298e-09
2.4541524e-08
-7.9821708e-09
2.3360594e-08
-7.8103666e-09
2.218413e-08
-7.6544304e-09
2.1010449e-08
-7.5142061e-09
1.9837884e-08
-7.3894673e-09
1.8664793e-08
-7.2800211e-09
1.7489556e-08
-7.1856049e-09
1.6310593e-08
-7.1059909e-09
1.5126351e-08
-7.0408834e-09
1.3935328e-08
-6.9900218e-09
1.2736058e-08
-6.9530773e-09
1.1527135e-08
-6.9297562e-09
1.03072e-08
-6.9196972e-09
9.0749587e-09
-6.9225732e-09
7.829177e-09
-6.9379896e-09
6.5686942e-09
-6.9655851e-09
5.2924175e-09
-7.0049342e-09
3.9993378e-09
-7.0556454e-09
2.6885232e-09
-7.1172691e-09
1.3591354e-09
-7.1893914e-09
1.0424556e-11
-7.2715464e-09
-1.3582559e-09
-7.3633039e-09
-2.7474556e-09
-7.4641706e-09
-4.1576185e-09
-7.5736667e-09
-5.5890893e-09
-7.6912572e-09
-7.0421282e-09
-7.8164186e-09
-8.5169746e-09
-7.948563e-09
-1.0013849e-08
-8.0871635e-09
-1.1532964e-08
-8.2316929e-09
-8.3817835e-09
5.6762651e-08
-1.5750454e-08
5.5057564e-08
-1.525043e-08
5.3389463e-08
-1.4761009e-08
5.1757624e-08
-1.4282837e-08
5.0161139e-08
-1.3816174e-08
4.8599185e-08
-1.3361643e-08
4.7070776e-08
-1.291972e-08
4.5574864e-08
-1.2490877e-08
4.4110348e-08
-1.207548e-08
4.2676082e-08
-1.16739e-08
4.1270857e-08
-1.1286418e-08
3.989341e-08
-1.0913339e-08
3.8542418e-08
-1.0554878e-08
3.7216505e-08
-1.0211278e-08
3.5914257e-08
-9.8826938e-09
3.4634158e-08
-9.5693108e-09
3.3374734e-08
-9.2711692e-09
3.2134428e-08
-8.9884174e-09
3.0911651e-08
-8.7210813e-09
2.9704795e-08
-8.4692067e-09
2.8512225e-08
-8.2327549e-09
2.7332295e-08
-8.0117187e-09
2.6163341e-08
-7.8060074e-09
2.5003698e-08
-7.6155645e-09
2.3851693e-08
-7.4402523e-09
2.270566e-08
-7.2799703e-09
2.1563939e-08
-7.1345385e-09
2.0424884e-08
-7.0038173e-09
1.9286865e-08
-6.8875895e-09
1.8148276e-08
-6.7856808e-09
1.7007535e-08
-6.6978398e-09
1.5863096e-08
-6.6238595e-09
1.4713443e-08
-6.5634571e-09
1.3557107e-08
-6.5163945e-09
1.2392657e-08
-6.4823578e-09
1.1218718e-08
-6.4610776e-09
1.0033963e-08
-6.4522093e-09
8.8371295e-09
-6.4554516e-09
7.6270113e-09
-6.4704285e-09
6.4024753e-09
-6.4968062e-09
5.1624559e-09
-6.5341794e-09
3.9059682e-09
-6.5821856e-09
2.6321046e-09
-6.6403966e-09
1.3400479e-09
-6.7084285e-09
2.906891e-11
-6.7858379e-09
-1.3014608e-09
-6.8722254e-09
-2.6520741e-09
-6.9671214e-09
-4.023197e-09
-7.0700805e-09
-5.4151652e-09
-7.1805885e-09
-6.8282284e-09
-7.2981556e-09
-8.2625867e-09
-7.4222245e-09
-9.7184717e-09
-7.5522669e-09
-1.1196143e-08
-7.6877345e-09
-7.8282649e-09
5.5148754e-08
-1.4658041e-08
5.3490609e-08
-1.4192169e-08
5.1868665e-08
-1.3736209e-08
5.0282198e-08
-1.3290784e-08
4.8730302e-08
-1.2856072e-08
4.7212165e-08
-1.2432661e-08
4.5726819e-08
-1.2020995e-08
4.4273241e-08
-1.1621516e-08
4.2850356e-08
-1.1234565e-08
4.1457036e-08
-1.0860491e-08
4.0092091e-08
-1.0499551e-08
3.8754282e-08
-1.0152039e-08
3.7442306e-08
-9.8181478e-09
3.6154815e-08
-9.4981126e-09
3.4890421e-08
-9.1920596e-09
3.3647651e-08
-8.9001864e-09
3.2425042e-08
-8.6225311e-09
3.1221076e-08
-8.3592218e-09
3.00342e-08
-8.1102787e-09
2.8862838e-08
-7.8757537e-09
2.7705392e-08
-7.6556061e-09
2.6560251e-08
-7.4498364e-09
2.5425787e-08
-7.258355e-09
2.4300372e-08
-7.0811161e-09
2.3182369e-08
-6.9179858e-09
2.2070152e-08
-6.7688778e-09
2.0962095e-08
-6.6336182e-09
1.9856591e-08
-6.5120842e-09
1.8752046e-08
-6.4040672e-09
1.7646893e-08
-6.3094117e-09
1.6539584e-08
-6.2278768e-09
1.5428609e-08
-6.1592766e-09
1.4312488e-08
-6.1033406e-09
1.3189786e-08
-6.0598533e-09
1.2059105e-08
-6.028515e-09
1.0919102e-08
-6.0090807e-09
9.7684826e-09
-6.0012217e-09
8.6060133e-09
-6.0046628e-09
7.4305178e-09
-6.0190457e-09
6.2408906e-09
-6.0440644e-09
5.0360921e-09
-6.0793331e-09
3.8151622e-09
-6.1245181e-09
2.5772165e-09
-6.1792123e-09
1.3214596e-09
-6.2430619e-09
4.7182061e-11
-6.3156456e-09
-1.2462261e-09
-6.396595e-09
-2.5592806e-09
-6.4854651e-09
-3.8923945e-09
-6.5818421e-09
-5.2458835e-09
-6.6852423e-09
-6.619982e-09
-6.7952064e-09
-8.0148993e-09
-6.9111895e-09
-9.4308438e-09
-7.0326973e-09
-1.0868064e-08
-7.1591804e-09
-7.2902185e-09
5.3582121e-08
-1.3597156e-08
5.1969777e-08
-1.3164754e-08
5.0392841e-08
-1.2741588e-08
4.8850616e-08
-1.2328273e-08
4.7342171e-08
-1.1924854e-08
4.5866715e-08
-1.153192e-08
4.4423301e-08
-1.1149876e-08
4.3010925e-08
-1.0779137e-08
4.1628535e-08
-1.0420021e-08
4.0275022e-08
-1.0072855e-08
3.8949223e-08
-9.737876e-09
3.7649916e-08
-9.4153604e-09
3.6375828e-08
-9.1054858e-09
3.5125633e-08
-8.8084857e-09
3.389797e-08
-8.5244371e-09
3.2691403e-08
-8.2535621e-09
3.1504494e-08
-7.9958964e-09
3.0335757e-08
-7.7515508e-09
2.9183674e-08
-7.5205433e-09
2.8046704e-08
-7.3029248e-09
2.6923285e-08
-7.0986586e-09
2.5811838e-08
-6.907747e-09
2.4710776e-08
-6.7301071e-09
2.3618503e-08
-6.5656982e-09
2.2533425e-08
-6.4143963e-09
2.1453946e-08
-6.2761224e-09
2.0378484e-08
-6.1507155e-09
1.9305464e-08
-6.0380629e-09
1.8233333e-08
-5.9379709e-09
1.7160555e-08
-5.8502957e-09
1.6085625e-08
-5.774814e-09
1.5007062e-08
-5.7113534e-09
1.3923426e-08
-5.6596625e-09
1.2833312e-08
-5.6195411e-09
1.1735359e-08
-5.5907106e-09
1.0628252e-08
-5.572943e-09
9.5107328e-09
-5.5659324e-09
8.3815929e-09
-5.5694218e-09
7.2396887e-09
-5.5830779e-09
6.0839388e-09
-5.6066148e-09
4.9133331e-09
-5.639673e-09
3.7269326e-09
-5.6819404e-09
2.5238793e-09
-5.7330376e-09
1.3033956e-09
-5.7926337e-09
6.4795478e-11
-5.8603366e-09
-1.1925167e-09
-5.9358016e-09
-2.4690373e-09
-6.0186149e-09
-3.7651654e-09
-6.1083912e-09
-5.0812043e-09
-6.2046774e-09
-6.4173761e-09
-6.307047e-09
-7.7738509e-09
-6.4149962e-09
-9.150839e-09
-6.5280369e-09
-1.0548625e-08
-6.6456096e-09
-6.7672518e-09
5.2062675e-08
-1.256687e-08
5.049498e-08
-1.2167265e-08
4.8961901e-08
-1.1776214e-08
4.7462761e-08
-1.139435e-08
4.5996618e-08
-1.1021562e-08
4.4562687e-08
-1.0658438e-08
4.3160051e-08
-1.030538e-08
4.1787729e-08
-9.9627539e-09
4.0444687e-08
-9.6308577e-09
3.9129838e-08
-9.3099973e-09
3.7842042e-08
-9.0003939e-09
3.6580099e-08
-8.702302e-09
3.5342761e-08
-8.4158862e-09
3.4128735e-08
-8.1413588e-09
3.2936676e-08
-7.8788165e-09
3.176519e-08
-7.6284378e-09
3.0612865e-08
-7.3902718e-09
2.9478247e-08
-7.1644169e-09
2.8359854e-08
-6.950892e-09
2.7256177e-08
-6.7497441e-09
2.6165691e-08
-6.5609428e-09
2.5086851e-08
-6.3844891e-09
2.4018108e-08
-6.2203102e-09
2.2957902e-08
-6.0683673e-09
2.1904675e-08
-5.9285491e-09
2.0856869e-08
-5.8007811e-09
1.9812938e-08
-5.6849179e-09
1.8771345e-08
-5.5808536e-09
1.7730573e-08
-5.4884123e-09
1.6689123e-08
-5.407459e-09
1.5645525e-08
-5.3377901e-09
1.4598333e-08
-5.2792442e-09
1.3546143e-08
-5.2315912e-09
1.2487581e-08
-5.1946433e-09
1.1421322e-08
-5.1681452e-09
1.0346082e-08
-5.1518831e-09
9.260633e-09
-5.145576e-09
8.1637964e-09
-5.1489827e-09
7.0544581e-09
-5.1617964e-09
5.9315625e-09
-5.183749e-09
4.7941264e-09
-5.2145091e-09
3.641234e-09
-5.2537836e-09
2.4720511e-09
-5.3012229e-09
1.2858201e-09
-5.3565167e-09
8.1875219e-11
-5.4193034e-09
-1.1403626e-09
-5.4892606e-09
-2.3813725e-09
-5.5660078e-09
-3.6415418e-09
-5.6491846e-09
-4.9211537e-09
-5.7383786e-09
-6.2204187e-09
-5.8331896e-09
-7.5395044e-09
-5.9331483e-09
-8.8785943e-09
-6.0378035e-09
-1.0237934e-08
-6.1466267e-09
-6.2590648e-09
5.0590269e-08
-1.1566265e-08
4.9066029e-08
-1.1198752e-08
4.757561e-08
-1.0839127e-08
4.6118376e-08
-1.0488059e-08
4.4693359e-08
-1.0145226e-08
4.3299795e-08
-9.8112583e-09
4.1936774e-08
-9.486526e-09
4.0603337e-08
-9.171373e-09
3.9298484e-08
-8.866084e-09
3.8021143e-08
-8.5709269e-09
3.67702e-08
-8.2861151e-09
3.5544478e-08
-8.0118758e-09
3.4342755e-08
-7.748369e-09
3.3163763e-08
-7.4957776e-09
3.2006182e-08
-7.2542203e-09
3.0868655e-08
-7.0238375e-09
2.9749802e-08
-6.8046886e-09
2.8648195e-08
-6.5968567e-09
2.7562392e-08
-6.4003689e-09
2.6490913e-08
-6.2152615e-09
2.5432273e-08
-6.0415171e-09
2.4384958e-08
-5.8791288e-09
2.3347459e-08
-5.7280403e-09
2.2318248e-08
-5.588208e-09
2.1295809e-08
-5.4595403e-09
2.0278616e-08
-5.3419598e-09
1.9265164e-08
-5.2353438e-09
1.8253948e-08
-5.1395858e-09
1.7243491e-08
-5.0545348e-09
1.6232327e-08
-4.9800569e-09
1.5219024e-08
-4.9159755e-09
1.420217e-08
-4.8621323e-09
1.3180396e-08
-4.8183259e-09
1.2152359e-08
-4.7843732e-09
1.111677e-08
-4.7600491e-09
1.0072373e-08
-4.7451464e-09
9.0179739e-09
-4.739416e-09
7.9524207e-09
-4.7426247e-09
6.8746305e-09
-4.7544993e-09
5.7835711e-09
-4.774782e-09
4.6782882e-09
-4.8031761e-09
3.5578864e-09
-4.8394004e-09
2.4215572e-09
-4.8831413e-09
1.2685603e-09
-4.9341021e-09
9.8252138e-11
-4.9919584e-09
-1.0899326e-09
-5.0564033e-09
-2.2964548e-09
-5.1270955e-09
-3.5216895e-09
-5.2036956e-09
-4.7659082e-09
-5.2858326e-09
-6.0293078e-09
-5.373136e-09
-7.3120217e-09
-5.4651912e-09
-8.6142201e-09
-5.5615676e-09
-9.9361687e-09
-5.6617673e-09
-5.7652367e-09
4.9164504e-08
-1.0594372e-08
4.7682512e-08
-1.0258263e-08
4.6233551e-08
-9.9293673e-09
4.481703e-08
-9.6084348e-09
4.3431951e-08
-9.2948746e-09
4.2077545e-08
-8.9893769e-09
4.0752954e-08
-8.6923401e-09
3.9457236e-08
-8.4040345e-09
3.8189402e-08
-8.1247315e-09
3.6948407e-08
-7.854676e-09
3.5733161e-08
-7.5940735e-09
3.4542506e-08
-7.3431165e-09
3.3375255e-08
-7.1019729e-09
3.2230157e-08
-6.8707884e-09
3.1105931e-08
-6.6497004e-09
3.0001243e-08
-6.4388146e-09
2.8914749e-08
-6.2382075e-09
2.784505e-08
-6.0479378e-09
2.6790739e-08
-5.8680502e-09
2.5750369e-08
-5.6985613e-09
2.4722491e-08
-5.5394751e-09
2.3705626e-08
-5.3907686e-09
2.2698302e-08
-5.2524104e-09
2.1699024e-08
-5.1243435e-09
2.0706316e-08
-5.0065042e-09
1.9718685e-08
-4.8988038e-09
1.8734666e-08
-4.8011506e-09
1.7752786e-08
-4.7134288e-09
1.677161e-08
-4.6355205e-09
1.57897e-08
-4.5672844e-09
1.4805666e-08
-4.508579e-09
1.3818124e-08
-4.4592403e-09
1.2825745e-08
-4.4191039e-09
1.1827215e-08
-4.3879823e-09
1.082128e-08
-4.3656892e-09
9.8067118e-09
-4.352015e-09
8.7823507e-09
-4.3467505e-09
7.747069e-09
-4.3496619e-09
6.699816e-09
-4.3605176e-09
5.6395818e-09
-4.3790613e-09
4.565441e-09
-4.4050388e-09
3.4765179e-09
-4.4381725e-09
2.3720296e-09
-4.4781922e-09
1.2512524e-09
-4.5248072e-09
1.1356431e-10
-4.5777369e-09
-1.0415867e-09
-4.6366825e-09
-2.2146434e-09
-4.7013495e-09
-3.4059725e-09
-4.7714106e-09
-4.6158258e-09
-4.8465495e-09
-5.8443941e-09
-4.9264118e-09
-7.0918018e-09
-5.0106404e-09
-8.3581959e-09
-5.0988392e-09
-9.6437751e-09
-5.1905865e-09
-5.2853478e-09
4.7784785e-08
-9.6502338e-09
4.6343791e-08
-9.3448145e-09
4.4935039e-08
-9.0459479e-09
4.3558002e-08
-8.7544921e-09
4.2211641e-08
-8.4695253e-09
4.0895215e-08
-8.1918514e-09
3.9607856e-08
-7.9218393e-09
3.8348649e-08
-7.6597403e-09
3.7116651e-08
-7.4058215e-09
3.5910826e-08
-7.1602708e-09
3.4730111e-08
-6.9233007e-09
3.3573372e-08
-6.6950644e-09
3.2439445e-08
-6.4757425e-09
3.1327105e-08
-6.2654429e-09
3.0235103e-08
-6.0643169e-09
2.9162137e-08
-5.8724404e-09
2.810689e-08
-5.6899055e-09
2.7067998e-08
-5.5167486e-09
2.6044086e-08
-5.3530304e-09
2.503374e-08
-5.1987498e-09
2.4035548e-08
-5.0539305e-09
2.3048064e-08
-4.918535e-09
2.2069852e-08
-4.7925548e-09
2.1099455e-08
-4.6759216e-09
2.0135429e-08
-4.5685974e-09
1.917632e-08
-4.4704842e-09
1.8220697e-08
-4.3815187e-09
1.7267125e-08
-4.3015782e-09
1.6314201e-08
-4.2305752e-09
1.5360526e-08
-4.168363e-09
1.4404742e-08
-4.1148327e-09
1.3445502e-08
-4.0698169e-09
1.2481506e-08
-4.0331849e-09
1.1511476e-08
-4.0047477e-09
1.0534188e-08
-3.9843542e-09
9.5484464e-09
-3.9717952e-09
8.5531188e-09
-3.9668979e-09
7.5471078e-09
-3.969431e-09
6.5293884e-09
-3.9792003e-09
5.4989782e-09
-3.9959546e-09
4.4549747e-09
-4.0194778e-09
3.3965269e-09
-4.0494995e-09
2.3228713e-09
-4.0857885e-09
1.2333058e-09
-4.1280637e-09
1.2722418e-10
-4.1760839e-09
-9.9590773e-10
-4.2295626e-09
-2.1365213e-09
-4.2882463e-09
-3.2949677e-09
-4.3518263e-09
-4.4714941e-09
-4.420031e-09
-5.6662742e-09
-4.4925347e-09
-6.8794117e-09
-4.5690382e-09
-8.1110343e-09
-4.6491713e-09
-9.3613456e-09
-4.7325777e-09
-1.0630532e-08
-4.8187982e-09
-4.9071004e-09
4.6450168e-08
-8.7328384e-09
4.5048909e-08
-8.4574179e-09
4.3679115e-08
-8.1878844e-09
4.234033e-08
-7.925244e-09
4.1031457e-08
-7.6681839e-09
3.9751754e-08
-7.4176533e-09
3.8500407e-08
-7.1740461e-09
3.7276529e-08
-6.9375471e-09
3.6079173e-08
-6.7083952e-09
3.4907339e-08
-6.4867619e-09
3.3759984e-08
-6.2728506e-09
3.2635998e-08
-6.066777e-09
3.1534244e-08
-5.8687449e-09
3.0453523e-08
-5.6788166e-09
2.9392616e-08
-5.497154e-09
2.8350253e-08
-5.3238084e-09
2.7325146e-08
-5.1588859e-09
2.6315962e-08
-5.0024025e-09
2.5321361e-08
-4.8544336e-09
2.4339962e-08
-4.7149618e-09
2.3370386e-08
-4.5840291e-09
2.2411223e-08
-4.4615849e-09
2.1461071e-08
-4.3476424e-09
2.0518509e-08
-4.2421229e-09
1.9582129e-08
-4.1450127e-09
1.8650511e-08
-4.0562058e-09
1.7722261e-08
-3.9756659e-09
1.6795978e-08
-3.9032643e-09
1.5870295e-08
-3.8389423e-09
1.4943848e-08
-3.7825492e-09
1.4015311e-08
-3.7340068e-09
1.3083372e-08
-3.6931452e-09
1.2146764e-08
-3.6598663e-09
1.1204239e-08
-3.63398e-09
1.0254607e-08
-3.6153693e-09
9.2967007e-09
-3.6038259e-09
8.3294172e-09
-3.599212e-09
7.3516873e-09
-3.6012995e-09
6.3625123e-09
-3.6099303e-09
5.3609355e-09
-3.6248583e-09
4.3460777e-09
-3.6459048e-09
3.3171108e-09
-3.6728068e-09
2.2732917e-09
-3.7053711e-09
1.2139376e-09
-3.7433262e-09
1.3845902e-10
-3.7864694e-09
-9.5366287e-10
-3.8345263e-09
-2.0628465e-09
-3.8872844e-09
-3.1894329e-09
-3.9444516e-09
-4.3336564e-09
-4.0058049e-09
-5.4956856e-09
-4.0710395e-09
-6.6756178e-09
-4.1399118e-09
-7.8735587e-09
-4.2120865e-09
-9.0896657e-09
-4.2872692e-09
-1.0324131e-08
-4.3650995e-09
-4.4446036e-09
4.5159487e-08
-7.8411899e-09
4.3796669e-08
-7.5950628e-09
4.2464543e-08
-7.3541706e-09
4.1162742e-08
-7.1196727e-09
3.9890109e-08
-6.8898528e-09
3.8645927e-08
-6.6658383e-09
3.7429369e-08
-6.4479762e-09
3.6239585e-08
-6.2364515e-09
3.5075675e-08
-6.031483e-09
3.3936645e-08
-5.8331872e-09
3.2821477e-08
-5.6417735e-09
3.1729082e-08
-5.4573467e-09
3.0658354e-08
-5.280062e-09
2.9608118e-08
-5.1099968e-09
2.8577184e-08
-4.9473087e-09
2.7564312e-08
-4.7920274e-09
2.6568244e-08
-4.6442683e-09
2.5587681e-08
-4.5040314e-09
2.4621312e-08
-4.3714027e-09
2.3667793e-08
-4.2463529e-09
2.2725775e-08
-4.1289379e-09
2.1793886e-08
-4.0190984e-09
2.0870756e-08
-3.9168647e-09
1.9954999e-08
-3.8221523e-09
1.9045242e-08
-3.7349669e-09
1.8140103e-08
-3.6551995e-09
1.7238218e-08
-3.582835e-09
1.6338224e-08
-3.5177439e-09
1.5438787e-08
-3.4598911e-09
1.4538578e-08
-3.4091265e-09
1.3636303e-08
-3.3653971e-09
1.2730685e-08
-3.3285359e-09
1.1820486e-08
-3.2984712e-09
1.0904494e-08
-3.2750172e-09
9.9815439e-09
-3.2580848e-09
9.0505024e-09
-3.2474722e-09
8.1102919e-09
-3.2430705e-09
7.1598733e-09
-3.2446596e-09
6.198271e-09
-3.2521119e-09
5.2245558e-09
-3.2651917e-09
4.2378689e-09
-3.2837513e-09
3.2374067e-09
-3.3075403e-09
2.2224432e-09
-3.3363976e-09
1.1923167e-09
-3.3700663e-09
1.4645139e-10
-3.4083764e-09
-9.156545e-10
-3.4510705e-09
-1.9944104e-09
-3.4979703e-09
-3.0901436e-09
-3.5488069e-09
-4.2030866e-09
-3.6033948e-09
-5.3333923e-09
-3.6614629e-09
-6.4811488e-09
-3.7228133e-09
-7.6464442e-09
-3.7871395e-09
-8.8294268e-09
-3.854196e-09
-1.0030253e-08
-3.923737e-09
-3.9946324e-09
4.3911344e-08
-6.9742637e-09
4.2585688e-08
-6.7567521e-09
4.128996e-08
-6.5438251e-09
4.0023903e-08
-6.3367787e-09
3.8786267e-08
-6.13353e-09
3.7576341e-08
-5.9353814e-09
3.6393351e-08
-5.7426622e-09
3.5236481e-08
-5.5555278e-09
3.4104826e-08
-5.3741445e-09
3.2997426e-08
-5.1986199e-09
3.1913279e-08
-5.0291742e-09
3.085133e-08
-4.8658362e-09
2.9810488e-08
-4.7087896e-09
2.8789616e-08
-4.558095e-09
2.7787544e-08
-4.4139029e-09
2.6803068e-08
-4.2762327e-09
2.5834956e-08
-4.145199e-09
2.4881943e-08
-4.0207953e-09
2.3942746e-08
-3.9031093e-09
2.301606e-08
-3.7921088e-09
2.2100563e-08
-3.6878542e-09
2.1194921e-08
-3.5902874e-09
2.0297796e-08
-3.4994457e-09
1.9407839e-08
-3.4152483e-09
1.8523707e-08
-3.3377109e-09
1.7644056e-08
-3.2667302e-09
1.6767554e-08
-3.2023035e-09
1.5892876e-08
-3.1443092e-09
1.5018715e-08
-3.092726e-09
1.4143781e-08
-3.0474138e-09
1.326681e-08
-3.0083353e-09
1.2386559e-08
-2.9753348e-09
1.1501819e-08
-2.9483577e-09
1.0611412e-08
-2.9272314e-09
9.714199e-09
-2.9118856e-09
8.809079e-09
-2.9021326e-09
7.8949981e-09
-2.8978839e-09
6.970948e-09
-2.8989355e-09
6.0359741e-09
-2.9051815e-09
5.0891752e-09
-2.9164038e-09
4.1297109e-09
-2.932478e-09
3.1568024e-09
-2.9531733e-09
2.1697393e-09
-2.9783526e-09
1.1678809e-09
-3.0077804e-09
1.5066323e-10
-3.0413118e-09
-8.8239857e-10
-3.0787128e-09
-1.9317058e-09
-3.119832e-09
-2.9975747e-09
-3.1644282e-09
-4.0802311e-09
-3.2123498e-09
-5.1798248e-09
-3.2633556e-09
-6.2964387e-09
-3.3172906e-09
-7.4301452e-09
-3.3738788e-09
-8.581056e-09
-3.4329114e-09
-9.7492845e-09
-3.4942684e-09
-1.0934846e-08
-3.5566883e-09
-3.6197183e-09
4.2704281e-08
-6.1310935e-09
4.1414535e-08
-5.9415118e-09
4.0153959e-08
-5.7558988e-09
3.8922418e-08
-5.575558e-09
3.7718578e-08
-5.3982639e-09
3.6541734e-08
-5.2253684e-09
3.5391132e-08
-5.057168e-09
3.4265989e-08
-4.8938258e-09
3.3165434e-08
-4.735458e-09
3.208852e-08
-4.5821772e-09
3.1034268e-08
-4.4341303e-09
3.000165e-08
-4.291368e-09
2.8989597e-08
-4.1540594e-09
2.7997e-08
-4.0222554e-09
2.7022718e-08
-3.8960956e-09
2.6065577e-08
-3.7755961e-09
2.5124372e-08
-3.6608642e-09
2.4197874e-08
-3.5518935e-09
2.3284828e-08
-3.4487667e-09
2.2383962e-08
-3.3514556e-09
2.1493987e-08
-3.2600189e-09
2.0613605e-08
-3.1744053e-09
1.9741505e-08
-3.0946532e-09
1.8876379e-08
-3.0206916e-09
1.8016912e-08
-2.9525395e-09
1.7161798e-08
-2.8901061e-09
1.6309735e-08
-2.8333937e-09
1.5459435e-08
-2.7822951e-09
1.4609621e-08
-2.7367962e-09
1.3759038e-08
-2.696773e-09
1.2906451e-08
-2.662197e-09
1.2050652e-08
-2.6329299e-09
1.119046e-08
-2.6089277e-09
1.0324729e-08
-2.5900368e-09
9.4523457e-09
-2.5761987e-09
8.572241e-09
-2.567246e-09
7.6833848e-09
-2.5631041e-09
6.7847971e-09
-2.5635905e-09
5.875545e-09
-2.5686144e-09
4.954753e-09
-2.5779809e-09
4.0215998e-09
-2.5915827e-09
3.0753291e-09
-2.6092135e-09
2.1152464e-09
-2.6307545e-09
1.14073e-09
-2.6559962e-09
1.5122839e-10
-2.6848131e-09
-8.5372863e-10
-2.7169987e-09
-1.8745347e-09
-2.7524232e-09
-2.9114952e-09
-2.7908771e-09
-3.9648362e-09
-2.8322326e-09
-5.0346951e-09
-2.8762905e-09
-6.1211542e-09
-2.9229228e-09
-7.2242729e-09
-2.9718835e-09
-8.3441457e-09
-3.0229927e-09
-9.4808511e-09
-3.0762395e-09
-1.0634422e-08
-3.1302929e-09
-3.1846515e-09
4.1537047e-08
-5.3108193e-09
4.0282091e-08
-5.148506e-09
3.9055535e-08
-4.9895762e-09
3.7857412e-08
-4.8351603e-09
3.6686248e-08
-4.6831908e-09
3.5541366e-08
-4.5349306e-09
3.4422066e-08
-4.3906772e-09
3.3327588e-08
-4.2505679e-09
3.2257063e-08
-4.114652e-09
3.1209581e-08
-3.9830303e-09
3.018418e-08
-3.8558537e-09
2.9179859e-08
-3.7331592e-09
2.8195571e-08
-3.6150969e-09
2.7230241e-08
-3.5017124e-09
2.628275e-08
-3.3931329e-09
2.5351957e-08
-3.2893735e-09
2.4436686e-08
-3.1905322e-09
2.3535737e-08
-3.0966046e-09
2.2647889e-08
-3.007667e-09
2.17719e-08
-2.9236963e-09
2.0906515e-08
-2.844748e-09
2.0050467e-08
-2.7707794e-09
1.9202481e-08
-2.7018282e-09
1.8361278e-08
-2.6378343e-09
1.752558e-08
-2.5788186e-09
1.6694113e-08
-2.5247037e-09
1.5865606e-08
-2.4754959e-09
1.5038806e-08
-2.4311028e-09
1.4212467e-08
-2.3915165e-09
1.3385368e-08
-2.3566296e-09
1.2556303e-08
-2.3264211e-09
1.1724096e-08
-2.3007708e-09
1.0887595e-08
-2.2796438e-09
1.0045684e-08
-2.2629062e-09
9.1972776e-09
-2.25051e-09
8.3413344e-09
-2.2423086e-09
7.4768496e-09
-2.2382394e-09
6.602869e-09
-2.2381425e-09
5.7184826e-09
-2.2419408e-09
4.8228377e-09
-2.2494625e-09
3.9151333e-09
-2.2606162e-09
2.9946328e-09
-2.2752203e-09
2.0606588e-09
-2.2931733e-09
1.1126056e-09
-2.3142915e-09
1.4993491e-10
-2.3384676e-09
-8.2781164e-10
-2.3655225e-09
-1.8210186e-09
-2.3953465e-09
-2.8299858e-09
-2.4277598e-09
-3.8549324e-09
-2.462661e-09
-4.8959992e-09
-2.4998811e-09
-5.9532658e-09
-2.5393226e-09
-7.0267847e-09
-2.5807645e-09
-8.1166099e-09
-2.6240661e-09
-9.2228038e-09
-2.6692845e-09
-1.0345381e-08
-2.7150808e-09
-2.7609437e-09
4.6896808e-08
-4.3845123e-09
4.5479473e-08
-4.2531151e-09
4.4094155e-08
-4.1244326e-09
4.2741234e-08
-3.9991232e-09
4.1418722e-08
-3.8759251e-09
4.0125932e-08
-3.7556218e-09
3.8862059e-08
-3.6384503e-09
3.7626259e-08
-3.5245975e-09
3.6417545e-08
-3.4140799e-09
3.5234886e-08
-3.3069754e-09
3.4077189e-08
-3.2034166e-09
3.2943325e-08
-3.1034329e-09
3.1832109e-08
-3.0071514e-09
3.0742329e-08
-2.9146147e-09
2.9672718e-08
-2.8259304e-09
2.8621986e-08
-2.741117e-09
2.7588799e-08
-2.6602565e-09
2.6571807e-08
-2.5833519e-09
2.5569619e-08
-2.5104669e-09
2.4580839e-08
-2.4415899e-09
2.3604039e-08
-2.3767671e-09
2.2637793e-08
-2.3159711e-09
2.1680652e-08
-2.2592331e-09
2.0731177e-08
-2.2065115e-09
1.9787914e-08
-2.1578231e-09
1.8849428e-08
-2.1131117e-09
1.7914279e-08
-2.0723818e-09
1.6981051e-08
-2.0355648e-09
1.6048333e-08
-2.0026523e-09
1.5114745e-08
-1.9735629e-09
1.4178921e-08
-1.9482772e-09
1.3239535e-08
-1.9267023e-09
1.2295279e-08
-1.9088067e-09
1.1344894e-08
-1.8944855e-09
1.0387151e-08
-1.8836956e-09
9.4208731e-09
-1.8763212e-09
8.444921e-09
-1.8723059e-09
7.4582183e-09
-1.8715223e-09
6.4597323e-09
-1.8739015e-09
5.4485015e-09
-1.8793055e-09
4.423616e-09
-1.8876532e-09
3.3842455e-09
-1.8987983e-09
2.3296199e-09
-1.9126513e-09
1.2590567e-09
-1.9290648e-09
1.7194317e-10
-1.9479454e-09
-9.3223713e-10
-1.9691512e-09
-2.0539238e-09
-1.9925885e-09
-3.1934543e-09
-2.0181175e-09
-4.3510873e-09
-2.045653e-09
-5.5269792e-09
-2.0750725e-09
-6.7212211e-09
-2.1063031e-09
-7.9338648e-09
-2.1391505e-09
-9.164944e-09
-2.17352e-09
-1.041455e-08
-2.2094734e-09
-1.1682605e-08
-2.245817e-09
-2.282024e-09
4.688591e-08
-3.4581332e-09
4.5468423e-08
-3.3577537e-09
4.408291e-08
-3.2595049e-09
4.2729997e-08
-3.1629356e-09
4.1407487e-08
-3.0686641e-09
4.0114721e-08
-2.9764083e-09
3.8850933e-08
-2.8864166e-09
3.7615244e-08
-2.7989111e-09
3.6406671e-08
-2.7138492e-09
3.5224187e-08
-2.6313188e-09
3.4066692e-08
-2.5514281e-09
3.2933056e-08
-2.4742055e-09
3.1822095e-08
-2.3997513e-09
3.0732592e-08
-2.3281079e-09
2.966328e-08
-2.2593614e-09
2.8612867e-08
-2.1935345e-09
2.7580016e-08
-2.1306923e-09
2.6563374e-08
-2.0708461e-09
2.5561551e-08
-2.0140462e-09
2.4573146e-08
-1.9602929e-09
2.359673e-08
-1.9096228e-09
2.2630876e-08
-1.8620239e-09
2.1674131e-08
-1.8175209e-09
2.0725055e-08
-1.7760906e-09
1.9782193e-08
-1.7377459e-09
1.8844106e-08
-1.7024519e-09
1.7909354e-08
-1.670211e-09
1.6976517e-08
-1.6409783e-09
1.6044183e-08
-1.6147454e-09
1.5110971e-08
-1.5914567e-09
1.4175512e-08
-1.5710941e-09
1.3236478e-08
-1.5535925e-09
1.2292559e-08
-1.5389233e-09
1.1342496e-08
-1.5270111e-09
1.0385056e-08
-1.5178172e-09
9.4190609e-09
-1.5112567e-09
8.4433696e-09
-1.5072796e-09
7.4569042e-09
-1.5057908e-09
6.4586299e-09
-1.5067295e-09
5.4475836e-09
-1.5099916e-09
4.4228536e-09
-1.5155061e-09
3.3836081e-09
-1.523162e-09
2.329075e-09
-1.532882e-09
1.2585703e-09
-1.5445546e-09
1.7147917e-10
-1.5581004e-09
-9.32717e-10
-1.5734143e-09
-2.05446e-09
-1.5904184e-09
-3.1940919e-09
-1.6090105e-09
-4.3518726e-09
-1.6291241e-09
-5.5279652e-09
-1.6506755e-09
-6.7224753e-09
-1.6736038e-09
-7.935421e-09
-1.697779e-09
-9.1668204e-09
-1.7231212e-09
-1.041677e-08
-1.7496395e-09
-1.1685109e-08
-1.7764023e-09
-1.2971398e-08
-1.8028482e-09
-1.8284529e-09
4.687866e-08
-2.531452e-09
4.546094e-08
-2.462125e-09
4.4075272e-08
-2.3942045e-09
4.2722181e-08
-2.3267998e-09
4.1399597e-08
-2.2613721e-09
4.0106767e-08
-2.1971841e-09
3.8842948e-08
-2.134424e-09
3.7607264e-08
-2.0732998e-09
3.6398726e-08
-2.0137396e-09
3.52163e-08
-1.9558294e-09
3.4058885e-08
-1.8996517e-09
3.2925352e-08
-1.8452357e-09
3.1814514e-08
-1.7926529e-09
3.0725155e-08
-1.7419464e-09
2.9656003e-08
-1.6931786e-09
2.8605768e-08
-1.6463778e-09
2.7573109e-08
-1.601591e-09
2.6556671e-08
-1.5588386e-09
2.5555063e-08
-1.5181568e-09
2.4566883e-08
-1.4795584e-09
2.35907e-08
-1.4430695e-09
2.2625084e-08
-1.4086946e-09
2.1668583e-08
-1.3764507e-09
2.0719752e-08
-1.3463344e-09
1.9777137e-08
-1.3183531e-09
1.8839298e-08
-1.2924947e-09
1.790479e-08
-1.2687585e-09
1.6972195e-08
-1.2471243e-09
1.6040097e-08
-1.2275824e-09
1.5107115e-08
-1.2101044e-09
1.4171878e-08
-1.1946723e-09
1.3233056e-08
-1.1812499e-09
1.2289338e-08
-1.1698105e-09
1.1339464e-08
-1.1603091e-09
1.0382198e-08
-1.1527104e-09
9.4163615e-09
-1.1469615e-09
8.440812e-09
-1.1430177e-09
7.4544704e-09
-1.1408171e-09
6.4562998e-09
-1.140306e-09
5.4453364e-09
-1.1414152e-09
4.4206666e-09
-1.1440829e-09
3.3814577e-09
-1.1482342e-09
2.3269359e-09
-1.153803e-09
1.2564162e-09
-1.1607147e-09
1.6928194e-10
-1.1689027e-09
-9.3498671e-10
-1.1782994e-09
-2.0568345e-09
-1.1888413e-09
-3.1966047e-09
-1.2004648e-09
-4.3545625e-09
-1.2131178e-09
-5.5308757e-09
-1.2267535e-09
-6.7256391e-09
-1.2413342e-09
-7.9388851e-09
-1.2567624e-09
-9.1705925e-09
-1.2730024e-09
-1.042086e-08
-1.2899601e-09
-1.1689464e-08
-1.3070203e-09
-1.2976038e-08
-1.3235648e-09
-1.3389838e-09
4.6874907e-08
-1.6043542e-09
4.5457011e-08
-1.5660694e-09
4.4071274e-08
-1.5284291e-09
4.2717988e-08
-1.4905053e-09
4.1395308e-08
-1.4538703e-09
4.0102421e-08
-1.4177676e-09
3.8838588e-08
-1.382291e-09
3.7602893e-08
-1.3475595e-09
3.6394361e-08
-1.3135349e-09
3.5211957e-08
-1.280283e-09
3.4054579e-08
-1.2478588e-09
3.2921099e-08
-1.2162901e-09
3.1810326e-08
-1.1856164e-09
3.0721045e-08
-1.1558867e-09
2.9651983e-08
-1.127133e-09
2.8601848e-08
-1.0993952e-09
2.7569296e-08
-1.0726963e-09
2.6552977e-08
-1.0470709e-09
2.5551491e-08
-1.0225349e-09
2.456344e-08
-9.9912141e-10
2.3587389e-08
-9.7683858e-10
2.262191e-08
-9.5571473e-10
2.1665546e-08
-9.3575187e-10
2.0716856e-08
-9.1697345e-10
1.9774379e-08
-8.993746e-10
1.8836679e-08
-8.8297301e-10
1.7902305e-08
-8.6775753e-10
1.6969844e-08
-8.5374016e-10
1.6037873e-08
-8.4090279e-10
1.5105014e-08
-8.2925104e-10
1.4169892e-08
-8.1876038e-10
1.323118e-08
-8.0943018e-10
1.2287561e-08
-8.0122871e-10
1.1337778e-08
-7.9414837e-10
1.0380591e-08
-7.8815061e-10
9.4148246e-09
-7.8322097e-10
8.4393306e-09
-7.793133e-10
7.4530329e-09
-7.7640597e-10
6.4548905e-09
-7.7444532e-10
5.4439419e-09
-7.7340377e-10
4.4192695e-09
-7.7322212e-10
3.3800428e-09
-7.7386806e-10
2.3254842e-09
-7.7528028e-10
1.2549108e-09
-7.774273e-10
1.6770184e-10
-7.802489e-10
-9.366608e-10
-7.8372099e-10
-2.0586263e-09
-7.8778811e-10
-3.1985378e-09
-7.9242978e-10
-4.3566652e-09
-7.9760219e-10
-5.5331736e-09
-8.0330152e-10
-6.728178e-09
-8.0948634e-10
-7.9416699e-09
-8.1614378e-10
-9.1736245e-09
-8.2323919e-10
-1.0424144e-08
-8.3053719e-10
-1.1692935e-08
-8.3780879e-10
-1.2979661e-08
-8.4433071e-10
-8.4946539e-10
4.6874277e-08
4.5456341e-08
4.4070617e-08
4.271722e-08
4.1394506e-08
4.0101615e-08
3.8837788e-08
3.7602105e-08
3.6393597e-08
3.5211219e-08
3.4053873e-08
3.2920427e-08
3.1809694e-08
3.0720457e-08
2.9651445e-08
2.860136e-08
2.7568864e-08
2.6552599e-08
2.5551173e-08
2.456318e-08
2.358719e-08
2.2621769e-08
2.1665465e-08
2.071683e-08
1.977441e-08
1.8836761e-08
1.7902439e-08
1.6970021e-08
1.6038095e-08
1.5105272e-08
1.4170184e-08
1.3231496e-08
1.22879e-08
1.133813e-08
1.0380952e-08
9.4151834e-09
8.4396834e-09
7.4533682e-09
6.4552032e-09
5.4442197e-09
4.4195068e-09
3.3802268e-09
2.3256085e-09
1.2549618e-09
1.6767248e-10
-9.3678552e-10
-2.0588558e-09
-3.1988891e-09
-4.3571504e-09
-5.5338152e-09
-6.72898e-09
-7.9426569e-09
-9.1747979e-09
-1.0425456e-08
-1.1694332e-08
-1.298108e-08
)
;

boundaryField
{
    inletLow
    {
        type            calculated;
        value           nonuniform List<scalar> 0();
    }
    inletJet
    {
        type            calculated;
        value           nonuniform List<scalar> 0();
    }
    inletHigh
    {
        type            calculated;
        value           nonuniform List<scalar> 0();
    }
    outlet
    {
        type            calculated;
        value           nonuniform List<scalar> 0();
    }
    upperWall
    {
        type            calculated;
        value           nonuniform List<scalar> 0();
    }
    lowerWall
    {
        type            calculated;
        value           nonuniform List<scalar> 
44
(
-2.288857e-07
-2.3243936e-07
-2.358855e-07
-2.3922092e-07
-2.4244212e-07
-2.4554515e-07
-2.4852541e-07
-2.5137797e-07
-2.540976e-07
-2.5667894e-07
-2.5911654e-07
-2.6140501e-07
-2.6353906e-07
-2.6551365e-07
-2.6732401e-07
-2.6896572e-07
-2.7043472e-07
-2.7172735e-07
-2.7284025e-07
-2.7377037e-07
-2.7451487e-07
-2.7507107e-07
-2.7543643e-07
-2.756085e-07
-2.7558499e-07
-2.7536374e-07
-2.7494286e-07
-2.7432076e-07
-2.734963e-07
-2.7246879e-07
-2.7123813e-07
-2.6980476e-07
-2.6816969e-07
-2.6633444e-07
-2.6430094e-07
-2.620714e-07
-2.5964825e-07
-2.5703396e-07
-2.5423094e-07
-2.512414e-07
-2.4806719e-07
-2.4470962e-07
-2.4116939e-07
-2.3744647e-07
)
;
    }
    frontAndBack
    {
        type            empty;
        value           nonuniform List<scalar> 0();
    }
    procBoundary5to0
    {
        type            processor;
        value           nonuniform List<scalar> 
52
(
-6.3799676e-10
-6.2981445e-10
-6.2149107e-10
-6.130275e-10
-6.0445548e-10
-5.9580978e-10
-5.8711311e-10
-5.7837928e-10
-5.6965242e-10
-5.6094208e-10
-5.5229117e-10
-5.437063e-10
-5.3522994e-10
-5.2686644e-10
-5.1865795e-10
-5.106061e-10
-5.027514e-10
-4.9509273e-10
-4.8766852e-10
-4.8047378e-10
-4.7354356e-10
-4.6686904e-10
-4.6048159e-10
-4.5436767e-10
-4.4855394e-10
-4.4302236e-10
-4.3779479e-10
-4.3284795e-10
-4.2819799e-10
-4.2381665e-10
-4.1971442e-10
-4.1585752e-10
-4.1225048e-10
-4.0885374e-10
-4.0566735e-10
-4.026489e-10
-3.9979427e-10
-3.9706128e-10
-3.9444717e-10
-3.9191252e-10
-3.8946188e-10
-3.8706166e-10
-3.8472069e-10
-3.8241632e-10
-3.8016995e-10
-3.7796217e-10
-3.7582055e-10
-3.7373667e-10
-3.7135646e-10
-3.6876809e-10
-3.6516864e-10
-3.5998313e-10
)
;
    }
    procBoundary5to2
    {
        type            processor;
        value           nonuniform List<scalar> 5(-6.7672946e-10 -6.6949087e-10 -6.6208704e-10 -6.5385011e-10 -6.4599861e-10);
    }
    procBoundary5to4
    {
        type            processor;
        value           nonuniform List<scalar> 
69
(
1.8822546e-09
2.7010404e-09
2.0423471e-09
2.1047609e-10
-2.4611121e-09
-5.640674e-09
-9.0279711e-09
-1.2363091e-08
-1.5436359e-08
-1.8098034e-08
-2.0263974e-08
-2.1914865e-08
-2.3068259e-08
-2.3808966e-08
-2.4201202e-08
-2.4328215e-08
-2.426112e-08
-2.405679e-08
-2.3758623e-08
-2.339807e-08
-2.2997052e-08
-2.2570403e-08
-2.2127911e-08
-2.1675893e-08
-2.1218445e-08
-2.075815e-08
-2.0296747e-08
-1.9835387e-08
-1.9374903e-08
-1.8916039e-08
2.1574706e-08
-2.0869017e-08
-2.0356275e-08
-1.984777e-08
-1.9344111e-08
-1.884578e-08
-1.8353377e-08
-1.7867396e-08
-1.7388407e-08
-1.6916887e-08
-1.645334e-08
-1.5998202e-08
-1.5551889e-08
-1.5114751e-08
-1.4687073e-08
-1.4269078e-08
-1.3860892e-08
-1.3462585e-08
-1.307412e-08
-1.269546e-08
-1.2326493e-08
-1.1967221e-08
-1.1617639e-08
-1.127802e-08
-1.0948734e-08
5.3825737e-09
-1.1918664e-08
-1.1577008e-08
-1.1248925e-08
4.0664895e-09
-1.2137177e-08
-1.1804321e-08
-1.1483856e-08
-1.296861e-08
2.3176774e-09
-1.4274793e-08
-1.4279724e-08
-1.42835e-08
-1.4284923e-08
)
;
    }
    procBoundary5to6
    {
        type            processor;
        value           nonuniform List<scalar> 
74
(
-1.0368909e-08
-3.2206765e-08
-5.1560272e-08
-6.7731143e-08
-8.0606581e-08
-9.037459e-08
-9.7414468e-08
-1.0218564e-07
4.2069777e-10
-1.0514639e-07
-2.0215423e-09
-1.125767e-07
-1.1319298e-07
-1.1300668e-07
-1.1224422e-07
-1.1107604e-07
-1.0962684e-07
-1.079849e-07
-1.0621092e-07
-1.0434586e-07
5.5940924e-08
-1.0542475e-07
-1.0341707e-07
-1.0137294e-07
-9.9301545e-08
5.179788e-08
-1.0010726e-07
-9.7957646e-08
-9.579716e-08
-9.3631029e-08
4.5872501e-08
-9.4216174e-08
-9.2001621e-08
-8.9793859e-08
-8.7597168e-08
-8.5415709e-08
-8.3253195e-08
-8.1113297e-08
-7.8999137e-08
-7.6913822e-08
-7.4859913e-08
-7.2839915e-08
-7.0855876e-08
-6.890971e-08
-6.7002949e-08
-6.5136941e-08
2.359757e-08
2.2856964e-08
-6.3312749e-08
2.2133142e-08
-6.7433344e-08
2.3016327e-08
-6.7535151e-08
-6.5633587e-08
-6.3779557e-08
-6.1973354e-08
-6.021522e-08
-5.8505296e-08
-5.6843692e-08
-5.5230461e-08
-5.3665585e-08
-5.2148915e-08
-5.0680118e-08
-4.9258592e-08
-4.788346e-08
-4.6553541e-08
-4.5267465e-08
-4.4023712e-08
-4.2820922e-08
-4.8346857e-08
-4.8336155e-08
-4.832918e-08
-4.8325624e-08
-4.8325069e-08
)
;
    }
}


// ************************************************************************* //
