/*--------------------------------*- C++ -*----------------------------------*\
| =========                 |                                                 |
| \\      /  F ield         | OpenFOAM: The Open Source CFD Toolbox           |
|  \\    /   O peration     | Version:  2312                                  |
|   \\  /    A nd           | Website:  www.openfoam.com                      |
|    \\/     M anipulation  |                                                 |
\*---------------------------------------------------------------------------*/
FoamFile
{
    version     2.0;
    format      ascii;
    arch        "LSB;label=32;scalar=64";
    class       volScalarField;
    location    "0.03";
    object      Ma;
}
// * * * * * * * * * * * * * * * * * * * * * * * * * * * * * * * * * * * * * //

dimensions      [0 0 0 0 0 0 0];

internalField   nonuniform List<scalar> 
3250
(
0.0069282119
0.0067947419
0.0066627857
0.006532293
0.0064032431
0.0062755816
0.0061492728
0.006024287
0.005900601
0.0057781983
0.005657067
0.0055372
0.0054185944
0.0053012513
0.0051851754
0.0050703743
0.0049568589
0.0048446423
0.0047337403
0.0046241695
0.0045159476
0.0044090887
0.0043036001
0.0041994457
0.0040966249
0.0039939676
0.0038940602
0.0037969897
0.0036999826
0.0036044486
0.003510364
0.0034179003
0.0033269199
0.0032374953
0.0031496159
0.0030632744
0.0029784777
0.0028952322
0.0028135409
0.002733403
0.0026548133
0.0025777623
0.0025022375
0.0024282224
0.0023556993
0.0022846551
0.0022150563
0.0021469135
0.002080215
0.0069268117
0.0067934332
0.0066615611
0.0065311514
0.0064021791
0.0062745918
0.0061483537
0.0060234354
0.005899814
0.005777473
0.0056564008
0.0055365903
0.005418039
0.005300748
0.0051847221
0.005069969
0.0049564997
0.0048443275
0.0047334683
0.0046239386
0.0045157563
0.0044089349
0.0043034813
0.0041993576
0.0040965652
0.0039939222
0.0038940395
0.0037970138
0.0037000405
0.0036045348
0.0035104744
0.0034180323
0.0033270719
0.0032376658
0.0031498038
0.0030634787
0.0029786974
0.0028954661
0.0028137879
0.0027336621
0.0026550833
0.0025780424
0.0025025268
0.0024285209
0.0023560051
0.0022849669
0.0022153751
0.0021472361
0.0020805404
0.0069242823
0.0067910783
0.0066593727
0.0065291217
0.0064002998
0.0062728552
0.0061467527
0.0060219634
0.0058984648
0.0057762408
0.0056552801
0.0055355761
0.0054171264
0.0052999323
0.005183999
0.0050693344
0.0049559497
0.0048438582
0.0047330761
0.00462362
0.0045155079
0.004408753
0.0043033619
0.0041992957
0.0040965573
0.0039939564
0.0038941217
0.0037971554
0.0037002319
0.0036047706
0.0035107502
0.0034183454
0.0033274188
0.0032380436
0.0031502098
0.0030639106
0.0029791531
0.0028959435
0.0028142851
0.0027341768
0.0026556136
0.0025785865
0.0025030831
0.0024290878
0.0023565816
0.0022855505
0.0022159643
0.0021478291
0.0020811355
0.0069209487
0.0067880004
0.0066565313
0.006526508
0.0063978994
0.0062706567
0.0061447453
0.0060201371
0.0058968101
0.0057747489
0.0056539429
0.0055343857
0.0054160756
0.0052990142
0.005183207
0.0050686622
0.0049553914
0.0048434081
0.0047327287
0.00462337
0.0045153501
0.0044086827
0.0043033741
0.0041993852
0.0040967228
0.0039941872
0.0038944153
0.0037975151
0.0037006479
0.0036052398
0.003511269
0.0034189117
0.0033280279
0.0032386912
0.0031508917
0.0030646234
0.0029798937
0.0028967091
0.0028150726
0.0027349835
0.0026564367
0.0025794234
0.0025039316
0.0024299461
0.0023574473
0.0022864215
0.0022168373
0.0021487025
0.0020820077
0.0069174107
0.0067847775
0.0066536023
0.0065238572
0.0063955092
0.0062685112
0.0061428298
0.0060184378
0.0058953144
0.0057734451
0.0056528197
0.0055334329
0.0054152835
0.0052983736
0.0051827093
0.0050682992
0.0049551551
0.0048432911
0.0047327236
0.0046234701
0.0045155491
0.0044089745
0.0043037544
0.0041998504
0.0040972778
0.003994828
0.0038951217
0.0037982702
0.003701447
0.0036060862
0.0035121625
0.0034198522
0.0033290103
0.0032397101
0.0031519415
0.0030656998
0.0029809929
0.0028978276
0.0028162072
0.0027361308
0.0026575936
0.0025805869
0.002505099
0.0024311151
0.0023586159
0.0022875872
0.0022179952
0.0021498515
0.0020831483
0.0069140385
0.0067817656
0.0066509211
0.0065214901
0.0063934335
0.0062667079
0.006141281
0.0060171272
0.0058942264
0.0057725652
0.0056521346
0.00553293
0.005414951
0.0052982005
0.0051826852
0.0050684141
0.0049553998
0.0048436565
0.0047332014
0.0046240522
0.0045162284
0.004409745
0.0043046113
0.0042007899
0.0040983044
0.0039959344
0.0038962895
0.0037994788
0.0037026882
0.0036073634
0.0035134758
0.0034212025
0.0033303928
0.0032411194
0.0031533717
0.0030671462
0.0029824515
0.0028992947
0.002817679
0.0027376039
0.0026590645
0.0025820526
0.0025065567
0.0024325626
0.0023600511
0.002289008
0.0022193951
0.0021512311
0.0020845073
0.0069097608
0.0067779276
0.0066474945
0.0065184528
0.0063907609
0.0062643776
0.0061392721
0.00601542
0.0058928028
0.0057714081
0.0056512278
0.0055322583
0.0054145
0.0052979565
0.0051826352
0.0050685458
0.0049557013
0.0048441164
0.0047338088
0.0046247967
0.0045171
0.0044107344
0.0043057103
0.0042019917
0.0040996067
0.0039973339
0.0038977689
0.0038010142
0.0037042777
0.0036090023
0.0035151624
0.0034229351
0.0033321637
0.0032429214
0.0031551972
0.0030689894
0.0029843071
0.0029011579
0.0028195452
0.0027394686
0.0026609234
0.0025839016
0.0025083923
0.0024343816
0.0023618507
0.0022907857
0.0022211432
0.0021529498
0.0020861988
0.0069045087
0.0067732261
0.0066433082
0.006514757
0.0063875245
0.0062615735
0.0061368746
0.0060134051
0.0058911477
0.0057700916
0.0056502295
0.0055315591
0.0054140817
0.0052978018
0.0051827275
0.0050688693
0.0049562407
0.0048448574
0.0047347372
0.0046258992
0.0045183635
0.0044121464
0.0043072586
0.0042036645
0.0041013903
0.0039992194
0.0038997514
0.0038030822
0.0037064239
0.0036112104
0.0035174261
0.0034252497
0.003334519
0.0032453086
0.0031576075
0.0030714156
0.0029867427
0.0029035967
0.0028219813
0.0027418963
0.0026633373
0.0025862968
0.0025107641
0.002436726
0.0023641643
0.0022930656
0.0022233797
0.0021551448
0.0020883519
0.0068988129
0.0067681686
0.0066388598
0.0065108822
0.0063841882
0.0062587433
0.00613452
0.0060114972
0.0058896594
0.0057689971
0.0056495046
0.0055311806
0.0054140277
0.0052980514
0.0051832607
0.005069667
0.0049572847
0.0048461301
0.0047362218
0.0046275795
0.0045202237
0.0044141716
0.0043094339
0.0042059764
0.0041038181
0.0040017573
0.0039023924
0.0038058112
0.0037092359
0.0036140826
0.0035203517
0.0034282229
0.0033375278
0.0032483427
0.0031606569
0.0030744719
0.0029897983
0.0029066445
0.0028250146
0.0027449084
0.002666322
0.0025892483
0.002513677
0.0024395958
0.0023669873
0.0022958389
0.0022260917
0.0021577984
0.0020909484
0.0068928064
0.0067628937
0.0066342795
0.0065069557
0.0063808743
0.0062560041
0.0061323196
0.0060098022
0.0058884381
0.0057682196
0.0056491425
0.0055312071
0.005414417
0.0052987792
0.0051843037
0.005071003
0.0049588923
0.004847989
0.0047383123
0.0046298829
0.0045227219
0.0044168472
0.0043122701
0.0042089588
0.0041069233
0.0040049804
0.0039057215
0.0038092266
0.0037127324
0.0036176344
0.0035239524
0.0034318674
0.0033412018
0.0032520346
0.0031643553
0.0030781674
0.0029934824
0.0029103091
0.0028286521
0.0027485114
0.0026698837
0.0025927622
0.0025171372
0.002442997
0.0023703251
0.0022991097
0.0022292863
0.0021609211
0.0020939904
0.0068864459
0.0067573564
0.0066295246
0.006502933
0.0063775377
0.0062533102
0.0061302279
0.0060082742
0.0058874377
0.0057677125
0.0056490965
0.0055315914
0.0054152025
0.0052999381
0.0051858095
0.0050728304
0.0049610171
0.004850388
0.0047409633
0.0046327644
0.0045258134
0.0044201292
0.0043157241
0.0042125697
0.0041106654
0.0040088549
0.0039097072
0.0038132923
0.0037168778
0.0036218316
0.0035281962
0.0034361534
0.0033455135
0.0032563587
0.003168679
0.0030824802
0.0029977748
0.0029145724
0.0028328776
0.0027526913
0.0026740102
0.0025968282
0.0025211363
0.0024469232
0.0023741731
0.0023028734
0.0022329664
0.0021645156
0.002097481
0.0068795479
0.0067513788
0.0066244187
0.0064986435
0.0063740122
0.0062505001
0.006128087
0.0060067595
0.0058865085
0.0057673305
0.0056492251
0.0055321964
0.005416251
0.0053013991
0.0051876532
0.0050750285
0.0049635424
0.0048532145
0.004744066
0.0046361195
0.0045293977
0.0044239211
0.0043197033
0.0042167203
0.0041149608
0.0040133022
0.0039142745
0.003817937
0.0037216037
0.0036266091
0.003533022
0.0034410246
0.0033504104
0.0032612661
0.0031735826
0.0030873683
0.0030026371
0.0029193992
0.0028376596
0.0027574195
0.0026786763
0.0026014243
0.0025256553
0.0024513584
0.0023785185
0.0023071224
0.0022371238
0.0021685719
0.0021014173
0.0068718638
0.0067447204
0.0066187298
0.0064938604
0.0063700775
0.0062473591
0.006125689
0.0060050563
0.005885455
0.0057668839
0.0056493451
0.0055328445
0.0054173911
0.0053029964
0.0051896747
0.0050774428
0.0049663194
0.0048563253
0.0047474829
0.0046398158
0.004533348
0.0044281013
0.0043240913
0.0042213
0.0041197044
0.0040182196
0.0039193257
0.0038230701
0.0037268239
0.0036318846
0.0035383516
0.0034464078
0.0033558234
0.0032666916
0.0031790048
0.0030927745
0.003008016
0.0029247399
0.002842952
0.0027626537
0.002683843
0.0026065149
0.0025306618
0.0024562735
0.0023833358
0.0023118354
0.0022417354
0.0021730691
0.0021057888
0.0068631244
0.0067371212
0.0066122032
0.0064883377
0.0063654947
0.0062436564
0.0061228096
0.0060029474
0.0058840667
0.0057661691
0.0056492592
0.0055333453
0.0054184384
0.0053045522
0.0051917026
0.0050799081
0.0049691888
0.004859567
0.0047510663
0.0046437116
0.0045375279
0.0044325388
0.0043287625
0.0042261881
0.004124782
0.0040234975
0.0039247551
0.0038285932
0.0037324432
0.0036375665
0.0035440984
0.0034522216
0.0033616752
0.0032725618
0.003184876
0.003098633
0.0030138493
0.0029305362
0.0028487
0.0027683425
0.0026894623
0.0026120552
0.0025361142
0.00246163
0.0023885892
0.0023169792
0.002246769
0.0021779821
0.0021105679
0.0068530673
0.0067283274
0.0066045933
0.0064818364
0.0063600322
0.0062391666
0.0061192311
0.0060002218
0.0058821394
0.0057649884
0.0056487763
0.0055335139
0.0054192146
0.005305894
0.0051935703
0.0050822636
0.0049719957
0.0048627903
0.0047546724
0.0046476681
0.004541804
0.0044371053
0.0043335933
0.0042312659
0.0041300836
0.0040290244
0.003930452
0.0038344093
0.0037383658
0.0036435623
0.0035501736
0.0034583823
0.0033678854
0.0032787993
0.0031911223
0.0031048733
0.00302007
0.0029367244
0.002854843
0.0027744283
0.0026954796
0.0026179934
0.0025419635
0.0024673814
0.002394235
0.0023225122
0.0022521862
0.0021832719
0.0021157225
0.0068414565
0.0067181047
0.0065956734
0.0064741371
0.0063534771
0.0062336839
0.0061147533
0.0059966857
0.0058794853
0.0057631599
0.0056477203
0.00553318
0.0054195546
0.0053068625
0.0051951237
0.0050843603
0.004974596
0.004865856
0.0047581668
0.0046515559
0.0045460512
0.00444168
0.0043384668
0.0042364209
0.0041355099
0.0040346841
0.0039363094
0.0038404326
0.0037444999
0.0036497822
0.0035564919
0.0034648089
0.0033743754
0.0032853285
0.003197671
0.0031114256
0.0030266113
0.0029432403
0.0028613197
0.0027808526
0.0027018389
0.0026242759
0.0025481586
0.0024734791
0.0024002266
0.0023283896
0.0022579442
0.0021889013
0.0021212118
0.0068280765
0.0067062463
0.0065852423
0.0064650442
0.0063456396
0.0062270239
0.0061091977
0.0059921659
0.0058759367
0.0057605214
0.005645934
0.005532191
0.0054193111
0.0053073147
0.0051962245
0.0050860645
0.0049768604
0.004868639
0.0047614286
0.004655258
0.0045501566
0.0044461534
0.0043432766
0.004241548
0.0041409528
0.0040403773
0.0039422573
0.0038465694
0.003750758
0.0036561427
0.0035629736
0.0034714253
0.003381071
0.0032920769
0.0032044523
0.0031182229
0.0030334087
0.0029500222
0.0028680706
0.002787558
0.0027084849
0.0026308498
0.0025546484
0.002479874
0.0024065168
0.0023345663
0.0022640001
0.0021948264
0.002126998
0.0068127397
0.0066925683
0.0065731215
0.0064543848
0.006336352
0.0062190239
0.0061024064
0.0059865092
0.0058713448
0.0057569283
0.0056432773
0.0055304114
0.0054183523
0.0053071233
0.0051967492
0.0050872565
0.0049786729
0.0048710271
0.0047643491
0.0046586692
0.0045540182
0.0044504271
0.004347926
0.0042465449
0.0041462816
0.0040460643
0.0039482659
0.0038526979
0.0037570515
0.0036625668
0.0035695468
0.0034781632
0.0033879037
0.0032989781
0.003211402
0.0031252036
0.0030404029
0.0029570126
0.0028750405
0.0027944913
0.0027153666
0.0026376657
0.0025613855
0.0024865204
0.0024130618
0.0023409996
0.0022703141
0.0022010103
0.0021330421
0.0067952776
0.0066769076
0.0065591527
0.0064420044
0.0063254638
0.0062095377
0.0060942376
0.0059795781
0.0058655763
0.0057522514
0.0056396248
0.0055277196
0.0054165605
0.0053061738
0.005196587
0.0050878289
0.0049799295
0.0048729195
0.0047668307
0.004661695
0.0045575449
0.0044544125
0.0043523292
0.0042513249
0.0041513991
0.0040517027
0.0039542673
0.0038587186
0.0037633035
0.0036689857
0.0035761498
0.0034849592
0.0033948107
0.0033059706
0.0032184614
0.0031323111
0.0030475395
0.0029641592
0.0028821788
0.0028016038
0.0027224368
0.0026446783
0.0025683263
0.0024933763
0.0024198208
0.0023476517
0.0022768473
0.0022074167
0.002139311
0.0068924468
0.0067755388
0.0066591167
0.0065431907
0.0064277619
0.0063128379
0.0061984321
0.0060845617
0.0059712466
0.0058585087
0.0057463718
0.0056348612
0.0055240035
0.005413827
0.005304361
0.0051956357
0.0050876826
0.0049805341
0.0048742231
0.0047687832
0.0046642483
0.0045606524
0.0044580288
0.0043564092
0.0042558182
0.0041562549
0.0040572098
0.0039601449
0.0038645699
0.0037694476
0.0036753428
0.0035827341
0.0034917535
0.0034017316
0.0033129979
0.0032255766
0.0031394939
0.0030547688
0.0029714143
0.0028894396
0.0028088513
0.0027296531
0.0026518468
0.0025754316
0.0025004041
0.0024267588
0.0023544858
0.0022835703
0.0022140133
0.0021457736
0.0068680638
0.0067533814
0.0066390546
0.0065250995
0.0064115242
0.0062983447
0.0061855807
0.0060732558
0.0059613953
0.0058500263
0.0057391771
0.0056288772
0.0055191573
0.005410049
0.0053015849
0.0051937985
0.0050867239
0.0049803958
0.0048748498
0.0047701215
0.0046662467
0.0045632613
0.0044612001
0.0043600957
0.0042599717
0.00416084
0.0040624522
0.0039657237
0.0038702402
0.0037754339
0.0036815907
0.0035892631
0.0034984842
0.0034086071
0.0033200062
0.0032326972
0.0031467038
0.0030620447
0.0029787335
0.0028967803
0.0028161928
0.0027369763
0.0026591336
0.0025826653
0.0025075697
0.0024338411
0.0023614748
0.0022904478
0.0022207742
0.0021524048
0.0068409593
0.0067286645
0.0066165878
0.0065047469
0.0063931629
0.0062818588
0.0061708615
0.006060201
0.0059499084
0.0058400161
0.0057305574
0.0056215661
0.0055130771
0.0054051257
0.005297748
0.0051909806
0.0050848605
0.0049794255
0.0048747133
0.0047707619
0.0046676094
0.0045652937
0.0044638516
0.0043633178
0.00426372
0.0041650889
0.0040673105
0.0039709472
0.0038756808
0.0037812013
0.0036876936
0.0035956973
0.0035050786
0.0034153799
0.0033269449
0.0032397755
0.0031538952
0.0030693234
0.0029860746
0.0029041604
0.0028235897
0.0027443693
0.0026665034
0.002589994
0.0025148403
0.0024410401
0.0023685834
0.0022974603
0.0022276714
0.0021591776
0.0068109992
0.0067012584
0.0065915828
0.0064820044
0.0063725515
0.0062632564
0.0061541535
0.0060452791
0.0059366706
0.005828366
0.0057204034
0.0056128216
0.0055056595
0.0053989566
0.0052927524
0.005187087
0.0050820007
0.0049775338
0.0048737269
0.0047706206
0.0046682554
0.0045666712
0.0044659078
0.0043660025
0.0042669888
0.0041689137
0.0040717227
0.0039757784
0.0038808259
0.0037867093
0.0036936007
0.0036019254
0.0035114888
0.003422004
0.003333767
0.0032467651
0.0031610229
0.0030765613
0.002993396
0.00291154
0.0028310039
0.0027517957
0.0026739215
0.0025973844
0.002522186
0.0024483223
0.0023757922
0.0023045731
0.0022346827
0.0021660736
0.0068849349
0.006778056
0.0066710286
0.0065639126
0.006456744
0.0063495647
0.0062424146
0.0061353359
0.006028372
0.0059215664
0.0058149629
0.0057086049
0.0056025361
0.0054967997
0.0053914395
0.0052864988
0.0051820213
0.0050780504
0.0049746296
0.0048718023
0.0047696119
0.0046681013
0.0045673134
0.0044672904
0.0043680732
0.0042697013
0.0041722325
0.0040756354
0.0039801659
0.0038856089
0.0037918995
0.0036992222
0.0036078801
0.0035176689
0.0034284341
0.0033404254
0.0032536189
0.0031680413
0.0030837143
0.0030006553
0.0029188787
0.0028383967
0.002759219
0.0026813531
0.0026048042
0.0025295738
0.0024556635
0.0023830641
0.0023117697
0.0022417826
0.002173064
0.0068458317
0.0067420008
0.0066378525
0.0065334482
0.0064288406
0.0063240781
0.0062192106
0.0061142882
0.0060093611
0.0059044795
0.005799693
0.0056950505
0.0055906005
0.0054863914
0.0053824707
0.0052788861
0.0051756848
0.0050729137
0.0049706196
0.0048688488
0.0047676477
0.0046670619
0.0045671372
0.0044679188
0.004369451
0.0042717788
0.0041749667
0.00407899
0.003984051
0.0038899594
0.0037967038
0.0037044802
0.0036134999
0.0035235679
0.0034346196
0.0033468699
0.0032602882
0.0031749029
0.003090737
0.0030078088
0.0029261347
0.0028457284
0.0027666013
0.0026887626
0.0026122187
0.0025369742
0.0024630276
0.0023903812
0.0023190143
0.0022489481
0.0021801338
0.0068033253
0.0067027123
0.006601602
0.0065000685
0.0063981706
0.0062959697
0.0061935237
0.0060908908
0.0059881285
0.0058852937
0.0057824419
0.0056796278
0.005576905
0.0054743266
0.0053719448
0.0052698112
0.0051679769
0.0050664926
0.0049654082
0.0048647734
0.0047646374
0.0046650491
0.004566057
0.0044677094
0.0043700542
0.0042731409
0.0041770378
0.0040817215
0.0039873687
0.0038938039
0.0038010496
0.0037093065
0.003618727
0.0035291281
0.0034405048
0.0033530465
0.0032667213
0.0031815585
0.0030975818
0.0030148113
0.0029332648
0.0028529577
0.0027739034
0.0026961125
0.0026195935
0.0025443511
0.0024703901
0.0023977034
0.0023262893
0.0022561522
0.0067573021
0.0066600744
0.0065621644
0.0064636537
0.0063646164
0.0062651212
0.0061652359
0.0060650265
0.0059645581
0.0058638941
0.0057630963
0.0056622251
0.0055613396
0.0054604975
0.0053597558
0.0052591704
0.0051587963
0.0050586878
0.0049588986
0.0048594815
0.004760489
0.004661973
0.0045639851
0.0044665768
0.0043697992
0.0042737059
0.0041783674
0.0040837597
0.0039900491
0.0038970686
0.0038048639
0.0037136363
0.0036235013
0.0035342876
0.0034460306
0.0033588991
0.0032728647
0.0031879565
0.0031041997
0.0030216157
0.002940224
0.002860042
0.0027810847
0.0027033647
0.0026268915
0.0025516735
0.0024777117
0.002405012
0.0023335576
0.0022633711
0.0067076656
0.0066139832
0.0065194284
0.0064240959
0.0063280663
0.0062314204
0.0061342344
0.0060365825
0.0059385372
0.0058401687
0.0057415451
0.0056427326
0.0055437956
0.005444797
0.0053457984
0.00524686
0.0051480411
0.0050493997
0.0049509931
0.0048528777
0.0047551091
0.0046577425
0.0045608327
0.0044644342
0.0043686013
0.0042733911
0.0041788757
0.0040850309
0.0039920197
0.0038996792
0.0038080744
0.0037174037
0.0036277601
0.0035389832
0.0034511358
0.0033643701
0.0032786629
0.0031940441
0.0031105399
0.0030281736
0.0029469663
0.0028669374
0.0027881036
0.0027104793
0.0026340765
0.0025589029
0.0024849672
0.0024122649
0.0023407986
0.0022705779
0.0066543275
0.0065643473
0.006473302
0.0063812941
0.0062884185
0.006194763
0.0061004135
0.0060054522
0.0059099588
0.0058140104
0.0057176814
0.0056210438
0.0055241675
0.0054271205
0.0053299692
0.0052327783
0.0051356111
0.0050385297
0.0049415951
0.0048448671
0.0047484049
0.0046522668
0.0045565108
0.0044611946
0.0043663756
0.0042721139
0.004178483
0.0040854592
0.0039932058
0.0039015619
0.0038106101
0.0037205421
0.0036314394
0.0035431508
0.0034557587
0.0033694005
0.0032840599
0.0031997674
0.003116551
0.0030344358
0.0029534448
0.0028735993
0.0027949179
0.0027174169
0.0026411096
0.0025660077
0.0024921153
0.0024194427
0.0023479773
0.0022777439
0.0065972228
0.0065110918
0.0064237004
0.0063351635
0.006245582
0.0061550553
0.0060636768
0.0059715371
0.005878723
0.0057853183
0.0056914037
0.0055970572
0.005502354
0.0054073673
0.0053121683
0.0052168261
0.0051214084
0.0050259813
0.0049306094
0.0048353563
0.0047402845
0.0046454557
0.0045509312
0.0044567716
0.0043630374
0.0042697919
0.0041771096
0.0040849678
0.0039935323
0.0039026442
0.0038124005
0.0037229838
0.0036344743
0.0035467263
0.0034598373
0.003373931
0.0032889986
0.003205072
0.0031221811
0.0030403528
0.0029596124
0.0028799828
0.002801485
0.0027241369
0.0026479543
0.0025729483
0.0024991318
0.0024265034
0.0023550712
0.0022848469
0.0065363004
0.0064541591
0.0063705617
0.006285631
0.0061994802
0.0061122154
0.006023939
0.0059347488
0.005844739
0.0057539999
0.0056626184
0.0055706782
0.00547826
0.0053854422
0.0052923005
0.0051989089
0.0051053391
0.0050116613
0.0049179441
0.0048242544
0.0047306585
0.0046372213
0.0045440073
0.0044510804
0.004358504
0.0042663443
0.0041746769
0.004083481
0.0039929253
0.003902854
0.0038133747
0.0037246616
0.0036368
0.0035496465
0.0034633104
0.0033779027
0.0032934227
0.0032099039
0.0031273784
0.0030458753
0.002965422
0.0028860436
0.0028077628
0.0027306
0.0026545718
0.0025796943
0.0025059747
0.0024334284
0.0023620477
0.0022918575
0.0064715367
0.0063935124
0.006313837
0.0062326438
0.0061500516
0.0060661764
0.0059811278
0.0058950111
0.0058079271
0.0057199726
0.0056312405
0.0055418202
0.0054517977
0.0053612563
0.0052702767
0.0051789373
0.005087314
0.0049954811
0.0049035108
0.0048114742
0.0047194405
0.0046274783
0.0045356553
0.0044440385
0.0043526942
0.0042616917
0.004171108
0.0040809239
0.0039913123
0.0039021198
0.0038134629
0.0037255091
0.0036383526
0.003551849
0.0034661174
0.0033812574
0.0032972761
0.0032142093
0.0031320916
0.0030509544
0.0029708272
0.0028917374
0.0028137098
0.0027367664
0.002660927
0.0025862063
0.002512622
0.0024401759
0.0023688851
0.0022987551
0.0064029272
0.0063291372
0.0062535032
0.0061761652
0.0060972525
0.0060168869
0.0059351857
0.0058522609
0.0057682197
0.005683165
0.0055971955
0.005510406
0.0054228877
0.0053347289
0.0052460149
0.0051568284
0.0050672497
0.004977357
0.0048872265
0.0047969325
0.0047065481
0.0046161451
0.0045257944
0.0044355661
0.0043455298
0.0042557575
0.0041663279
0.0040772236
0.0039886221
0.0039003718
0.0038125969
0.0037254607
0.0036390693
0.0035532727
0.0034681993
0.0033839377
0.0033005035
0.0032179353
0.0031362701
0.0030555418
0.0029757822
0.002897021
0.0028192849
0.0027425983
0.0026669819
0.0025924562
0.0025190319
0.0024467266
0.0023755549
0.0023055109
0.0063304987
0.006261043
0.0061895546
0.0061161817
0.006041058
0.0059643135
0.0058860715
0.0058064502
0.0057255629
0.0056435183
0.0055604203
0.0054763689
0.0053914604
0.0053057878
0.0052194409
0.0051325067
0.0050450696
0.0049572117
0.0048690129
0.0047805513
0.0046919033
0.004603144
0.0045143475
0.004425587
0.0043369352
0.0042484673
0.0041602635
0.0040723089
0.0039847854
0.0038975421
0.0038107098
0.0037244519
0.0036388884
0.0035538581
0.0034694976
0.0033858871
0.0033030504
0.0032210293
0.0031398636
0.0030595896
0.0029802415
0.0029018511
0.0028244475
0.0027480568
0.0026727032
0.0025984052
0.0025251857
0.0024530466
0.0023820282
0.0023121053
0.0062543
0.0061892653
0.0061220137
0.0060526994
0.0059814638
0.0059084412
0.005833761
0.0057575469
0.0056799176
0.0056009869
0.0055208639
0.0054396534
0.0053574564
0.0052743702
0.005190489
0.0051059041
0.0050207037
0.0049349738
0.0048487979
0.0047622575
0.0046754325
0.0045884012
0.0045012408
0.0044140278
0.0043268375
0.0042397488
0.0041528436
0.0040661099
0.0039797343
0.0038935643
0.0038077354
0.0037224184
0.0036377495
0.0035535465
0.0034699547
0.003387049
0.0033048619
0.0032234387
0.0031428217
0.0030630498
0.0029841594
0.0029061846
0.0028291567
0.0027531044
0.0026780525
0.0026040261
0.0025310401
0.0024591159
0.0023882779
0.0023185088
0.0061744136
0.0061138642
0.0060509234
0.0059857491
0.0059184862
0.0058492745
0.005778248
0.0057055351
0.0056312595
0.0055555392
0.0054784882
0.0054002154
0.0053208264
0.0052404225
0.0051591022
0.0050769602
0.004994089
0.0049105779
0.0048265143
0.0047419827
0.0046570664
0.0045718467
0.004486404
0.0044008175
0.0043151661
0.0042295315
0.0041439981
0.0040585572
0.0039734005
0.0038883711
0.0038036065
0.0037192983
0.0036355942
0.0035522792
0.0034695117
0.0033873655
0.0033058821
0.0032251095
0.0031450927
0.0030658728
0.0029874887
0.0029099766
0.0028333702
0.0027577
0.0026829947
0.0026092767
0.0025365738
0.0024648925
0.0023942777
0.0023247032
0.0060909437
0.0060349289
0.0059763538
0.0059153823
0.0058521624
0.0057868372
0.005719544
0.0056504156
0.005579579
0.005507157
0.0054332668
0.0053580219
0.0052815311
0.0052039001
0.0051252306
0.0050456215
0.0049651682
0.0048839641
0.0048020992
0.0047196619
0.0046367381
0.0045534125
0.004469768
0.0043858869
0.0043018506
0.0042177447
0.0041336556
0.004049579
0.0039657118
0.0038818901
0.0037982584
0.0037150355
0.0036323628
0.0035499936
0.0034681055
0.0033867749
0.0033060511
0.0032259842
0.0031466211
0.0030680055
0.0029901784
0.0029131784
0.0028370414
0.0027618006
0.0026874851
0.0026141247
0.0025417374
0.002470351
0.0023999959
0.0023306508
0.0060040289
0.0059525687
0.0058983964
0.0058416731
0.0057825497
0.0057211709
0.005657677
0.0055922033
0.0055248804
0.0054558337
0.0053851844
0.0053130487
0.0052395395
0.005164765
0.0050888309
0.0050118389
0.0049338882
0.0048550746
0.0047754921
0.0046952315
0.004614382
0.0045330305
0.0044512632
0.0043691645
0.0042868192
0.004204315
0.0041217415
0.0040390983
0.0039565877
0.0038740467
0.0037916282
0.0037095792
0.0036279882
0.003546613
0.0034656625
0.0033852075
0.0033053021
0.0032259982
0.0031473447
0.0030693876
0.0029921703
0.0029157338
0.0028401165
0.0027653533
0.0026914776
0.0026185152
0.0025464978
0.0024754394
0.0024053903
0.0023363236
0.0059138223
0.0058669217
0.0058171634
0.0057647138
0.0057097217
0.0056523328
0.0055926883
0.0055309259
0.0054671777
0.0054015723
0.0053342327
0.0052652786
0.0051948247
0.0051229831
0.0050498614
0.004975565
0.0049001953
0.0048238517
0.0047466302
0.0046686251
0.0045899278
0.0045106284
0.0044308148
0.0043505743
0.0042699934
0.0041891633
0.004108175
0.0040270329
0.0039459481
0.0038647667
0.0037836347
0.0037028716
0.0036223759
0.0035420437
0.0034620953
0.0033825815
0.0033035564
0.0032250749
0.0031471885
0.0030699459
0.002993393
0.0029175734
0.0028425275
0.0027682938
0.0026949052
0.0026223957
0.0025507829
0.0024801072
0.0024104115
0.0023416594
0.0058205056
0.0057781339
0.0057327829
0.0056846102
0.0056337648
0.0055803902
0.0055246286
0.0054666173
0.0054064911
0.0053443787
0.0052804062
0.005214694
0.0051473601
0.0050785177
0.0050082779
0.0049367473
0.0048640309
0.0047902296
0.004715443
0.004639767
0.0045632963
0.0044861225
0.0044083365
0.0043300269
0.0042512829
0.0041721974
0.0040928646
0.0040132944
0.0039337095
0.0038539665
0.0037742112
0.0036947425
0.0036154016
0.0035361883
0.00345731
0.0033788005
0.003300717
0.0032231177
0.003146057
0.003069586
0.0029937536
0.0029186055
0.0028441852
0.0027705325
0.0026976861
0.0026256727
0.0025545206
0.0024842704
0.0024149765
0.0023465949
0.0057242588
0.00568637
0.0056453886
0.0056014744
0.0055547688
0.0055054134
0.0054535482
0.0053993114
0.0053428369
0.0052842553
0.0052236923
0.0051612707
0.0050971088
0.0050313223
0.0049640229
0.0048953203
0.0048253205
0.0047541275
0.0046818421
0.0046085633
0.0045343873
0.0044594086
0.0043837194
0.0043074106
0.0042305723
0.0041533003
0.0040756909
0.0039977631
0.0039197494
0.0038415098
0.0037631909
0.0036850588
0.0036069462
0.0035289284
0.0034511807
0.0033737362
0.0032966547
0.0032199973
0.003143821
0.0030681796
0.0029931244
0.0029187038
0.0028449633
0.0027719465
0.002699691
0.0026282315
0.0025575813
0.0024878214
0.0024189807
0.0023510047
0.0056252734
0.0055917788
0.0055551114
0.0055154119
0.005472816
0.005427462
0.0053794861
0.0053290268
0.0052762163
0.0052211856
0.0051640598
0.0051049624
0.0050440116
0.0049813245
0.0049170136
0.00485119
0.0047839609
0.0047154324
0.0046457067
0.0045748852
0.0045030656
0.004430345
0.0043568166
0.0042825733
0.004207706
0.0041323116
0.0040564893
0.0039802691
0.0039038926
0.0038272142
0.0037503839
0.0036736474
0.0035968417
0.0035200868
0.0034435286
0.0033672083
0.0032911879
0.0032155315
0.0031402978
0.0030655439
0.0029913228
0.0029176859
0.002844681
0.0027723521
0.0027007429
0.0026298837
0.0025598091
0.0024905949
0.0024222314
0.0023547192
0.0055237153
0.0054945018
0.0054620567
0.0054265022
0.0053879627
0.0053465658
0.0053024507
0.0052557488
0.0052065954
0.005155116
0.0051014382
0.0050456813
0.0049879664
0.0049284073
0.00486712
0.0048042133
0.0047397982
0.0046739789
0.0046068622
0.0045385479
0.0044691385
0.0043987298
0.0043274197
0.0042552996
0.0041824634
0.0041090045
0.0040350263
0.003960573
0.003885896
0.0038108305
0.0037355402
0.0036602639
0.0035848376
0.0035094059
0.0034340956
0.0033589559
0.0032840546
0.0032094559
0.0031352225
0.0030614124
0.0029880824
0.0029152851
0.0028430706
0.0027714868
0.0027005753
0.0026303796
0.00256093
0.0024922984
0.0024244712
0.0023574692
0.0054196079
0.0053946293
0.0053662862
0.0053347776
0.0053002073
0.005262702
0.0052223889
0.0051794047
0.0051338753
0.0050859299
0.0050356879
0.0049832722
0.0049287971
0.0048723812
0.0048141343
0.0047541706
0.004692596
0.0046295207
0.0045650469
0.0044992809
0.0044323215
0.0043642711
0.0042952244
0.004225279
0.0041545235
0.0040830516
0.0040109645
0.0039383361
0.0038654137
0.0037920055
0.0037183031
0.003644553
0.0035705688
0.0034965157
0.0034225049
0.0033486007
0.0032748715
0.0032013857
0.0031282065
0.0030553955
0.0029830103
0.0029111068
0.0028397375
0.0027689507
0.0026987944
0.0026293093
0.0025605363
0.0024925346
0.0024252959
0.0023588596
0.0053129033
0.0052921109
0.0052677831
0.0052401761
0.0052094615
0.0051757459
0.0051391555
0.0050998172
0.0050578596
0.0050134022
0.0049665663
0.0049174665
0.00486622
0.0048129382
0.0047577349
0.0047007182
0.0046419989
0.0045816819
0.0045198747
0.0044566794
0.0043922003
0.0043265366
0.0042597893
0.0041920529
0.0041234189
0.0040539704
0.0039838208
0.0039130701
0.0038419467
0.0037702293
0.003698167
0.0036259994
0.0035535093
0.0034808767
0.0034082118
0.0033355896
0.0032630822
0.0031907582
0.0031186835
0.0030469209
0.002975531
0.0029045713
0.0028340963
0.0027641578
0.0026948034
0.0026260799
0.0025580272
0.0024907039
0.0024241074
0.0023582786
0.0052039105
0.0051866625
0.0051663616
0.0051425056
0.0051154857
0.0050854317
0.0050524497
0.0050166624
0.0049781922
0.0049371551
0.0048936661
0.0048478368
0.0047997799
0.0047496051
0.0046974229
0.004643341
0.0045874678
0.0045299086
0.0044707694
0.0044101533
0.0043481639
0.0042849022
0.0042204687
0.0041549603
0.0040884662
0.0040210733
0.003952903
0.0038840778
0.0038147723
0.003744778
0.0036744145
0.0036038568
0.0035328853
0.0034617063
0.0033904255
0.0033191257
0.0032478811
0.0031767605
0.003105832
0.0030351601
0.0029648076
0.002894834
0.0028252964
0.0027562476
0.0026877393
0.0026198178
0.0025525285
0.0024859267
0.0024200147
0.0023548373
0.0050920559
0.0050782988
0.0050615061
0.0050413595
0.0050178386
0.0049912776
0.004961757
0.0049293931
0.0048942968
0.0048565816
0.0048163522
0.0047737192
0.0047287866
0.0046816646
0.0046324565
0.0045812717
0.0045282126
0.0044733869
0.0044168959
0.0043588454
0.0042993355
0.0042384697
0.0041763458
0.0041130641
0.0040487173
0.0039834048
0.0039172134
0.0038503874
0.00378287
0.0037146071
0.0036460147
0.0035770202
0.0035075731
0.003437879
0.0033680174
0.003298073
0.0032281207
0.0031582336
0.0030884805
0.0030189292
0.002949644
0.0028806874
0.0028121174
0.0027439912
0.0026763591
0.0026092739
0.0025427796
0.0024769336
0.0024117373
0.0023472442
0.004976788
0.0049663596
0.0049526278
0.0049358949
0.0049157972
0.0048925042
0.004866261
0.0048371547
0.0048052875
0.0047707584
0.0047336714
0.0046941246
0.0046522227
0.0046080651
0.0045617572
0.0045133993
0.0044630967
0.0044109498
0.004357063
0.0043015365
0.0042444736
0.0041859735
0.0041261383
0.0040650663
0.0040028615
0.0039396269
0.0038754286
0.0038105112
0.0037447782
0.0036782729
0.0036113825
0.0035439577
0.0034760619
0.0034078625
0.0033394315
0.0032708514
0.0032022017
0.0031335574
0.0030649906
0.002996571
0.0029283657
0.0028604386
0.0027928518
0.0027256612
0.0026589243
0.0025926855
0.0025270165
0.0024619337
0.0023974765
0.0023336824
0.0048613117
0.0048571063
0.0048496867
0.0048389738
0.0048250169
0.0048081595
0.0047879436
0.004764737
0.0047386855
0.0047098581
0.0046783456
0.0046442403
0.0046076373
0.0045686305
0.0045273179
0.0044837961
0.0044381648
0.0043905228
0.0043409705
0.0042896075
0.0042365346
0.0041818518
0.00412566
0.0040680592
0.0040091521
0.003949044
0.0038878401
0.0038255856
0.0037625131
0.0036985198
0.0036337404
0.0035685088
0.0035026554
0.0034362994
0.0033695704
0.0033025453
0.0032353087
0.0031679428
0.0031005244
0.0030331288
0.0029658275
0.00289869
0.0028317832
0.0027651694
0.0026989112
0.0026330605
0.002567673
0.0025028104
0.0024384997
0.0023747762
0.0023116861
0.0047330224
0.0047316432
0.0047268495
0.004718748
0.0047073859
0.0046932088
0.0046758957
0.0046554482
0.0046321928
0.0046061742
0.0045774614
0.0045461379
0.0045122895
0.0044760042
0.0044373718
0.0043964846
0.0043534361
0.0043083219
0.004261238
0.004212282
0.0041615516
0.0041091457
0.0040551637
0.003999706
0.003942875
0.003884778
0.0038255156
0.0037651194
0.0037038013
0.0036414742
0.0035783578
0.0035147413
0.0034504256
0.0033855497
0.0033202266
0.0032545472
0.0031885991
0.0031224648
0.0030562241
0.0029899535
0.0029237274
0.0028576176
0.0027916925
0.0027260191
0.0026606574
0.0025956678
0.0025310993
0.0024670248
0.0024034599
0.0023404572
0.002278055
0.0045972014
0.0045983755
0.0045957583
0.0045897844
0.0045807321
0.0045686835
0.0045539245
0.004536019
0.0045152409
0.004491752
0.0044655783
0.0044367885
0.0044054609
0.0043716754
0.0043355143
0.0042970631
0.0042564099
0.0042136448
0.0041688601
0.0041221493
0.0040736075
0.0040233309
0.0039714172
0.0039179652
0.0038630771
0.0038068587
0.003749405
0.0036907343
0.0036310542
0.003570308
0.0035087852
0.00344669
0.003383815
0.0033203125
0.0032562945
0.0031918665
0.0031271173
0.0030621302
0.0029969862
0.0029317645
0.0028665417
0.0028013918
0.002736387
0.0026715944
0.0026070797
0.0025428952
0.0024791192
0.0024157884
0.0023529472
0.0022906396
0.0022289099
0.0044518027
0.004454272
0.004453242
0.0044489614
0.004441828
0.0044317298
0.0044189803
0.0044033228
0.0043846822
0.0043633929
0.0043394475
0.0043128955
0.0042838058
0.0042522503
0.0042183032
0.0041820424
0.0041435496
0.0041029091
0.004060208
0.0040155356
0.0039689833
0.0039206441
0.0038706126
0.0038189855
0.0037658629
0.0037113478
0.003655525
0.003598424
0.0035402628
0.0034809969
0.0034209792
0.0033601783
0.0032985872
0.0032363267
0.0031735006
0.0031102118
0.0030465516
0.0029826063
0.0029184601
0.0028541951
0.002789891
0.0027256257
0.0026614734
0.0025975076
0.0025337896
0.0024703827
0.0024073619
0.0023447705
0.0022826515
0.0022210557
0.0021600268
0.004292595
0.0042956803
0.0042957952
0.0042927816
0.0042870934
0.0042786222
0.004267317
0.0042534542
0.0042366606
0.0042171785
0.0041951053
0.0041704504
0.0041432703
0.0041136295
0.0040815941
0.0040472342
0.0040106237
0.0039718408
0.0039309668
0.0038880861
0.0038432857
0.0037966548
0.0037482846
0.0036982693
0.0036467072
0.0035936953
0.003539284
0.0034836368
0.00342681
0.0033688769
0.0033101152
0.0032504642
0.0031900198
0.0031288705
0.0030671128
0.0030048483
0.0029421717
0.002879174
0.0028159438
0.0027525673
0.002689129
0.0026257105
0.0025623939
0.0024992537
0.0024363545
0.0023737694
0.0023115702
0.0022498039
0.0021885275
0.0021277834
0.0020676247
0.004115418
0.0041185195
0.0041192177
0.0041170554
0.004112275
0.0041048886
0.0040947279
0.0040820797
0.004066715
0.0040486246
0.0040280259
0.0040048879
0.0039792524
0.0039511762
0.0039207171
0.0038879366
0.0038529007
0.0038156806
0.0037763512
0.0037349915
0.0036916839
0.0036465136
0.0035995689
0.0035509414
0.003500727
0.0034490146
0.0033958451
0.0033414283
0.0032857868
0.0032290306
0.0031713651
0.0031127665
0.0030533644
0.0029932288
0.0029324601
0.0028711619
0.0028094334
0.0027473715
0.0026850709
0.0026226246
0.0025601229
0.0024976564
0.0024353137
0.0023731796
0.0023113193
0.0022498101
0.0021887337
0.0021281581
0.0020681277
0.0020086994
0.0019499293
0.0039156343
0.0039184503
0.0039190774
0.0039171967
0.0039127773
0.00390594
0.0038965311
0.0038845019
0.003870098
0.0038529993
0.0038334515
0.0038114351
0.003786966
0.0037600924
0.0037308646
0.0036993359
0.0036655642
0.0036296132
0.0035915515
0.0035514526
0.0035093943
0.003465458
0.0034197292
0.0033722978
0.0033232569
0.0032726867
0.0032206381
0.0031673332
0.0031127704
0.0030571531
0.0030005213
0.0029429882
0.0028846379
0.0028255581
0.0027658573
0.0027056444
0.0026450262
0.0025841087
0.0025229965
0.002461793
0.0024006006
0.0023395204
0.0022786533
0.0022180974
0.0021579276
0.0020982364
0.0020391235
0.0019806542
0.0019228973
0.001865911
0.0018097672
0.0036889303
0.0036910212
0.0036908775
0.0036887316
0.0036841598
0.0036773522
0.0036681643
0.00365644
0.0036424311
0.0036259039
0.0036069985
0.0035857218
0.0035620599
0.0035360523
0.0035077428
0.0034771764
0.0034444031
0.0034094797
0.0033724691
0.0033334396
0.0032924651
0.003249624
0.0032050003
0.0031586839
0.0031107637
0.0030612963
0.0030104402
0.002958285
0.0029049262
0.0028505396
0.0027951627
0.0027389306
0.0026819252
0.0026242578
0.0025660485
0.002507418
0.0024484871
0.0023893778
0.0023302119
0.0022711111
0.0022121968
0.0021535916
0.0020954249
0.002037799
0.0019808208
0.0019246149
0.0018692841
0.0018149295
0.0017616282
0.0017094643
0.0016585283
0.0034317387
0.0034325113
0.003431245
0.0034281832
0.0034229804
0.0034157215
0.0034062849
0.0033944636
0.0033804463
0.0033641069
0.0033454972
0.0033246403
0.0033014984
0.0032761038
0.0032484933
0.003218704
0.0031867793
0.0031527699
0.0031167346
0.0030787388
0.0030388545
0.0029971598
0.0029537398
0.0029086859
0.0028620854
0.0028140071
0.0027646388
0.0027140321
0.0026623703
0.0026097343
0.0025562532
0.0025020357
0.0024472007
0.0023918844
0.0023362269
0.002280372
0.0022244667
0.0021686611
0.002113107
0.0020579577
0.0020033742
0.0019495129
0.0018965231
0.0018445486
0.0017937483
0.0017442657
0.0016962453
0.0016498053
0.0016050564
0.0015620979
0.0015210408
0.0031422677
0.0031412302
0.0031384092
0.0031339933
0.0031277336
0.0031196306
0.0031095782
0.003097342
0.0030830282
0.0030665995
0.0030480586
0.003027434
0.0030046744
0.0029798045
0.0029528544
0.0029238551
0.0028928453
0.0028598735
0.0028249977
0.0027882844
0.0027498082
0.0027096518
0.002667906
0.002624667
0.0025800176
0.0025341156
0.0024870601
0.00243902
0.0023901198
0.0023404927
0.0022902817
0.0022396302
0.0021887012
0.0021376657
0.0020867011
0.0020359925
0.0019857307
0.0019361138
0.0018873399
0.001839621
0.0017931528
0.0017481358
0.0017047738
0.0016632603
0.0016237779
0.0015865043
0.0015515888
0.0015191626
0.0014893174
0.0014621293
0.0014376688
0.0028215854
0.0028183825
0.0028136847
0.0028076169
0.0028000118
0.00279082
0.0027799468
0.0027671407
0.0027524233
0.0027358139
0.0027173199
0.002696971
0.0026747113
0.0026505555
0.0026245279
0.0025966582
0.0025669863
0.0025355648
0.0025024581
0.0024677413
0.0024315005
0.0023938308
0.0023548352
0.0023146246
0.0022733164
0.0022311075
0.0021881113
0.0021445392
0.0021005251
0.0020562596
0.0020119224
0.0019677179
0.001923863
0.0018805848
0.0018381191
0.0017967113
0.0017566091
0.001718074
0.0016813499
0.001646682
0.0016143179
0.0015844778
0.0015573704
0.0015331719
0.0015120337
0.001494063
0.0014793322
0.001467854
0.0014595915
0.0014544706
0.0014524005
0.0024747662
0.0024692366
0.0024625277
0.0024547144
0.0024456862
0.0024353778
0.0024237006
0.0024104054
0.00239546
0.0023789041
0.0023607772
0.0023411116
0.0023198616
0.0022970339
0.0022726531
0.0022467567
0.0022193969
0.0021906409
0.0021605711
0.0021292844
0.0020968929
0.0020635178
0.002029281
0.0019943238
0.0019588584
0.001923064
0.0018871688
0.001851366
0.0018158783
0.001780941
0.0017468077
0.0017137468
0.001682036
0.001651963
0.0016238109
0.0015978696
0.0015744034
0.0015536665
0.0015359013
0.0015213072
0.0015100506
0.001502252
0.0014979804
0.0014972566
0.0015000423
0.0015062537
0.0015157493
0.0015283409
0.0015437976
0.0015618661
0.0015822957
0.0021119239
0.0021041633
0.0020955783
0.0020862091
0.0020759769
0.0020648135
0.0020526408
0.0020392771
0.0020246978
0.002008936
0.0019920332
0.0019740055
0.0019548402
0.0019345655
0.0019132268
0.0018908852
0.0018676194
0.0018435258
0.0018187196
0.0017933377
0.0017675409
0.001741488
0.0017153157
0.0016892506
0.0016635577
0.0016384988
0.0016143165
0.0015912682
0.0015696237
0.0015496667
0.0015316858
0.0015159642
0.0015027794
0.0014924032
0.0014850577
0.001480935
0.0014802019
0.0014829664
0.0014892918
0.0014991838
0.0015125953
0.0015294259
0.0015495305
0.0015727188
0.0015987718
0.0016274364
0.0016584443
0.0016915058
0.0017263219
0.0017626011
0.0018000751
0.001749034
0.0017394473
0.0017294463
0.0017190573
0.0017082311
0.0016969238
0.001685086
0.0016726227
0.0016595413
0.0016458675
0.0016316454
0.0016169017
0.0016016722
0.0015860229
0.0015700363
0.0015538118
0.001537468
0.0015211428
0.0015049948
0.0014892125
0.0014740137
0.0014595921
0.0014460975
0.0014337822
0.0014229788
0.0014139592
0.0014069491
0.0014021908
0.0013999181
0.0014003517
0.0014036882
0.0014100913
0.0014196925
0.0014325818
0.0014488011
0.001468344
0.001491163
0.001517164
0.0015462132
0.0015781413
0.0016127485
0.0016498122
0.0016890905
0.0017303329
0.0017732787
0.0018176699
0.0018632446
0.001909746
0.0019569193
0.0020045273
0.0020523504
0.0014091706
0.0013984826
0.0013878738
0.0013773823
0.0013670053
0.0013567496
0.0013466166
0.0013365931
0.0013267196
0.0013170406
0.0013076282
0.0012985477
0.0012898815
0.001281733
0.0012742208
0.0012674781
0.0012616528
0.0012569067
0.0012534135
0.0012513587
0.0012509411
0.0012523499
0.0012557463
0.001261293
0.0012692011
0.0012796311
0.0012927119
0.0013085498
0.0013272237
0.0013487828
0.0013732466
0.0014006
0.0014307972
0.001463767
0.0014994044
0.0015375786
0.0015781371
0.0016209072
0.0016657004
0.0017123155
0.0017605428
0.0018101667
0.0018609704
0.0019127359
0.0019652518
0.0020183067
0.0020717002
0.0021252319
0.002178711
0.0022319558
0.0022848017
0.0011265056
0.0011156387
0.0011054373
0.0010959736
0.0010873106
0.0010795168
0.0010726537
0.0010667775
0.0010619588
0.0010582739
0.0010558182
0.0010546819
0.001054961
0.0010567587
0.0010601815
0.0010653384
0.0010723379
0.001081287
0.0010922878
0.0011054356
0.0011208168
0.0011385087
0.0011585617
0.0011810091
0.0012058836
0.0012332018
0.0012629577
0.0012951269
0.0013296672
0.0013665193
0.001405609
0.0014468483
0.0014901326
0.0015353472
0.0015823643
0.0016310451
0.0016812409
0.0017327953
0.0017855447
0.0018393212
0.0018939529
0.0019492681
0.0020050931
0.0020612606
0.0021176012
0.0021739574
0.0022301688
0.0022860865
0.0023415599
0.0023964482
0.0024506173
0.00091193046
0.00090134973
0.0008919231
0.00088374975
0.00087693155
0.00087156651
0.00086774321
0.00086554077
0.00086502955
0.00086628059
0.00086936343
0.000874338
0.00088125688
0.0008901659
0.00090110397
0.00091410245
0.00092918506
0.00094636765
0.00096565825
0.0009870569
0.001010556
0.0010361397
0.0010637837
0.0010934537
0.001125114
0.0011587241
0.0011942369
0.0012315988
0.0012707503
0.0013116259
0.0013541518
0.0013982492
0.0014438316
0.0014908056
0.0015390714
0.0015885213
0.0016390415
0.0016905115
0.0017428061
0.001795795
0.0018493456
0.0019033224
0.0019575912
0.0020120165
0.002066468
0.0021208147
0.0021749326
0.0022286962
0.0022819835
0.0023346715
0.0023866461
)
;

boundaryField
{
    inletLow
    {
        type            calculated;
        value           nonuniform List<scalar> 0();
    }
    inletJet
    {
        type            calculated;
        value           nonuniform List<scalar> 0();
    }
    inletHigh
    {
        type            calculated;
        value           nonuniform List<scalar> 0();
    }
    outlet
    {
        type            calculated;
        value           nonuniform List<scalar> 0();
    }
    upperWall
    {
        type            calculated;
        value           nonuniform List<scalar> 
51
(
0.00089557588
0.00088495137
0.00087559832
0.00086762845
0.00086115686
0.0008562916
0.00085312993
0.00085175602
0.00085224231
0.00085465985
0.00085907466
0.00086554046
0.00087410082
0.00088479015
0.00089763415
0.00091264955
0.00092984461
0.0009492193
0.00097076587
0.00099446909
0.0010203068
0.0010482497
0.0010782616
0.0011102971
0.0011443106
0.0011802538
0.0012180727
0.0012577079
0.0012990952
0.001342165
0.0013868405
0.0014330399
0.0014806742
0.0015296482
0.0015798599
0.0016312003
0.001683554
0.0017367992
0.0017908093
0.0018454528
0.0019005963
0.0019561031
0.0020118385
0.0020676662
0.0021234557
0.0021790754
0.0022344016
0.0022893087
0.002343675
0.0023973777
0.0024503039
)
;
    }
    lowerWall
    {
        type            calculated;
        value           nonuniform List<scalar> 0();
    }
    frontAndBack
    {
        type            empty;
    }
    procBoundary2to0
    {
        type            processor;
        value           nonuniform List<scalar> 
66
(
0.002014862
0.0020151903
0.0020157858
0.0020166544
0.0020177816
0.0020191146
0.002020771
0.0020228747
0.0020254028
0.0020283598
0.0020317517
0.0020355773
0.0020398263
0.0020444745
0.0020494916
0.0020548392
0.0020604814
0.0020663808
0.0020725054
0.0020788278
0.0020853192
0.0020919629
0.0020987294
0.002105608
0.0021125659
0.0021872524
0.0021872524
0.0021944083
0.002201561
0.0022087014
0.0022157914
0.0022228218
0.0022297558
0.0022365859
0.0022432762
0.00224982
0.0022561793
0.0022623417
0.0022682578
0.0022738915
0.0022791576
0.0022839535
0.0022880983
0.0022913347
0.0022932522
0.0022932502
0.002290424
0.0022834798
0.0022705854
0.0022492614
0.0022162874
0.0021677977
0.0020996044
0.002008099
0.0018918691
0.0017545369
0.0016089071
0.0014819928
0.0014159843
0.0014532572
0.0016048266
0.0018384818
0.0021001882
0.0023370953
0.0025039518
0.0024378068
)
;
    }
    procBoundary2to3
    {
        type            processor;
        value           nonuniform List<scalar> 
68
(
0.0070633545
0.0070618595
0.0070591428
0.0070555377
0.0070516599
0.0070478972
0.007043145
0.0070372979
0.0070308963
0.0070240885
0.0070168339
0.0070089391
0.0070001544
0.0069902067
0.0069788175
0.0069657355
0.0069507389
0.0069336353
0.0069142541
0.0069142541
0.0070098231
0.0069830691
0.0069534269
0.0069207559
0.0069207559
0.0069916
0.0069492653
0.0069033494
0.0068537479
0.0068003648
0.0067431236
0.0066819633
0.0066168475
0.0065477613
0.006474718
0.0063977575
0.0063169501
0.0062323959
0.0061442246
0.0060525952
0.0059576914
0.005859717
0.0057588894
0.0056554334
0.005549421
0.0054409665
0.005330495
0.0052176992
0.0051023396
0.0049838786
0.0049838786
0.0048621661
0.0047314809
0.0045939092
0.0044470601
0.0042871217
0.0041097361
0.0039103916
0.0036847332
0.0034291429
0.0031417553
0.0028235146
0.0024793124
0.0021190159
0.0017583081
0.0014199732
0.0011379954
0.00092356533
)
;
    }
    procBoundary2to5
    {
        type            processor;
        value           nonuniform List<scalar> 5(0.002355663 0.002284615 0.0022150099 0.0021468625 0.0020801639);
    }
    procBoundary2to6
    {
        type            processor;
        value           nonuniform List<scalar> 
44
(
0.0069283263
0.006794858
0.0066629022
0.0065324104
0.0064033604
0.0062756988
0.0061493896
0.006024403
0.0059007161
0.0057783122
0.0056571794
0.0055373106
0.0054187031
0.0053013577
0.0051852791
0.005070475
0.0049569562
0.0048447358
0.0047338296
0.0046242541
0.0045160274
0.0044091639
0.0043036724
0.0041995186
0.0040966965
0.0039940511
0.0038941441
0.0037970511
0.0037000313
0.0036044877
0.0035103965
0.0034179286
0.0033269443
0.0032375156
0.0031496315
0.0030632852
0.0029784834
0.0028952327
0.0028135363
0.0027333933
0.0026547986
0.0025777424
0.0025022123
0.002428192
)
;
    }
}


// ************************************************************************* //
