/*--------------------------------*- C++ -*----------------------------------*\
| =========                 |                                                 |
| \\      /  F ield         | OpenFOAM: The Open Source CFD Toolbox           |
|  \\    /   O peration     | Version:  2312                                  |
|   \\  /    A nd           | Website:  www.openfoam.com                      |
|    \\/     M anipulation  |                                                 |
\*---------------------------------------------------------------------------*/
FoamFile
{
    version     2.0;
    format      ascii;
    arch        "LSB;label=32;scalar=64";
    note        "nPoints:6786  nCells:3275  nFaces:13217  nInternalFaces:6433";
    class       labelList;
    location    "constant/polyMesh";
    object      neighbour;
}
// * * * * * * * * * * * * * * * * * * * * * * * * * * * * * * * * * * * * * //


6433
(
1
52
2
53
3
54
4
55
5
56
6
57
7
58
8
59
9
60
10
61
11
62
12
63
13
64
14
65
15
66
16
67
17
68
18
69
19
70
20
71
21
72
22
73
23
74
24
75
25
76
26
77
27
78
28
79
29
80
30
81
31
82
32
83
33
84
34
85
35
86
36
87
37
88
38
89
39
90
40
91
41
92
42
93
43
94
44
95
45
96
46
97
47
98
48
99
49
100
50
101
51
102
103
53
104
54
105
55
106
56
107
57
108
58
109
59
110
60
111
61
112
62
113
63
114
64
115
65
116
66
117
67
118
68
119
69
120
70
121
71
122
72
123
73
124
74
125
75
126
76
127
77
128
78
129
79
130
80
131
81
132
82
133
83
134
84
135
85
136
86
137
87
138
88
139
89
140
90
141
91
142
92
143
93
144
94
145
95
146
96
147
97
148
98
149
99
150
100
151
101
152
102
153
103
154
155
105
156
106
157
107
158
108
159
109
160
110
161
111
162
112
163
113
164
114
165
115
166
116
167
117
168
118
169
119
170
120
171
121
172
122
173
123
174
124
175
125
176
126
177
127
178
128
179
129
180
130
181
131
182
132
183
133
184
134
185
135
186
136
187
137
188
138
189
139
190
140
191
141
192
142
193
143
194
144
195
145
196
146
197
147
198
148
199
149
200
150
201
151
202
152
203
153
204
154
205
155
206
207
157
208
158
209
159
210
160
211
161
212
162
213
163
214
164
215
165
216
166
217
167
218
168
219
169
220
170
221
171
222
172
223
173
224
174
225
175
226
176
227
177
228
178
229
179
230
180
231
181
232
182
233
183
234
184
235
185
236
186
237
187
238
188
239
189
240
190
241
191
242
192
243
193
244
194
245
195
246
196
247
197
248
198
249
199
250
200
251
201
252
202
253
203
254
204
255
205
256
206
257
207
258
259
209
260
210
261
211
262
212
263
213
264
214
265
215
266
216
267
217
268
218
269
219
270
220
271
221
272
222
273
223
274
224
275
225
276
226
277
227
278
228
279
229
280
230
281
231
282
232
283
233
284
234
285
235
286
236
287
237
288
238
289
239
290
240
291
241
292
242
293
243
294
244
295
245
296
246
297
247
298
248
299
249
300
250
301
251
302
252
303
253
304
254
305
255
306
256
307
257
308
258
309
259
310
311
261
312
262
313
263
314
264
315
265
316
266
317
267
318
268
319
269
320
270
321
271
322
272
323
273
324
274
325
275
326
276
327
277
328
278
329
279
330
280
331
281
332
282
333
283
334
284
335
285
336
286
337
287
338
288
339
289
340
290
341
291
342
292
343
293
344
294
345
295
346
296
347
297
348
298
349
299
350
300
351
301
352
302
353
303
354
304
355
305
356
306
357
307
358
308
359
309
360
310
361
311
362
363
313
364
314
365
315
366
316
367
317
368
318
369
319
370
320
371
321
372
322
373
323
374
324
375
325
376
326
377
327
378
328
379
329
380
330
381
331
382
332
383
333
384
334
385
335
386
336
387
337
388
338
389
339
390
340
391
341
392
342
393
343
394
344
395
345
396
346
397
347
398
348
399
349
400
350
401
351
402
352
403
353
404
354
405
355
406
356
407
357
408
358
409
359
410
360
411
361
412
362
413
363
414
415
365
416
366
417
367
418
368
419
369
420
370
421
371
422
372
423
373
424
374
425
375
426
376
427
377
428
378
429
379
430
380
431
381
432
382
433
383
434
384
435
385
436
386
437
387
438
388
439
389
440
390
441
391
442
392
443
393
444
394
445
395
446
396
447
397
448
398
449
399
450
400
451
401
452
402
453
403
454
404
455
405
456
406
457
407
458
408
459
409
460
410
461
411
462
412
463
413
464
414
465
415
466
467
417
468
418
469
419
470
420
471
421
472
422
473
423
474
424
475
425
476
426
477
427
478
428
479
429
480
430
481
431
482
432
483
433
484
434
485
435
486
436
487
437
488
438
489
439
490
440
491
441
492
442
493
443
494
444
495
445
496
446
497
447
498
448
499
449
500
450
501
451
502
452
503
453
504
454
505
455
506
456
507
457
508
458
509
459
510
460
511
461
512
462
513
463
514
464
515
465
516
466
517
467
518
519
469
520
470
521
471
522
472
523
473
524
474
525
475
526
476
527
477
528
478
529
479
530
480
531
481
532
482
533
483
534
484
535
485
536
486
537
487
538
488
539
489
540
490
541
491
542
492
543
493
544
494
545
495
546
496
547
497
548
498
549
499
550
500
551
501
552
502
553
503
554
504
555
505
556
506
557
507
558
508
559
509
560
510
561
511
562
512
563
513
564
514
565
515
566
516
567
517
568
518
569
519
570
571
521
572
522
573
523
574
524
575
525
576
526
577
527
578
528
579
529
580
530
581
531
582
532
583
533
584
534
585
535
586
536
587
537
588
538
589
539
590
540
591
541
592
542
593
543
594
544
595
545
596
546
597
547
598
548
599
549
600
550
601
551
602
552
603
553
604
554
605
555
606
556
607
557
608
558
609
559
610
560
611
561
612
562
613
563
614
564
615
565
616
566
617
567
618
568
619
569
620
570
621
571
622
623
573
624
574
625
575
626
576
627
577
628
578
629
579
630
580
631
581
632
582
633
583
634
584
635
585
636
586
637
587
638
588
639
589
640
590
641
591
642
592
643
593
644
594
645
595
646
596
647
597
648
598
649
599
650
600
651
601
652
602
653
603
654
604
655
605
656
606
657
607
658
608
659
609
660
610
661
611
662
612
663
613
664
614
665
615
666
616
667
617
668
618
669
619
670
620
671
621
672
622
673
623
674
675
625
676
626
677
627
678
628
679
629
680
630
681
631
682
632
683
633
684
634
685
635
686
636
687
637
688
638
689
639
690
640
691
641
692
642
693
643
694
644
695
645
696
646
697
647
698
648
699
649
700
650
701
651
702
652
703
653
704
654
705
655
706
656
707
657
708
658
709
659
710
660
711
661
712
662
713
663
714
664
715
665
716
666
717
667
718
668
719
669
720
670
721
671
722
672
723
673
724
674
725
675
726
727
677
728
678
729
679
730
680
731
681
732
682
733
683
734
684
735
685
736
686
737
687
738
688
739
689
740
690
741
691
742
692
743
693
744
694
745
695
746
696
747
697
748
698
749
699
750
700
751
701
752
702
753
703
754
704
755
705
756
706
757
707
758
708
759
709
760
710
761
711
762
712
763
713
764
714
765
715
766
716
767
717
768
718
769
719
770
720
771
721
772
722
773
723
774
724
775
725
776
726
777
727
778
779
729
780
730
781
731
782
732
783
733
784
734
785
735
786
736
787
737
788
738
789
739
790
740
791
741
792
742
793
743
794
744
795
745
796
746
797
747
798
748
799
749
800
750
801
751
802
752
803
753
804
754
805
755
806
756
807
757
808
758
809
759
810
760
811
761
812
762
813
763
814
764
815
765
816
766
817
767
818
768
819
769
820
770
821
771
822
772
823
773
824
774
825
775
826
776
827
777
828
778
829
779
830
831
781
832
782
833
783
834
784
835
785
836
786
837
787
838
788
839
789
840
790
841
791
842
792
843
793
844
794
845
795
846
796
847
797
848
798
849
799
850
800
851
801
852
802
853
803
854
804
855
805
856
806
857
807
858
808
859
809
860
810
861
811
862
812
863
813
864
814
865
815
866
816
867
817
868
818
869
819
870
820
871
821
872
822
873
823
874
824
875
825
876
826
877
827
878
828
879
829
880
830
881
831
882
883
833
884
834
885
835
886
836
887
837
888
838
889
839
890
840
891
841
892
842
893
843
894
844
895
845
896
846
897
847
898
848
899
849
900
850
901
851
902
852
903
853
904
854
905
855
906
856
907
857
908
858
909
859
910
860
911
861
912
862
913
863
914
864
915
865
916
866
917
867
918
868
919
869
920
870
921
871
922
872
923
873
924
874
925
875
926
876
927
877
928
878
929
879
930
880
931
881
932
882
933
883
934
935
885
936
886
937
887
938
888
939
889
940
890
941
891
942
892
943
893
944
894
945
895
946
896
947
897
948
898
949
899
950
900
951
901
952
902
953
903
954
904
955
905
956
906
957
907
958
908
959
909
960
910
961
911
962
912
963
913
964
914
965
915
966
916
967
917
968
918
969
919
970
920
971
921
972
922
973
923
974
924
975
925
976
926
977
927
978
928
979
929
980
930
981
931
982
932
983
933
984
934
985
935
986
987
937
988
938
989
939
990
940
991
941
992
942
993
943
994
944
995
945
996
946
997
947
998
948
999
949
1000
950
1001
951
1002
952
1003
953
1004
954
1005
955
1006
956
1007
957
1008
958
1009
959
1010
960
1011
961
1012
962
1013
963
1014
964
1015
965
1016
966
1017
967
1018
968
1019
969
1020
970
1021
971
1022
972
1023
973
1024
974
1025
975
1026
976
1027
977
1028
978
1029
979
1030
980
1031
981
1032
982
1033
983
1034
984
1035
985
1036
986
1037
987
1038
989
1039
990
1040
991
1041
992
1042
993
1043
994
1044
995
1045
996
1046
997
1047
998
1048
999
1049
1000
1050
1001
1051
1002
1052
1003
1053
1004
1054
1005
1055
1006
1056
1007
1057
1008
1058
1009
1059
1010
1060
1011
1061
1012
1062
1013
1063
1014
1064
1015
1065
1016
1066
1017
1067
1018
1068
1019
1069
1020
1070
1021
1071
1022
1072
1023
1073
1024
1074
1025
1075
1026
1076
1027
1077
1028
1078
1029
1079
1030
1080
1031
1081
1032
1082
1033
1083
1034
1084
1035
1085
1036
1086
1037
1087
1038
1088
1089
1040
1090
1041
1091
1042
1092
1043
1093
1044
1094
1045
1095
1046
1096
1047
1097
1048
1098
1049
1099
1050
1100
1051
1101
1052
1102
1053
1103
1054
1104
1055
1105
1056
1106
1057
1107
1058
1108
1059
1109
1060
1110
1061
1111
1062
1112
1063
1113
1064
1114
1065
1115
1066
1116
1067
1117
1068
1118
1069
1119
1070
1120
1071
1121
1072
1122
1073
1123
1074
1124
1075
1125
1076
1126
1077
1127
1078
1128
1079
1129
1080
1130
1081
1131
1082
1132
1083
1133
1084
1134
1085
1135
1086
1136
1087
1137
1088
1138
1089
1139
1140
1091
1141
1092
1142
1093
1143
1094
1144
1095
1145
1096
1146
1097
1147
1098
1148
1099
1149
1100
1150
1101
1151
1102
1152
1103
1153
1104
1154
1105
1155
1106
1156
1107
1157
1108
1158
1109
1159
1110
1160
1111
1161
1112
1162
1113
1163
1114
1164
1115
1165
1116
1166
1117
1167
1118
1168
1119
1169
1120
1170
1121
1171
1122
1172
1123
1173
1124
1174
1125
1175
1126
1176
1127
1177
1128
1178
1129
1179
1130
1180
1131
1181
1132
1182
1133
1183
1134
1184
1135
1185
1136
1186
1137
1187
1138
1188
1139
1189
1140
1190
1191
1142
1192
1143
1193
1144
1194
1145
1195
1146
1196
1147
1197
1148
1198
1149
1199
1150
1200
1151
1201
1152
1202
1153
1203
1154
1204
1155
1205
1156
1206
1157
1207
1158
1208
1159
1209
1160
1210
1161
1211
1162
1212
1163
1213
1164
1214
1165
1215
1166
1216
1167
1217
1168
1218
1169
1219
1170
1220
1171
1221
1172
1222
1173
1223
1174
1224
1175
1225
1176
1226
1177
1227
1178
1228
1179
1229
1180
1230
1181
1231
1182
1232
1183
1233
1184
1234
1185
1235
1186
1236
1187
1237
1188
1238
1189
1239
1190
1240
1191
1241
1193
1242
1194
1243
1195
1244
1196
1245
1197
1246
1198
1247
1199
1248
1200
1249
1201
1250
1202
1251
1203
1252
1204
1253
1205
1254
1206
1255
1207
1256
1208
1257
1209
1258
1210
1259
1211
1260
1212
1261
1213
1262
1214
1263
1215
1264
1216
1265
1217
1266
1218
1267
1219
1268
1220
1269
1221
1270
1222
1271
1223
1272
1224
1273
1225
1274
1226
1275
1227
1276
1228
1277
1229
1278
1230
1279
1231
1280
1232
1281
1233
1282
1234
1283
1235
1284
1236
1285
1237
1286
1238
1287
1239
1288
1240
1289
1241
1290
1291
1243
1292
1244
1293
1245
1294
1246
1295
1247
1296
1248
1297
1249
1298
1250
1299
1251
1300
1252
1301
1253
1302
1254
1303
1255
1304
1256
1305
1257
1306
1258
1307
1259
1308
1260
1309
1261
1310
1262
1311
1263
1312
1264
1313
1265
1314
1266
1315
1267
1316
1268
1317
1269
1318
1270
1319
1271
1320
1272
1321
1273
1322
1274
1323
1275
1324
1276
1325
1277
1326
1278
1327
1279
1328
1280
1329
1281
1330
1282
1331
1283
1332
1284
1333
1285
1334
1286
1335
1287
1336
1288
1337
1289
1338
1290
1339
1291
1340
1341
1293
1342
1294
1343
1295
1344
1296
1345
1297
1346
1298
1347
1299
1348
1300
1349
1301
1350
1302
1351
1303
1352
1304
1353
1305
1354
1306
1355
1307
1356
1308
1357
1309
1358
1310
1359
1311
1360
1312
1361
1313
1362
1314
1363
1315
1364
1316
1365
1317
1366
1318
1367
1319
1368
1320
1369
1321
1370
1322
1371
1323
1372
1324
1373
1325
1374
1326
1375
1327
1376
1328
1377
1329
1378
1330
1379
1331
1380
1332
1381
1333
1382
1334
1383
1335
1384
1336
1385
1337
1386
1338
1387
1339
1388
1340
1389
1341
1390
1391
1343
1392
1344
1393
1345
1394
1346
1395
1347
1396
1348
1397
1349
1398
1350
1399
1351
1400
1352
1401
1353
1402
1354
1403
1355
1404
1356
1405
1357
1406
1358
1407
1359
1408
1360
1409
1361
1410
1362
1411
1363
1412
1364
1413
1365
1414
1366
1415
1367
1416
1368
1417
1369
1418
1370
1419
1371
1420
1372
1421
1373
1422
1374
1423
1375
1424
1376
1425
1377
1426
1378
1427
1379
1428
1380
1429
1381
1430
1382
1431
1383
1432
1384
1433
1385
1434
1386
1435
1387
1436
1388
1437
1389
1438
1390
1439
1391
1440
1441
1393
1442
1394
1443
1395
1444
1396
1445
1397
1446
1398
1447
1399
1448
1400
1449
1401
1450
1402
1451
1403
1452
1404
1453
1405
1454
1406
1455
1407
1456
1408
1457
1409
1458
1410
1459
1411
1460
1412
1461
1413
1462
1414
1463
1415
1464
1416
1465
1417
1466
1418
1467
1419
1468
1420
1469
1421
1470
1422
1471
1423
1472
1424
1473
1425
1474
1426
1475
1427
1476
1428
1477
1429
1478
1430
1479
1431
1480
1432
1481
1433
1482
1434
1483
1435
1484
1436
1485
1437
1486
1438
1487
1439
1488
1440
1489
1441
1490
1491
1443
1492
1444
1493
1445
1494
1446
1495
1447
1496
1448
1497
1449
1498
1450
1499
1451
1500
1452
1501
1453
1502
1454
1503
1455
1504
1456
1505
1457
1506
1458
1507
1459
1508
1460
1509
1461
1510
1462
1511
1463
1512
1464
1513
1465
1514
1466
1515
1467
1516
1468
1517
1469
1518
1470
1519
1471
1520
1472
1521
1473
1522
1474
1523
1475
1524
1476
1525
1477
1526
1478
1527
1479
1528
1480
1529
1481
1530
1482
1531
1483
1532
1484
1533
1485
1534
1486
1535
1487
1536
1488
1537
1489
1538
1490
1539
1491
1540
1541
1493
1542
1494
1543
1495
1544
1496
1545
1497
1546
1498
1547
1499
1548
1500
1549
1501
1550
1502
1551
1503
1552
1504
1553
1505
1554
1506
1555
1507
1556
1508
1557
1509
1558
1510
1559
1511
1560
1512
1561
1513
1562
1514
1563
1515
1564
1516
1565
1517
1566
1518
1567
1519
1568
1520
1569
1521
1570
1522
1571
1523
1572
1524
1573
1525
1574
1526
1575
1527
1576
1528
1577
1529
1578
1530
1579
1531
1580
1532
1581
1533
1582
1534
1583
1535
1584
1536
1585
1537
1586
1538
1587
1539
1588
1540
1589
1541
1590
1591
1543
1592
1544
1593
1545
1594
1546
1595
1547
1596
1548
1597
1549
1598
1550
1599
1551
1600
1552
1601
1553
1602
1554
1603
1555
1604
1556
1605
1557
1606
1558
1607
1559
1608
1560
1609
1561
1610
1562
1611
1563
1612
1564
1613
1565
1614
1566
1615
1567
1616
1568
1617
1569
1618
1570
1619
1571
1620
1572
1621
1573
1622
1574
1623
1575
1624
1576
1625
1577
1626
1578
1627
1579
1628
1580
1629
1581
1630
1582
1631
1583
1632
1584
1633
1585
1634
1586
1635
1587
1636
1588
1637
1589
1638
1590
1639
1591
1640
1641
1593
1642
1594
1643
1595
1644
1596
1645
1597
1646
1598
1647
1599
1648
1600
1649
1601
1650
1602
1651
1603
1652
1604
1653
1605
1654
1606
1655
1607
1656
1608
1657
1609
1658
1610
1659
1611
1660
1612
1661
1613
1662
1614
1663
1615
1664
1616
1665
1617
1666
1618
1667
1619
1668
1620
1669
1621
1670
1622
1671
1623
1672
1624
1673
1625
1674
1626
1675
1627
1676
1628
1677
1629
1678
1630
1679
1631
1680
1632
1681
1633
1682
1634
1683
1635
1684
1636
1685
1637
1686
1638
1687
1639
1688
1640
1689
1641
1690
1691
1643
1692
1644
1693
1645
1694
1646
1695
1647
1696
1648
1697
1649
1698
1650
1699
1651
1700
1652
1701
1653
1702
1654
1703
1655
1704
1656
1705
1657
1706
1658
1707
1659
1708
1660
1709
1661
1710
1662
1711
1663
1712
1664
1713
1665
1714
1666
1715
1667
1716
1668
1717
1669
1718
1670
1719
1671
1720
1672
1721
1673
1722
1674
1723
1675
1724
1676
1725
1677
1726
1678
1727
1679
1728
1680
1729
1681
1730
1682
1731
1683
1732
1684
1733
1685
1734
1686
1735
1687
1736
1688
1737
1689
1738
1690
1739
1691
1740
1741
1693
1742
1694
1743
1695
1744
1696
1745
1697
1746
1698
1747
1699
1748
1700
1749
1701
1750
1702
1751
1703
1752
1704
1753
1705
1754
1706
1755
1707
1756
1708
1757
1709
1758
1710
1759
1711
1760
1712
1761
1713
1762
1714
1763
1715
1764
1716
1765
1717
1766
1718
1767
1719
1768
1720
1769
1721
1770
1722
1771
1723
1772
1724
1773
1725
1774
1726
1775
1727
1776
1728
1777
1729
1778
1730
1779
1731
1780
1732
1781
1733
1782
1734
1783
1735
1784
1736
1785
1737
1786
1738
1787
1739
1788
1740
1789
1741
1790
1791
1743
1792
1744
1793
1745
1794
1746
1795
1747
1796
1748
1797
1749
1798
1750
1799
1751
1800
1752
1801
1753
1802
1754
1803
1755
1804
1756
1805
1757
1806
1758
1807
1759
1808
1760
1809
1761
1810
1762
1811
1763
1812
1764
1813
1765
1814
1766
1815
1767
1816
1768
1817
1769
1818
1770
1819
1771
1820
1772
1821
1773
1822
1774
1823
1775
1824
1776
1825
1777
1826
1778
1827
1779
1828
1780
1829
1781
1830
1782
1831
1783
1832
1784
1833
1785
1834
1786
1835
1787
1836
1788
1837
1789
1838
1790
1839
1791
1840
1841
1793
1842
1794
1843
1795
1844
1796
1845
1797
1846
1798
1847
1799
1848
1800
1849
1801
1850
1802
1851
1803
1852
1804
1853
1805
1854
1806
1855
1807
1856
1808
1857
1809
1858
1810
1859
1811
1860
1812
1861
1813
1862
1814
1863
1815
1864
1816
1865
1817
1866
1818
1867
1819
1868
1820
1869
1821
1870
1822
1871
1823
1872
1824
1873
1825
1874
1826
1875
1827
1876
1828
1877
1829
1878
1830
1879
1831
1880
1832
1881
1833
1882
1834
1883
1835
1884
1836
1885
1837
1886
1838
1887
1839
1888
1840
1889
1841
1890
1891
1843
1892
1844
1893
1845
1894
1846
1895
1847
1896
1848
1897
1849
1898
1850
1899
1851
1900
1852
1901
1853
1902
1854
1903
1855
1904
1856
1905
1857
1906
1858
1907
1859
1908
1860
1909
1861
1910
1862
1911
1863
1912
1864
1913
1865
1914
1866
1915
1867
1916
1868
1917
1869
1918
1870
1919
1871
1920
1872
1921
1873
1922
1874
1923
1875
1924
1876
1925
1877
1926
1878
1927
1879
1928
1880
1929
1881
1930
1882
1931
1883
1932
1884
1933
1885
1934
1886
1935
1887
1936
1888
1937
1889
1938
1890
1939
1891
1940
1941
1893
1942
1894
1943
1895
1944
1896
1945
1897
1946
1898
1947
1899
1948
1900
1949
1901
1950
1902
1951
1903
1952
1904
1953
1905
1954
1906
1955
1907
1956
1908
1957
1909
1958
1910
1959
1911
1960
1912
1961
1913
1962
1914
1963
1915
1964
1916
1965
1917
1966
1918
1967
1919
1968
1920
1969
1921
1970
1922
1971
1923
1972
1924
1973
1925
1974
1926
1975
1927
1976
1928
1977
1929
1978
1930
1979
1931
1980
1932
1981
1933
1982
1934
1983
1935
1984
1936
1985
1937
1986
1938
1987
1939
1988
1940
1989
1941
1990
1991
1943
1992
1944
1993
1945
1994
1946
1995
1947
1996
1948
1997
1949
1998
1950
1999
1951
2000
1952
2001
1953
2002
1954
2003
1955
2004
1956
2005
1957
2006
1958
2007
1959
2008
1960
2009
1961
2010
1962
2011
1963
2012
1964
2013
1965
2014
1966
2015
1967
2016
1968
2017
1969
2018
1970
2019
1971
2020
1972
2021
1973
2022
1974
2023
1975
2024
1976
2025
1977
2026
1978
2027
1979
2028
1980
2029
1981
2030
1982
2031
1983
2032
1984
2033
1985
2034
1986
2035
1987
2036
1988
2037
1989
2038
1990
2039
1991
2040
2041
1993
2042
1994
2043
1995
2044
1996
2045
1997
2046
1998
2047
1999
2048
2000
2049
2001
2050
2002
2051
2003
2052
2004
2053
2005
2054
2006
2055
2007
2056
2008
2057
2009
2058
2010
2059
2011
2060
2012
2061
2013
2062
2014
2063
2015
2064
2016
2065
2017
2066
2018
2067
2019
2068
2020
2069
2021
2070
2022
2071
2023
2072
2024
2073
2025
2074
2026
2075
2027
2076
2028
2077
2029
2078
2030
2079
2031
2080
2032
2081
2033
2082
2034
2083
2035
2084
2036
2085
2037
2086
2038
2087
2039
2088
2040
2089
2041
2090
2091
2043
2092
2044
2093
2045
2094
2046
2095
2047
2096
2048
2097
2049
2098
2050
2099
2051
2100
2052
2101
2053
2102
2054
2103
2055
2104
2056
2105
2057
2106
2058
2107
2059
2108
2060
2109
2061
2110
2062
2111
2063
2112
2064
2113
2065
2114
2066
2115
2067
2116
2068
2117
2069
2118
2070
2119
2071
2120
2072
2121
2073
2122
2074
2123
2075
2124
2076
2125
2077
2126
2078
2127
2079
2128
2080
2129
2081
2130
2082
2131
2083
2132
2084
2133
2085
2134
2086
2135
2087
2136
2088
2137
2089
2138
2090
2139
2091
2140
2141
2093
2142
2094
2143
2095
2144
2096
2145
2097
2146
2098
2147
2099
2148
2100
2149
2101
2150
2102
2151
2103
2152
2104
2153
2105
2154
2106
2155
2107
2156
2108
2157
2109
2158
2110
2159
2111
2160
2112
2161
2113
2162
2114
2163
2115
2164
2116
2165
2117
2166
2118
2167
2119
2168
2120
2169
2121
2170
2122
2171
2123
2172
2124
2173
2125
2174
2126
2175
2127
2176
2128
2177
2129
2178
2130
2179
2131
2180
2132
2181
2133
2182
2134
2183
2135
2184
2136
2185
2137
2186
2138
2187
2139
2188
2140
2189
2141
2190
2191
2143
2192
2144
2193
2145
2194
2146
2195
2147
2196
2148
2197
2149
2198
2150
2199
2151
2200
2152
2201
2153
2202
2154
2203
2155
2204
2156
2205
2157
2206
2158
2207
2159
2208
2160
2209
2161
2210
2162
2211
2163
2212
2164
2213
2165
2214
2166
2215
2167
2216
2168
2217
2169
2218
2170
2219
2171
2220
2172
2221
2173
2222
2174
2223
2175
2224
2176
2225
2177
2226
2178
2227
2179
2228
2180
2229
2181
2230
2182
2231
2183
2232
2184
2233
2185
2234
2186
2235
2187
2236
2188
2237
2189
2238
2190
2239
2191
2240
2241
2193
2242
2194
2243
2195
2244
2196
2245
2197
2246
2198
2247
2199
2248
2200
2249
2201
2250
2202
2251
2203
2252
2204
2253
2205
2254
2206
2255
2207
2256
2208
2257
2209
2258
2210
2259
2211
2260
2212
2261
2213
2262
2214
2263
2215
2264
2216
2265
2217
2266
2218
2267
2219
2268
2220
2269
2221
2270
2222
2271
2223
2272
2224
2273
2225
2274
2226
2275
2227
2276
2228
2277
2229
2278
2230
2279
2231
2280
2232
2281
2233
2282
2234
2283
2235
2284
2236
2285
2237
2286
2238
2287
2239
2288
2240
2289
2241
2290
2291
2243
2292
2244
2293
2245
2294
2246
2295
2247
2296
2248
2297
2249
2298
2250
2299
2251
2300
2252
2301
2253
2302
2254
2303
2255
2304
2256
2305
2257
2306
2258
2307
2259
2308
2260
2309
2261
2310
2262
2311
2263
2312
2264
2313
2265
2314
2266
2315
2267
2316
2268
2317
2269
2318
2270
2319
2271
2320
2272
2321
2273
2322
2274
2323
2275
2324
2276
2325
2277
2326
2278
2327
2279
2328
2280
2329
2281
2330
2282
2331
2283
2332
2284
2333
2285
2334
2286
2335
2287
2336
2288
2337
2289
2338
2290
2339
2291
2340
2341
2293
2342
2294
2343
2295
2344
2296
2345
2297
2346
2298
2347
2299
2348
2300
2349
2301
2350
2302
2351
2303
2352
2304
2353
2305
2354
2306
2355
2307
2356
2308
2357
2309
2358
2310
2359
2311
2360
2312
2361
2313
2362
2314
2363
2315
2364
2316
2365
2317
2366
2318
2367
2319
2368
2320
2369
2321
2370
2322
2371
2323
2372
2324
2373
2325
2374
2326
2375
2327
2376
2328
2377
2329
2378
2330
2379
2331
2380
2332
2381
2333
2382
2334
2383
2335
2384
2336
2385
2337
2386
2338
2387
2339
2388
2340
2389
2341
2390
2391
2343
2392
2344
2393
2345
2394
2346
2395
2347
2396
2348
2397
2349
2398
2350
2399
2351
2400
2352
2401
2353
2402
2354
2403
2355
2404
2356
2405
2357
2406
2358
2407
2359
2408
2360
2409
2361
2410
2362
2411
2363
2412
2364
2413
2365
2414
2366
2415
2367
2416
2368
2417
2369
2418
2370
2419
2371
2420
2372
2421
2373
2422
2374
2423
2375
2424
2376
2425
2377
2426
2378
2427
2379
2428
2380
2429
2381
2430
2382
2431
2383
2432
2384
2433
2385
2434
2386
2435
2387
2436
2388
2437
2389
2438
2390
2439
2391
2440
2441
2393
2442
2394
2443
2395
2444
2396
2445
2397
2446
2398
2447
2399
2448
2400
2449
2401
2450
2402
2451
2403
2452
2404
2453
2405
2454
2406
2455
2407
2456
2408
2457
2409
2458
2410
2459
2411
2460
2412
2461
2413
2462
2414
2463
2415
2464
2416
2465
2417
2466
2418
2467
2419
2468
2420
2469
2421
2470
2422
2471
2423
2472
2424
2473
2425
2474
2426
2475
2427
2476
2428
2477
2429
2478
2430
2479
2431
2480
2432
2481
2433
2482
2434
2483
2435
2484
2436
2485
2437
2486
2438
2487
2439
2488
2440
2489
2441
2490
2443
2491
2444
2492
2445
2493
2446
2494
2447
2495
2448
2496
2449
2497
2450
2498
2451
2499
2452
2500
2453
2501
2454
2502
2455
2503
2456
2504
2457
2505
2458
2506
2459
2507
2460
2508
2461
2509
2462
2510
2463
2511
2464
2512
2465
2513
2466
2514
2467
2515
2468
2516
2469
2517
2470
2518
2471
2519
2472
2520
2473
2521
2474
2522
2475
2523
2476
2524
2477
2525
2478
2526
2479
2527
2480
2528
2481
2529
2482
2530
2483
2531
2484
2532
2485
2533
2486
2534
2487
2535
2488
2536
2489
2537
2490
2538
2539
2492
2540
2493
2541
2494
2542
2495
2543
2496
2544
2497
2545
2498
2546
2499
2547
2500
2548
2501
2549
2502
2550
2503
2551
2504
2552
2505
2553
2506
2554
2507
2555
2508
2556
2509
2557
2510
2558
2511
2559
2512
2560
2513
2561
2514
2562
2515
2563
2516
2564
2517
2565
2518
2566
2519
2567
2520
2568
2521
2569
2522
2570
2523
2571
2524
2572
2525
2573
2526
2574
2527
2575
2528
2576
2529
2577
2530
2578
2531
2579
2532
2580
2533
2581
2534
2582
2535
2583
2536
2584
2537
2585
2538
2586
2539
2587
2588
2541
2589
2542
2590
2543
2591
2544
2592
2545
2593
2546
2594
2547
2595
2548
2596
2549
2597
2550
2598
2551
2599
2552
2600
2553
2601
2554
2602
2555
2603
2556
2604
2557
2605
2558
2606
2559
2607
2560
2608
2561
2609
2562
2610
2563
2611
2564
2612
2565
2613
2566
2614
2567
2615
2568
2616
2569
2617
2570
2618
2571
2619
2572
2620
2573
2621
2574
2622
2575
2623
2576
2624
2577
2625
2578
2626
2579
2627
2580
2628
2581
2629
2582
2630
2583
2631
2584
2632
2585
2633
2586
2634
2587
2635
2588
2636
2637
2590
2638
2591
2639
2592
2640
2593
2641
2594
2642
2595
2643
2596
2644
2597
2645
2598
2646
2599
2647
2600
2648
2601
2649
2602
2650
2603
2651
2604
2652
2605
2653
2606
2654
2607
2655
2608
2656
2609
2657
2610
2658
2611
2659
2612
2660
2613
2661
2614
2662
2615
2663
2616
2664
2617
2665
2618
2666
2619
2667
2620
2668
2621
2669
2622
2670
2623
2671
2624
2672
2625
2673
2626
2674
2627
2675
2628
2676
2629
2677
2630
2678
2631
2679
2632
2680
2633
2681
2634
2682
2635
2683
2636
2684
2637
2685
2686
2639
2687
2640
2688
2641
2689
2642
2690
2643
2691
2644
2692
2645
2693
2646
2694
2647
2695
2648
2696
2649
2697
2650
2698
2651
2699
2652
2700
2653
2701
2654
2702
2655
2703
2656
2704
2657
2705
2658
2706
2659
2707
2660
2708
2661
2709
2662
2710
2663
2711
2664
2712
2665
2713
2666
2714
2667
2715
2668
2716
2669
2717
2670
2718
2671
2719
2672
2720
2673
2721
2674
2722
2675
2723
2676
2724
2677
2725
2678
2726
2679
2727
2680
2728
2681
2729
2682
2730
2683
2731
2684
2732
2685
2733
2686
2734
2735
2688
2736
2689
2737
2690
2738
2691
2739
2692
2740
2693
2741
2694
2742
2695
2743
2696
2744
2697
2745
2698
2746
2699
2747
2700
2748
2701
2749
2702
2750
2703
2751
2704
2752
2705
2753
2706
2754
2707
2755
2708
2756
2709
2757
2710
2758
2711
2759
2712
2760
2713
2761
2714
2762
2715
2763
2716
2764
2717
2765
2718
2766
2719
2767
2720
2768
2721
2769
2722
2770
2723
2771
2724
2772
2725
2773
2726
2774
2727
2775
2728
2776
2729
2777
2730
2778
2731
2779
2732
2780
2733
2781
2734
2782
2735
2783
2784
2737
2785
2738
2786
2739
2787
2740
2788
2741
2789
2742
2790
2743
2791
2744
2792
2745
2793
2746
2794
2747
2795
2748
2796
2749
2797
2750
2798
2751
2799
2752
2800
2753
2801
2754
2802
2755
2803
2756
2804
2757
2805
2758
2806
2759
2807
2760
2808
2761
2809
2762
2810
2763
2811
2764
2812
2765
2813
2766
2814
2767
2815
2768
2816
2769
2817
2770
2818
2771
2819
2772
2820
2773
2821
2774
2822
2775
2823
2776
2824
2777
2825
2778
2826
2779
2827
2780
2828
2781
2829
2782
2830
2783
2831
2784
2832
2833
2786
2834
2787
2835
2788
2836
2789
2837
2790
2838
2791
2839
2792
2840
2793
2841
2794
2842
2795
2843
2796
2844
2797
2845
2798
2846
2799
2847
2800
2848
2801
2849
2802
2850
2803
2851
2804
2852
2805
2853
2806
2854
2807
2855
2808
2856
2809
2857
2810
2858
2811
2859
2812
2860
2813
2861
2814
2862
2815
2863
2816
2864
2817
2865
2818
2866
2819
2867
2820
2868
2821
2869
2822
2870
2823
2871
2824
2872
2825
2873
2826
2874
2827
2875
2828
2876
2829
2877
2830
2878
2831
2879
2832
2880
2833
2881
2882
2835
2883
2836
2884
2837
2885
2838
2886
2839
2887
2840
2888
2841
2889
2842
2890
2843
2891
2844
2892
2845
2893
2846
2894
2847
2895
2848
2896
2849
2897
2850
2898
2851
2899
2852
2900
2853
2901
2854
2902
2855
2903
2856
2904
2857
2905
2858
2906
2859
2907
2860
2908
2861
2909
2862
2910
2863
2911
2864
2912
2865
2913
2866
2914
2867
2915
2868
2916
2869
2917
2870
2918
2871
2919
2872
2920
2873
2921
2874
2922
2875
2923
2876
2924
2877
2925
2878
2926
2879
2927
2880
2928
2881
2929
2882
2930
2931
2884
2932
2885
2933
2886
2934
2887
2935
2888
2936
2889
2937
2890
2938
2891
2939
2892
2940
2893
2941
2894
2942
2895
2943
2896
2944
2897
2945
2898
2946
2899
2947
2900
2948
2901
2949
2902
2950
2903
2951
2904
2952
2905
2953
2906
2954
2907
2955
2908
2956
2909
2957
2910
2958
2911
2959
2912
2960
2913
2961
2914
2962
2915
2963
2916
2964
2917
2965
2918
2966
2919
2967
2920
2968
2921
2969
2922
2970
2923
2971
2924
2972
2925
2973
2926
2974
2927
2975
2928
2976
2929
2977
2930
2978
2931
2979
2980
2933
2981
2934
2982
2935
2983
2936
2984
2937
2985
2938
2986
2939
2987
2940
2988
2941
2989
2942
2990
2943
2991
2944
2992
2945
2993
2946
2994
2947
2995
2948
2996
2949
2997
2950
2998
2951
2999
2952
3000
2953
3001
2954
3002
2955
3003
2956
3004
2957
3005
2958
3006
2959
3007
2960
3008
2961
3009
2962
3010
2963
3011
2964
3012
2965
3013
2966
3014
2967
3015
2968
3016
2969
3017
2970
3018
2971
3019
2972
3020
2973
3021
2974
3022
2975
3023
2976
3024
2977
3025
2978
3026
2979
3027
2980
3028
3029
2982
3030
2983
3031
2984
3032
2985
3033
2986
3034
2987
3035
2988
3036
2989
3037
2990
3038
2991
3039
2992
3040
2993
3041
2994
3042
2995
3043
2996
3044
2997
3045
2998
3046
2999
3047
3000
3048
3001
3049
3002
3050
3003
3051
3004
3052
3005
3053
3006
3054
3007
3055
3008
3056
3009
3057
3010
3058
3011
3059
3012
3060
3013
3061
3014
3062
3015
3063
3016
3064
3017
3065
3018
3066
3019
3067
3020
3068
3021
3069
3022
3070
3023
3071
3024
3072
3025
3073
3026
3074
3027
3075
3028
3076
3029
3077
3078
3031
3079
3032
3080
3033
3081
3034
3082
3035
3083
3036
3084
3037
3085
3038
3086
3039
3087
3040
3088
3041
3089
3042
3090
3043
3091
3044
3092
3045
3093
3046
3094
3047
3095
3048
3096
3049
3097
3050
3098
3051
3099
3052
3100
3053
3101
3054
3102
3055
3103
3056
3104
3057
3105
3058
3106
3059
3107
3060
3108
3061
3109
3062
3110
3063
3111
3064
3112
3065
3113
3066
3114
3067
3115
3068
3116
3069
3117
3070
3118
3071
3119
3072
3120
3073
3121
3074
3122
3075
3123
3076
3124
3077
3125
3078
3126
3127
3080
3128
3081
3129
3082
3130
3083
3131
3084
3132
3085
3133
3086
3134
3087
3135
3088
3136
3089
3137
3090
3138
3091
3139
3092
3140
3093
3141
3094
3142
3095
3143
3096
3144
3097
3145
3098
3146
3099
3147
3100
3148
3101
3149
3102
3150
3103
3151
3104
3152
3105
3153
3106
3154
3107
3155
3108
3156
3109
3157
3110
3158
3111
3159
3112
3160
3113
3161
3114
3162
3115
3163
3116
3164
3117
3165
3118
3166
3119
3167
3120
3168
3121
3169
3122
3170
3123
3171
3124
3172
3125
3173
3126
3174
3127
3175
3176
3129
3177
3130
3178
3131
3179
3132
3180
3133
3181
3134
3182
3135
3183
3136
3184
3137
3185
3138
3186
3139
3187
3140
3188
3141
3189
3142
3190
3143
3191
3144
3192
3145
3193
3146
3194
3147
3195
3148
3196
3149
3197
3150
3198
3151
3199
3152
3200
3153
3201
3154
3202
3155
3203
3156
3204
3157
3205
3158
3206
3159
3207
3160
3208
3161
3209
3162
3210
3163
3211
3164
3212
3165
3213
3166
3214
3167
3215
3168
3216
3169
3217
3170
3218
3171
3219
3172
3220
3173
3221
3174
3222
3175
3223
3176
3224
3225
3178
3226
3179
3227
3180
3228
3181
3229
3182
3230
3183
3231
3184
3232
3185
3233
3186
3234
3187
3235
3188
3236
3189
3237
3190
3238
3191
3239
3192
3240
3193
3241
3194
3242
3195
3243
3196
3244
3197
3245
3198
3246
3199
3247
3200
3248
3201
3249
3202
3250
3203
3251
3204
3252
3205
3253
3206
3254
3207
3255
3208
3256
3209
3257
3210
3258
3211
3259
3212
3260
3213
3261
3214
3262
3215
3263
3216
3264
3217
3265
3218
3266
3219
3267
3220
3268
3221
3269
3222
3270
3223
3271
3224
3272
3225
3273
3274
3227
3228
3229
3230
3231
3232
3233
3234
3235
3236
3237
3238
3239
3240
3241
3242
3243
3244
3245
3246
3247
3248
3249
3250
3251
3252
3253
3254
3255
3256
3257
3258
3259
3260
3261
3262
3263
3264
3265
3266
3267
3268
3269
3270
3271
3272
3273
3274
)


// ************************************************************************* //
