/*--------------------------------*- C++ -*----------------------------------*\
| =========                 |                                                 |
| \\      /  F ield         | OpenFOAM: The Open Source CFD Toolbox           |
|  \\    /   O peration     | Version:  2312                                  |
|   \\  /    A nd           | Website:  www.openfoam.com                      |
|    \\/     M anipulation  |                                                 |
\*---------------------------------------------------------------------------*/
FoamFile
{
    version     2.0;
    format      ascii;
    arch        "LSB;label=32;scalar=64";
    class       volScalarField;
    location    "0.02";
    object      f_Bilger;
}
// * * * * * * * * * * * * * * * * * * * * * * * * * * * * * * * * * * * * * //

dimensions      [0 0 0 0 0 0 0];

internalField   nonuniform List<scalar> 
3224
(
5.1807474e-06
4.3771668e-06
3.6932993e-06
3.1122154e-06
2.6192247e-06
2.2016139e-06
1.8483869e-06
1.5500536e-06
1.2984416e-06
1.0865277e-06
9.0828807e-07
7.5856631e-07
6.3295686e-07
5.2770276e-07
4.3960627e-07
3.659504e-07
3.0443099e-07
2.5309723e-07
2.1030053e-07
1.7464977e-07
1.4497326e-07
1.2028533e-07
9.9758325e-08
8.269788e-08
6.8522602e-08
5.6745839e-08
4.6961058e-08
3.8828598e-08
3.2065241e-08
2.6434582e-08
2.1739682e-08
1.7816163e-08
1.4527064e-08
1.1757859e-08
9.4128896e-09
7.4118318e-09
5.6872006e-09
4.1818584e-09
2.8472326e-09
1.6415714e-09
5.2878166e-10
5.1806873e-06
4.3770715e-06
3.6932842e-06
3.1122652e-06
2.619309e-06
2.201714e-06
1.8484921e-06
1.550158e-06
1.2985419e-06
1.0866219e-06
9.0837533e-07
7.5864624e-07
6.3302947e-07
5.2776831e-07
4.3966514e-07
3.6600303e-07
3.0447787e-07
2.5313886e-07
2.1033739e-07
1.7468233e-07
1.4500196e-07
1.2031057e-07
9.9780476e-08
8.2717287e-08
6.8539568e-08
5.6760647e-08
4.6973952e-08
3.8839802e-08
3.2074948e-08
2.6442968e-08
2.1746895e-08
1.7822338e-08
1.4532315e-08
1.176229e-08
9.4165832e-09
7.4148624e-09
5.6896254e-09
4.183722e-09
2.848567e-09
1.6424002e-09
5.2907391e-10
5.1794707e-06
4.3760812e-06
3.6925259e-06
3.1116817e-06
2.6188586e-06
2.2013656e-06
1.8482228e-06
1.5499506e-06
1.298383e-06
1.0865012e-06
9.0828469e-07
7.5857914e-07
6.3298075e-07
5.2773385e-07
4.3964166e-07
3.6598793e-07
3.0446911e-07
2.531348e-07
2.1033677e-07
1.7468416e-07
1.4500548e-07
1.2031519e-07
9.9785748e-08
8.2722884e-08
6.8545244e-08
5.6766227e-08
4.697931e-08
3.8844857e-08
3.2079644e-08
2.6447276e-08
2.1750798e-08
1.7825837e-08
1.4535413e-08
1.1764999e-08
9.4189158e-09
7.4168324e-09
5.6912431e-09
4.184995e-09
2.849498e-09
1.6429919e-09
5.292821e-10
5.1772133e-06
4.3742723e-06
3.6910628e-06
3.1104963e-06
2.6178993e-06
2.2005899e-06
1.8475965e-06
1.5494457e-06
1.297977e-06
1.0861757e-06
9.0802452e-07
7.5837197e-07
6.3281646e-07
5.2760417e-07
4.395398e-07
3.6590839e-07
3.0440739e-07
2.5308728e-07
2.1030049e-07
1.7465675e-07
1.4498503e-07
1.2030018e-07
9.9774949e-08
8.2715329e-08
6.8540159e-08
5.6763006e-08
4.6977475e-08
3.8844038e-08
3.2079547e-08
2.6447679e-08
2.1751527e-08
1.7826764e-08
1.4536436e-08
1.1766045e-08
9.4199269e-09
7.417767e-09
5.6920667e-09
4.1856802e-09
2.8500214e-09
1.643339e-09
5.2940828e-10
6.1150249e-06
5.1740053e-06
4.3716294e-06
3.6888798e-06
3.1086964e-06
2.6164202e-06
2.1993775e-06
1.8466047e-06
1.5486361e-06
1.2973175e-06
1.0856397e-06
9.0758994e-07
7.5802049e-07
6.3253293e-07
5.2737606e-07
4.393568e-07
3.6576201e-07
3.0429066e-07
2.529945e-07
2.1022701e-07
1.7459878e-07
1.4493949e-07
1.2026457e-07
9.9747247e-08
8.2693904e-08
6.8523701e-08
5.6750461e-08
4.6968002e-08
3.8836963e-08
3.2074335e-08
2.6443903e-08
2.1748852e-08
1.7824924e-08
1.4535223e-08
1.1765294e-08
9.4195102e-09
7.4175825e-09
5.6920338e-09
4.1857339e-09
2.85011e-09
1.6434283e-09
5.2944904e-10
6.1106043e-06
5.1700146e-06
4.3683225e-06
3.6861236e-06
3.1064053e-06
2.6145234e-06
2.197812e-06
1.8453159e-06
1.5475775e-06
1.2964498e-06
1.08493e-06
9.0701064e-07
7.5754864e-07
6.3214939e-07
5.2706495e-07
4.3910497e-07
3.6555858e-07
3.0412668e-07
2.528626e-07
2.1012116e-07
1.7451402e-07
1.4487178e-07
1.2021062e-07
9.9704371e-08
8.265993e-08
6.8496861e-08
5.6729332e-08
4.695143e-08
3.8824024e-08
3.2064281e-08
2.6436138e-08
2.1742895e-08
1.7820396e-08
1.4531816e-08
1.1762767e-08
9.4176689e-09
7.416274e-09
5.6911351e-09
4.1851478e-09
2.8497592e-09
1.6432592e-09
5.2940523e-10
6.1052102e-06
5.1653997e-06
4.364488e-06
3.6829137e-06
3.1037265e-06
2.6122972e-06
2.1959683e-06
1.8437931e-06
1.5463226e-06
1.295418e-06
1.0840833e-06
9.0631726e-07
7.5698187e-07
6.3168697e-07
5.2668834e-07
4.387988e-07
3.6531011e-07
3.0392537e-07
2.5269979e-07
2.099897e-07
1.7440807e-07
1.4478653e-07
1.2014215e-07
9.9649481e-08
8.2616011e-08
6.8461793e-08
5.6701394e-08
4.6929227e-08
3.8806429e-08
3.2050382e-08
2.64252e-08
2.1734328e-08
1.7813725e-08
1.4526661e-08
1.1758824e-08
9.4146916e-09
7.4140689e-09
5.6895463e-09
4.1840525e-09
2.8490595e-09
1.6428839e-09
5.2929446e-10
6.0985178e-06
5.1598054e-06
4.3598035e-06
3.6789802e-06
3.1004354e-06
2.6095554e-06
2.193692e-06
1.8419085e-06
1.5447661e-06
1.2941352e-06
1.0830282e-06
9.0545103e-07
7.5627198e-07
6.311062e-07
5.2621399e-07
4.3841196e-07
3.6499513e-07
3.0366927e-07
2.5249186e-07
2.0982112e-07
1.7427158e-07
1.4467617e-07
1.2005304e-07
9.9577631e-08
8.2558164e-08
6.8415286e-08
5.6664068e-08
4.6899321e-08
3.8782522e-08
3.2031312e-08
2.6410038e-08
2.1722316e-08
1.7804258e-08
1.4519244e-08
1.1753066e-08
9.4102738e-09
7.4107404e-09
5.687103e-09
4.1823354e-09
2.8479409e-09
1.6422687e-09
5.2910771e-10
7.1885465e-06
6.0906048e-06
5.1531523e-06
4.3541988e-06
3.6742642e-06
3.0964837e-06
2.6062579e-06
2.1909498e-06
1.8396344e-06
1.5428848e-06
1.2925822e-06
1.0817486e-06
9.0439867e-07
7.5540797e-07
6.3039797e-07
5.2563434e-07
4.3793824e-07
3.646085e-07
3.0335414e-07
2.5223533e-07
2.0961254e-07
1.7410219e-07
1.4453876e-07
1.199417e-07
9.948751e-08
8.2485306e-08
6.8356453e-08
5.6616624e-08
4.6861115e-08
3.875181e-08
3.2006673e-08
2.6390323e-08
2.170659e-08
1.7791772e-08
1.4509386e-08
1.1745349e-08
9.4043011e-09
7.4061976e-09
5.6837368e-09
4.1799457e-09
2.8463693e-09
1.6413945e-09
5.2883848e-10
7.1781183e-06
6.0813905e-06
5.1453452e-06
4.3475993e-06
3.6687048e-06
3.0918211e-06
2.6023631e-06
2.1877071e-06
1.8369421e-06
1.5406548e-06
1.2907389e-06
1.080228e-06
9.031464e-07
7.543784e-07
6.2955279e-07
5.2494153e-07
4.3737109e-07
3.6414482e-07
3.029755e-07
2.5192649e-07
2.093609e-07
1.7389736e-07
1.443722e-07
1.1980639e-07
9.9377688e-08
8.2396262e-08
6.8284321e-08
5.6558263e-08
4.6813948e-08
3.8713752e-08
3.1976014e-08
2.6365687e-08
2.168685e-08
1.7776023e-08
1.449689e-08
1.1735514e-08
9.3966472e-09
7.4003429e-09
5.6793727e-09
4.1768298e-09
2.8443087e-09
1.6402416e-09
5.2848127e-10
8.447482e-06
7.1657286e-06
6.0707229e-06
5.136279e-06
4.339926e-06
3.6622387e-06
3.0863958e-06
2.5978283e-06
2.1839286e-06
1.8338023e-06
1.5380517e-06
1.2885853e-06
1.0784496e-06
9.0168036e-07
7.5317178e-07
6.2856116e-07
5.2412772e-07
4.3670406e-07
3.6359876e-07
3.0252897e-07
2.5156172e-07
2.0906322e-07
1.7365466e-07
1.4417449e-07
1.1964547e-07
9.9246812e-08
8.2289916e-08
6.8197979e-08
5.6488231e-08
4.6757206e-08
3.8667841e-08
3.1938925e-08
2.6335791e-08
2.166282e-08
1.7756787e-08
1.4481573e-08
1.1723415e-08
9.3871946e-09
7.3930835e-09
5.6739401e-09
4.1729361e-09
2.8417237e-09
1.6387895e-09
5.2802903e-10
8.4307603e-06
7.1513554e-06
6.0584445e-06
5.1258432e-06
4.3310951e-06
3.6547986e-06
3.0801527e-06
2.5926081e-06
2.1795768e-06
1.8301838e-06
1.5350498e-06
1.2860999e-06
1.0763956e-06
8.9998578e-07
7.5177589e-07
6.2741296e-07
5.2318451e-07
4.3593021e-07
3.6296457e-07
3.0200979e-07
2.5113712e-07
2.0871627e-07
1.7337141e-07
1.4394342e-07
1.1945712e-07
9.9093392e-08
8.2165045e-08
6.8096418e-08
5.6405704e-08
4.6690207e-08
3.861352e-08
3.1894946e-08
2.6300262e-08
2.1634194e-08
1.7733815e-08
1.4463234e-08
1.170889e-08
9.3758165e-09
7.384321e-09
5.6673643e-09
4.1682098e-09
2.8385776e-09
1.6370179e-09
5.274759e-10
9.903295e-06
8.411278e-06
7.1348496e-06
6.0444017e-06
5.1139251e-06
4.3210193e-06
3.6463141e-06
3.0730345e-06
2.5866554e-06
2.1746128e-06
1.8260545e-06
1.5316223e-06
1.2832606e-06
1.0740477e-06
8.9804746e-07
7.5017812e-07
6.2609775e-07
5.2210329e-07
4.3504241e-07
3.622364e-07
3.0141314e-07
2.5064869e-07
2.0831677e-07
1.7304492e-07
1.4367678e-07
1.1923951e-07
9.8915923e-08
8.2020409e-08
6.7978621e-08
5.6309843e-08
4.6612266e-08
3.8550224e-08
3.1843617e-08
2.6258722e-08
2.1600663e-08
1.7706854e-08
1.4441669e-08
1.1691773e-08
9.3623807e-09
7.3739512e-09
5.6595659e-09
4.1625917e-09
2.8348308e-09
1.6349036e-09
5.2681377e-10
9.8770569e-06
8.3890251e-06
7.1160425e-06
6.0284461e-06
5.1004096e-06
4.3096073e-06
3.6367115e-06
3.0649807e-06
2.5799204e-06
2.1689954e-06
1.8213802e-06
1.527741e-06
1.2800439e-06
1.0713865e-06
8.9584931e-07
7.4836515e-07
6.2460451e-07
5.2087494e-07
4.3403313e-07
3.61408e-07
3.0073386e-07
2.5009219e-07
2.0786123e-07
1.7267229e-07
1.4337219e-07
1.189907e-07
9.8712794e-08
8.1854686e-08
6.7843498e-08
5.6199755e-08
4.6522648e-08
3.8477353e-08
3.1784443e-08
2.6210765e-08
2.1561898e-08
1.7675638e-08
1.4416661e-08
1.1671893e-08
9.3467501e-09
7.3618679e-09
5.6504639e-09
4.1560242e-09
2.8304446e-09
1.6324245e-09
5.2603624e-10
1.1578027e-05
9.8471227e-06
8.3638257e-06
7.094762e-06
6.0104329e-06
5.0851803e-06
4.296765e-06
3.6259138e-06
3.0559281e-06
2.572351e-06
2.1626817e-06
1.8161255e-06
1.5233765e-06
1.2764255e-06
1.0683917e-06
8.9337459e-07
7.4632313e-07
6.2292177e-07
5.1948997e-07
4.3289452e-07
3.6047289e-07
2.9996661e-07
2.494632e-07
2.0734599e-07
1.7225053e-07
1.4302718e-07
1.1870864e-07
9.8482332e-08
8.1666494e-08
6.7689916e-08
5.6074506e-08
4.6420587e-08
3.8394275e-08
3.1716908e-08
2.615597e-08
2.1517553e-08
1.7639883e-08
1.4387981e-08
1.1649064e-08
9.3287774e-09
7.3479547e-09
5.6399696e-09
4.1484413e-09
2.8253733e-09
1.6295542e-09
5.2513422e-10
1.1538359e-05
9.8134637e-06
8.3354809e-06
7.0708381e-06
5.9902188e-06
5.0681189e-06
4.2823954e-06
3.6138414e-06
3.0458111e-06
2.5638932e-06
2.1556269e-06
1.8102533e-06
1.5184981e-06
1.2723799e-06
1.0650423e-06
8.9060582e-07
7.4403755e-07
6.2103751e-07
5.1793844e-07
4.3161835e-07
3.5942428e-07
2.9910576e-07
2.4875709e-07
2.0676723e-07
1.7177648e-07
1.4263913e-07
1.1839118e-07
9.8222766e-08
8.145438e-08
6.7516677e-08
5.5933111e-08
4.6305271e-08
3.8300326e-08
3.1640466e-08
2.6093889e-08
2.1467261e-08
1.7599293e-08
1.435539e-08
1.1623093e-08
9.3083096e-09
7.3320928e-09
5.6279925e-09
4.1397778e-09
2.8195723e-09
1.6262678e-09
5.2410038e-10
1.3494347e-05
1.149373e-05
9.7758392e-06
8.3037835e-06
7.0441016e-06
5.9676608e-06
5.0491058e-06
4.266399e-06
3.6004119e-06
3.0345617e-06
2.5544907e-06
2.1477845e-06
1.803725e-06
1.5130737e-06
1.2678806e-06
1.0613163e-06
8.8752475e-07
7.4149331e-07
6.1893924e-07
5.1620998e-07
4.3019607e-07
3.5825508e-07
2.9814547e-07
2.4796902e-07
2.0612096e-07
1.7124686e-07
1.4220535e-07
1.180361e-07
9.793226e-08
8.121683e-08
6.7322536e-08
5.5774547e-08
4.6175861e-08
3.8194813e-08
3.155455e-08
2.6024057e-08
2.1410645e-08
1.7553558e-08
1.4318635e-08
1.1593778e-08
9.2851849e-09
7.3141547e-09
5.6144351e-09
4.1299614e-09
2.8129937e-09
1.622538e-09
5.2292518e-10
1.3435384e-05
1.1443966e-05
9.7339856e-06
8.2685285e-06
7.0143842e-06
5.9426155e-06
5.0280197e-06
4.2486742e-06
3.5855407e-06
3.0221097e-06
2.5440852e-06
2.1391061e-06
1.7965006e-06
1.5070703e-06
1.2629001e-06
1.0571908e-06
8.8411245e-07
7.3867469e-07
6.1661392e-07
5.1429383e-07
4.2861874e-07
3.5695791e-07
2.9707963e-07
2.4709394e-07
2.0540301e-07
1.706582e-07
1.4172299e-07
1.1764105e-07
9.7608871e-08
8.0952244e-08
6.7106172e-08
5.5597725e-08
4.603146e-08
3.8077003e-08
3.1458555e-08
2.5945979e-08
2.1347299e-08
1.7502349e-08
1.427745e-08
1.1560904e-08
9.259233e-09
7.2940079e-09
5.5991964e-09
4.1189189e-09
2.8055873e-09
1.6183355e-09
5.2159979e-10
1.3370308e-05
1.1388878e-05
9.6876656e-06
8.2295167e-06
6.9815174e-06
5.9149389e-06
5.0047377e-06
4.2291176e-06
3.5691413e-06
3.0083829e-06
2.5326168e-06
2.1295421e-06
1.7885388e-06
1.5004535e-06
1.2574099e-06
1.0526423e-06
8.8034931e-07
7.3556546e-07
6.1404809e-07
5.1217881e-07
4.2687713e-07
3.5552513e-07
2.9590192e-07
2.4612663e-07
2.0460907e-07
1.7000697e-07
1.411891e-07
1.172036e-07
9.7250613e-08
8.0658983e-08
6.6866239e-08
5.5401538e-08
4.5871158e-08
3.7946145e-08
3.1351867e-08
2.5859151e-08
2.127681e-08
1.7445329e-08
1.4231562e-08
1.1524251e-08
9.2302787e-09
7.2715143e-09
5.5821706e-09
4.1065724e-09
2.7973006e-09
1.6136283e-09
5.2011363e-10
1.3298766e-05
1.1328319e-05
9.6366649e-06
8.1865534e-06
6.9453331e-06
5.8844857e-06
4.979136e-06
4.2076242e-06
3.5511256e-06
2.9933077e-06
2.5200241e-06
2.1190412e-06
1.779797e-06
1.493188e-06
1.2513806e-06
1.0476462e-06
8.7621504e-07
7.3214875e-07
6.1122777e-07
5.0985334e-07
4.2496162e-07
3.5394876e-07
2.9460573e-07
2.4506164e-07
2.0373462e-07
1.6928941e-07
1.4060061e-07
1.167212e-07
9.6855373e-08
8.0335306e-08
6.6601298e-08
5.5184801e-08
4.5693977e-08
3.7801436e-08
3.1233827e-08
2.5763033e-08
2.1198737e-08
1.7382139e-08
1.418068e-08
1.1483585e-08
9.1981352e-09
7.2465281e-09
5.5632468e-09
4.0928412e-09
2.788078e-09
1.6083868e-09
5.1845724e-10
1.5496315e-05
1.3220061e-05
1.126198e-05
9.5807557e-06
8.1394431e-06
6.9056622e-06
5.8511104e-06
4.9510896e-06
4.184088e-06
3.531404e-06
2.9768091e-06
2.5062444e-06
2.1075512e-06
1.7702318e-06
1.4852374e-06
1.2447821e-06
1.0421775e-06
8.7168888e-07
7.2840734e-07
6.0813865e-07
5.0730555e-07
4.2286238e-07
3.5222068e-07
2.9318435e-07
2.4389339e-07
2.0277507e-07
1.6850174e-07
1.3995438e-07
1.1619128e-07
9.6421024e-08
7.9979459e-08
6.6309907e-08
5.4946325e-08
4.5498942e-08
3.7642074e-08
3.1103774e-08
2.5657084e-08
2.1112637e-08
1.7312418e-08
1.412451e-08
1.1438669e-08
9.1626137e-09
7.2189008e-09
5.5423109e-09
4.0776409e-09
2.7778632e-09
1.6025774e-09
5.1662035e-10
1.5395492e-05
1.3134328e-05
1.1189606e-05
9.5197093e-06
8.0879895e-06
6.8623352e-06
5.8146664e-06
4.920473e-06
4.158402e-06
3.5098864e-06
2.9588111e-06
2.491214e-06
2.0950189e-06
1.7597986e-06
1.4765649e-06
1.2375835e-06
1.0362106e-06
8.6674943e-07
7.2432342e-07
6.0476595e-07
5.0452317e-07
4.2056924e-07
3.5033243e-07
2.9163076e-07
2.4261608e-07
2.0172559e-07
1.6763996e-07
1.3924712e-07
1.156111e-07
9.5945309e-08
7.9589577e-08
6.5990526e-08
5.468484e-08
4.5285005e-08
3.7467195e-08
3.0961e-08
2.5540722e-08
2.1018034e-08
1.7235777e-08
1.4062738e-08
1.1389252e-08
9.1235133e-09
7.1884755e-09
5.5192434e-09
4.0608846e-09
2.7665964e-09
1.5961662e-09
5.1459134e-10
2.0909036e-05
1.7890593e-05
1.5285494e-05
1.3041202e-05
1.111092e-05
9.4532947e-06
8.0319954e-06
6.8151822e-06
5.7750076e-06
4.8871608e-06
4.1304595e-06
3.4864819e-06
2.9392372e-06
2.4748687e-06
2.0813905e-06
1.7484525e-06
1.4671327e-06
1.2297535e-06
1.0297195e-06
8.6137501e-07
7.1987898e-07
6.0109471e-07
5.0149377e-07
4.1807186e-07
3.4827545e-07
2.8993787e-07
2.4122384e-07
2.0058134e-07
1.6670008e-07
1.384755e-07
1.1497792e-07
9.5425972e-08
7.9163801e-08
6.5641621e-08
5.4399083e-08
4.5051126e-08
3.7275947e-08
3.0804802e-08
2.5413371e-08
2.0914457e-08
1.7151833e-08
1.3995051e-08
1.1335079e-08
9.0806323e-09
7.1550931e-09
5.4939221e-09
4.042482e-09
2.7542166e-09
1.5891175e-09
5.1235839e-10
2.4210179e-05
2.0745663e-05
1.7750517e-05
1.5166446e-05
1.2940361e-05
1.1025643e-05
9.3812809e-06
7.9712636e-06
6.7640337e-06
5.7319881e-06
4.8510279e-06
4.1001535e-06
3.4611001e-06
2.9180108e-06
2.4571439e-06
2.0666117e-06
1.7361481e-06
1.456903e-06
1.2212604e-06
1.0226775e-06
8.5554352e-07
7.1505561e-07
5.9710958e-07
4.9820458e-07
4.1535965e-07
3.4604094e-07
2.8809837e-07
2.3971059e-07
1.9933728e-07
1.656779e-07
1.3763607e-07
1.1428889e-07
9.4860642e-08
7.870017e-08
6.5261572e-08
5.4087717e-08
4.4796202e-08
3.7067419e-08
3.0634435e-08
2.5274419e-08
2.0801404e-08
1.7060175e-08
1.3921117e-08
1.1275885e-08
9.0337578e-09
7.1185873e-09
5.4662201e-09
4.0223407e-09
2.7406602e-09
1.5813952e-09
5.0991055e-10
2.4002061e-05
2.0568476e-05
1.7599417e-05
1.503801e-05
1.2831476e-05
1.0933504e-05
9.3034386e-06
7.9055988e-06
6.708722e-06
5.6854637e-06
4.8119507e-06
4.0673785e-06
3.4336509e-06
2.8950557e-06
2.4379754e-06
2.0506285e-06
1.72284e-06
1.4458378e-06
1.2120724e-06
1.0150582e-06
8.4923282e-07
7.0983483e-07
5.9279519e-07
4.9464282e-07
4.1242197e-07
3.4362006e-07
2.8610493e-07
2.3807027e-07
1.9798838e-07
1.6456927e-07
1.3672538e-07
1.1354115e-07
9.4246964e-08
7.8196739e-08
6.4848775e-08
5.3749419e-08
4.4519142e-08
3.6840714e-08
3.0449157e-08
2.5123257e-08
2.0678378e-08
1.6960398e-08
1.3840606e-08
1.1211401e-08
8.9826763e-09
7.0787896e-09
5.436008e-09
4.0003647e-09
2.7258629e-09
1.5729616e-09
5.0723523e-10
2.3778225e-05
2.0377563e-05
1.74368e-05
1.4899771e-05
1.2714219e-05
1.0834235e-05
9.2195419e-06
7.8348081e-06
6.6490817e-06
5.6352926e-06
4.7698074e-06
4.0320304e-06
3.4040457e-06
2.8702968e-06
2.4172995e-06
2.0333871e-06
1.708483e-06
1.433899e-06
1.2021577e-06
1.0068348e-06
8.424206e-07
7.0419804e-07
5.8813599e-07
4.9079552e-07
4.0924802e-07
3.4100383e-07
2.8395006e-07
2.3629665e-07
1.9652946e-07
1.633699e-07
1.3573987e-07
1.1273175e-07
9.3582494e-08
7.7651485e-08
6.4401556e-08
5.3382805e-08
4.4218806e-08
3.659489e-08
3.0248195e-08
2.495925e-08
2.0544856e-08
1.6852076e-08
1.3753173e-08
1.114135e-08
8.927166e-09
7.0355264e-09
5.4031531e-09
3.9764572e-09
2.7097577e-09
1.5637785e-09
5.0432043e-10
2.3537881e-05
2.0172526e-05
1.7262193e-05
1.4751332e-05
1.2588272e-05
1.0727573e-05
9.1293702e-06
7.7587036e-06
6.5849519e-06
5.5813366e-06
4.7244796e-06
3.9940078e-06
3.3721982e-06
2.8436605e-06
2.3950539e-06
2.014835e-06
1.6930326e-06
1.4210493e-06
1.1914849e-06
9.979812e-07
8.3508485e-07
6.981268e-07
5.8311662e-07
4.8664986e-07
4.0582711e-07
3.3818333e-07
2.8162637e-07
2.3438357e-07
1.9495542e-07
1.6207553e-07
1.3467603e-07
1.1185778e-07
9.2864819e-08
7.7062412e-08
6.3918264e-08
5.2986512e-08
4.3894067e-08
3.6329019e-08
3.0030785e-08
2.478177e-08
2.0400325e-08
1.6734787e-08
1.3658474e-08
1.1065455e-08
8.867005e-09
6.9886227e-09
5.3675205e-09
3.9505186e-09
2.6922774e-09
1.5538066e-09
5.0115319e-10
2.3280424e-05
1.99529e-05
1.7075169e-05
1.4592327e-05
1.2453334e-05
1.0613267e-05
9.0327108e-06
7.6771041e-06
6.5161774e-06
5.5234625e-06
4.6758531e-06
3.953213e-06
3.3380246e-06
2.8150754e-06
2.371178e-06
1.9949207e-06
1.6764455e-06
1.407252e-06
1.1800231e-06
9.8847131e-07
8.2720379e-07
6.9160287e-07
5.7772178e-07
4.8219306e-07
4.0214856e-07
3.3514966e-07
2.7912641e-07
2.3232485e-07
1.9326111e-07
1.6068189e-07
1.3353028e-07
1.1091627e-07
9.2091481e-08
7.6427482e-08
6.3397213e-08
5.2559142e-08
4.354377e-08
3.6042148e-08
2.9796139e-08
2.4590169e-08
2.0244252e-08
1.6608098e-08
1.3556156e-08
1.098343e-08
8.8019656e-09
6.9378997e-09
5.3289737e-09
3.9224487e-09
2.6733531e-09
1.5430064e-09
4.9772082e-10
2.3005375e-05
1.9718255e-05
1.6875345e-05
1.4422425e-05
1.2309123e-05
1.0491079e-05
8.9293626e-06
7.5898378e-06
6.442611e-06
5.461544e-06
4.6238194e-06
3.9095527e-06
3.3014451e-06
2.7844735e-06
2.3456137e-06
1.9735949e-06
1.6586798e-06
1.3924718e-06
1.1677425e-06
9.7828006e-07
8.1875631e-07
6.8460853e-07
5.7193661e-07
4.7741266e-07
3.9820197e-07
3.3189411e-07
2.7644294e-07
2.3011442e-07
1.9144147e-07
1.5918478e-07
1.3229915e-07
1.0990433e-07
9.1260078e-08
7.5744702e-08
6.2836749e-08
5.2099329e-08
4.3166785e-08
3.5733343e-08
2.9543489e-08
2.4383814e-08
2.0076117e-08
1.6471582e-08
1.3445872e-08
1.0894994e-08
8.7318226e-09
6.8831797e-09
5.2873759e-09
3.8921462e-09
2.6529162e-09
1.5313379e-09
4.9401019e-10
2.2712318e-05
1.9468207e-05
1.6662378e-05
1.4241325e-05
1.2155384e-05
1.0360792e-05
8.8191389e-06
7.4967448e-06
6.3641155e-06
5.3954632e-06
4.568277e-06
3.8629399e-06
3.262385e-06
2.7517906e-06
2.3183064e-06
1.9508109e-06
1.6396959e-06
1.3766751e-06
1.1546145e-06
9.6738336e-07
8.0972208e-07
6.7712664e-07
5.6574672e-07
4.7229657e-07
3.9397717e-07
3.2840819e-07
2.7356882e-07
2.2774635e-07
1.8949154e-07
1.5758005e-07
1.3097918e-07
1.0881909e-07
9.0368213e-08
7.5012081e-08
6.2235219e-08
5.1605701e-08
4.2761974e-08
3.5401662e-08
2.9272056e-08
2.4162062e-08
1.9895392e-08
1.6324807e-08
1.332727e-08
1.0799863e-08
8.6563483e-09
6.8242836e-09
5.2425896e-09
3.8595104e-09
2.6308973e-09
1.5187613e-09
4.9000851e-10
2.240088e-05
1.9202422e-05
1.643597e-05
1.4048767e-05
1.1991887e-05
1.0222208e-05
8.7018715e-06
7.3976808e-06
6.2805665e-06
5.3251128e-06
4.5091335e-06
3.8132947e-06
3.2207757e-06
2.7169678e-06
2.2892053e-06
1.9265255e-06
1.6194569e-06
1.3598304e-06
1.1406126e-06
9.5575855e-07
8.0008194e-07
6.6914104e-07
5.5913846e-07
4.6683332e-07
3.8946453e-07
3.246838e-07
2.7049728e-07
2.2521495e-07
1.8740656e-07
1.5586374e-07
1.2956705e-07
1.0765777e-07
8.9413587e-08
7.4227705e-08
6.1591034e-08
5.1076938e-08
4.2328244e-08
3.5046199e-08
2.898109e-08
2.3924296e-08
1.970157e-08
1.6167356e-08
1.320001e-08
1.069776e-08
8.5753212e-09
6.7610363e-09
5.1944801e-09
3.8244415e-09
2.6072285e-09
1.5052368e-09
4.8570277e-10
2.207074e-05
1.8920614e-05
1.6195868e-05
1.3844525e-05
1.181844e-05
1.007516e-05
8.5774146e-06
7.2925196e-06
6.1918551e-06
5.2503984e-06
4.4463071e-06
3.7605463e-06
3.1765558e-06
2.6799522e-06
2.2582649e-06
1.9006994e-06
1.597929e-06
1.3419089e-06
1.1257122e-06
9.4338477e-07
7.8981815e-07
6.6063668e-07
5.5209909e-07
4.6101212e-07
3.8465495e-07
3.2071327e-07
2.6722187e-07
2.2251479e-07
1.85182e-07
1.5403202e-07
1.2805957e-07
1.0641772e-07
8.839397e-08
7.3389714e-08
6.0902643e-08
5.0511748e-08
4.1864521e-08
3.4666065e-08
2.8669855e-08
2.3669907e-08
1.9494146e-08
1.5998815e-08
1.3063753e-08
1.0588412e-08
8.4885217e-09
6.6932648e-09
5.1429141e-09
3.7868413e-09
2.5818422e-09
1.4907253e-09
4.8108042e-10
2.1721642e-05
1.862256e-05
1.5941873e-05
1.3628425e-05
1.1634885e-05
9.9195108e-06
8.4456488e-06
7.1811572e-06
6.0978905e-06
5.171241e-06
4.3797288e-06
3.7046347e-06
3.129673e-06
2.6406983e-06
2.2254458e-06
1.8732986e-06
1.575083e-06
1.3228854e-06
1.1098914e-06
9.3024338e-07
7.789148e-07
6.5159998e-07
5.4461708e-07
4.548232e-07
3.7954014e-07
3.1648959e-07
2.6373667e-07
2.1964089e-07
1.8281365e-07
1.5208138e-07
1.2645378e-07
1.0509644e-07
8.7307287e-08
7.2496373e-08
6.0168598e-08
4.9908927e-08
4.1369801e-08
3.4260423e-08
2.8337658e-08
2.3398319e-08
1.9272648e-08
1.5818796e-08
1.291818e-08
1.047156e-08
8.3957412e-09
6.6208038e-09
5.0877642e-09
3.7466151e-09
2.5546743e-09
1.4751895e-09
4.7612902e-10
2.135341e-05
1.8308103e-05
1.5673843e-05
1.3400338e-05
1.144111e-05
9.75516e-06
8.3064855e-06
7.0635154e-06
5.9986037e-06
5.0875796e-06
4.3093448e-06
3.6455124e-06
3.0800855e-06
2.5991694e-06
2.1907157e-06
1.8442949e-06
1.5508941e-06
1.3027384e-06
1.0931319e-06
9.1631842e-07
7.6735815e-07
6.4201916e-07
5.3668231e-07
4.4825791e-07
3.7411274e-07
3.120065e-07
2.6003635e-07
2.1658875e-07
1.802977e-07
1.5000858e-07
1.2474697e-07
1.0369166e-07
8.6151615e-08
7.1546069e-08
5.9387546e-08
4.926734e-08
4.0843138e-08
3.3828486e-08
2.7983842e-08
2.3108989e-08
1.9036624e-08
1.5626926e-08
1.2762988e-08
1.0346954e-08
8.2967801e-09
6.5434949e-09
5.028908e-09
3.703673e-09
2.5256621e-09
1.4585932e-09
4.7083689e-10
2.0965958e-05
1.7977166e-05
1.5391707e-05
1.3160198e-05
1.1237052e-05
9.5820497e-06
8.1598717e-06
6.9395457e-06
5.8939504e-06
4.999374e-06
4.2351186e-06
3.5831464e-06
3.0277636e-06
2.5553386e-06
2.1540508e-06
1.813667e-06
1.5253437e-06
1.2814514e-06
1.075419e-06
9.0159713e-07
7.5513707e-07
6.3188455e-07
5.2828645e-07
4.4130904e-07
3.6836655e-07
3.0725869e-07
2.5611638e-07
2.1335447e-07
1.7763084e-07
1.4781084e-07
1.2293675e-07
1.0220136e-07
8.4925254e-08
7.053737e-08
5.8558283e-08
4.8585978e-08
4.0283686e-08
3.3369545e-08
2.7607815e-08
2.2801425e-08
1.8785666e-08
1.5422868e-08
1.2597898e-08
1.021437e-08
8.1914547e-09
6.4611931e-09
4.9662332e-09
3.6579308e-09
2.4947488e-09
1.4409028e-09
4.651931e-10
2.0559307e-05
1.762976e-05
1.5095471e-05
1.2908004e-05
1.1022705e-05
9.4001699e-06
8.0057944e-06
6.8092334e-06
5.783915e-06
4.906608e-06
4.1570339e-06
3.5175205e-06
2.9726916e-06
2.5091912e-06
2.1154369e-06
1.7814017e-06
1.4984195e-06
1.2590132e-06
1.0567427e-06
8.8607048e-07
7.4224351e-07
6.21189e-07
5.1942316e-07
4.3397107e-07
3.6229672e-07
3.0224193e-07
2.5197309e-07
2.0993492e-07
1.7481036e-07
1.454858e-07
1.2102114e-07
1.0062383e-07
8.3626761e-08
6.9469047e-08
5.7679771e-08
4.7863961e-08
3.9690703e-08
3.2882977e-08
2.7209058e-08
2.2475189e-08
1.8519411e-08
1.5206319e-08
1.2422661e-08
1.0073601e-08
8.0796001e-09
6.3737655e-09
4.8996367e-09
3.6093131e-09
2.4618815e-09
1.4220878e-09
4.5918747e-10
2.0133595e-05
1.7266001e-05
1.4785226e-05
1.2643829e-05
1.0798126e-05
9.2095641e-06
7.8442864e-06
6.6726022e-06
5.668514e-06
4.8092924e-06
4.0750971e-06
3.4486377e-06
2.9148698e-06
2.4607253e-06
2.0748711e-06
1.7474953e-06
1.4701172e-06
1.2354192e-06
1.0370982e-06
8.6973379e-07
7.2867298e-07
6.0992832e-07
5.1008857e-07
4.2624043e-07
3.5590006e-07
2.9695336e-07
2.4760394e-07
2.0632783e-07
1.7183428e-07
1.4303176e-07
1.1899862e-07
9.8957797e-08
8.2255009e-08
6.8340141e-08
5.6751181e-08
4.710059e-08
3.906359e-08
3.2368277e-08
2.6787138e-08
2.2129924e-08
1.8237555e-08
1.4977029e-08
1.2237065e-08
9.9244765e-09
7.9610743e-09
6.2810996e-09
4.8290303e-09
3.5577522e-09
2.4270134e-09
1.4021202e-09
4.5281057e-10
1.9689098e-05
1.6886118e-05
1.4461162e-05
1.2367829e-05
1.0563442e-05
9.0103359e-06
7.6754308e-06
6.5297188e-06
5.5478001e-06
4.7074685e-06
3.9893402e-06
3.3765223e-06
2.8543166e-06
2.4099545e-06
2.0323629e-06
1.7119541e-06
1.4404409e-06
1.2106719e-06
1.0164868e-06
8.5258735e-07
7.1442512e-07
5.9810168e-07
5.0028159e-07
4.1811588e-07
3.4917524e-07
2.9139165e-07
2.4300764e-07
2.0253198e-07
1.6870147e-07
1.4044766e-07
1.1686828e-07
9.7202395e-08
8.0809265e-08
6.7149986e-08
5.577195e-08
4.6295356e-08
3.8401922e-08
3.1825067e-08
2.6341746e-08
2.1765352e-08
1.7939873e-08
1.4734798e-08
1.2040953e-08
9.7668567e-09
7.8357656e-09
6.1831019e-09
4.7543403e-09
3.5031921e-09
2.390105e-09
1.3809762e-09
4.4605476e-10
1.9226235e-05
1.6490466e-05
1.4123578e-05
1.2080253e-05
1.031886e-05
8.8026553e-06
7.4993675e-06
6.3806973e-06
5.4218663e-06
4.6012114e-06
3.8998235e-06
3.3012228e-06
2.7910701e-06
2.356909e-06
1.987936e-06
1.6747966e-06
1.4094047e-06
1.184782e-06
9.9491638e-07
8.3463707e-07
6.9950418e-07
5.8571211e-07
4.9000427e-07
4.0959877e-07
3.4212306e-07
2.8555725e-07
2.3818434e-07
1.9854735e-07
1.6541176e-07
1.3773329e-07
1.146298e-07
9.5357338e-08
7.9289191e-08
6.5898299e-08
5.4741769e-08
4.5448012e-08
3.7705439e-08
3.1253145e-08
2.5872673e-08
2.1381317e-08
1.7626205e-08
1.4479511e-08
1.1834208e-08
9.6006557e-09
7.7035933e-09
6.0797104e-09
4.6755115e-09
3.4455913e-09
2.3511236e-09
1.3586366e-09
4.3891305e-10
1.8745592e-05
1.607954e-05
1.3772889e-05
1.1781449e-05
1.006467e-05
8.5867651e-06
7.3162978e-06
6.2257042e-06
5.2908496e-06
4.4906338e-06
3.8066391e-06
3.2228138e-06
2.7251912e-06
2.3016377e-06
1.9416296e-06
1.6360541e-06
1.3770337e-06
1.1577691e-06
9.7240262e-07
8.1589511e-07
6.839197e-07
5.7276694e-07
4.7926229e-07
4.0069338e-07
3.3474682e-07
2.7945255e-07
2.3313588e-07
1.9437523e-07
1.6196612e-07
1.3488927e-07
1.1228369e-07
9.3422893e-08
7.769502e-08
6.4585152e-08
5.3660723e-08
4.4558532e-08
3.6974156e-08
3.0652451e-08
2.5379903e-08
2.097775e-08
1.7296526e-08
1.4211107e-08
1.1616802e-08
9.4258245e-09
7.5645275e-09
5.9708832e-09
4.5925173e-09
3.3849183e-09
2.3100518e-09
1.3350883e-09
4.3138181e-10
1.824793e-05
1.5653985e-05
1.3409642e-05
1.1471876e-05
9.8012596e-06
8.3629876e-06
7.1264906e-06
6.0649633e-06
5.1549355e-06
4.375889e-06
3.7099134e-06
3.1413995e-06
2.656765e-06
2.2442102e-06
1.8935003e-06
1.5957727e-06
1.3433648e-06
1.1296633e-06
9.4896941e-07
7.9638073e-07
6.6768694e-07
5.5927839e-07
4.6806523e-07
3.9140739e-07
3.2705247e-07
2.7308234e-07
2.2786587e-07
1.9001856e-07
1.5836675e-07
1.319174e-07
1.098312e-07
9.1400141e-08
7.6027471e-08
6.3211192e-08
5.2529205e-08
4.3627303e-08
3.6208276e-08
3.002321e-08
2.4863531e-08
2.0554781e-08
1.6950878e-08
1.3929659e-08
1.1388746e-08
9.242402e-09
7.4185645e-09
5.8566381e-09
4.5053429e-09
3.3211755e-09
2.2668768e-09
1.3103273e-09
4.2345837e-10
1.7734201e-05
1.5214609e-05
1.3034519e-05
1.1152113e-05
9.5291129e-06
8.1317307e-06
6.9302875e-06
5.8987597e-06
5.0143619e-06
4.2571745e-06
3.6098102e-06
3.0571151e-06
2.5859031e-06
2.1847182e-06
1.8436235e-06
1.5540137e-06
1.3084485e-06
1.1005054e-06
9.246501e-07
7.7612075e-07
6.5082773e-07
5.4526391e-07
4.5642732e-07
3.8175205e-07
3.1904918e-07
2.6645379e-07
2.2238024e-07
1.8548186e-07
1.546174e-07
1.288205e-07
1.0727475e-07
8.9290832e-08
7.4288084e-08
6.1777486e-08
5.1348195e-08
4.2654964e-08
3.5408421e-08
2.9365798e-08
2.4323952e-08
2.0112629e-08
1.658951e-08
1.3635291e-08
1.1150204e-08
9.0504498e-09
7.2658038e-09
5.7369939e-09
4.4140371e-09
3.254361e-09
2.2216151e-09
1.284353e-09
4.1514535e-10
1.7205563e-05
1.4762397e-05
1.2648355e-05
1.0822862e-05
9.2488236e-06
7.8934935e-06
6.7281075e-06
5.7274447e-06
4.8694222e-06
4.1347354e-06
3.5065333e-06
2.9701299e-06
2.5127456e-06
2.1232776e-06
1.7920947e-06
1.5108559e-06
1.2723491e-06
1.0703483e-06
8.9948769e-07
7.5515051e-07
6.3337059e-07
5.3074693e-07
4.4436727e-07
3.7174279e-07
3.1074915e-07
2.5957702e-07
2.1668684e-07
1.8077176e-07
1.5072312e-07
1.256029e-07
1.0461755e-07
8.7097783e-08
7.2478866e-08
6.028587e-08
5.0118937e-08
4.1642715e-08
3.4575354e-08
2.8680996e-08
2.3761618e-08
1.9651803e-08
1.6212684e-08
1.3328341e-08
1.0901314e-08
8.8501918e-09
7.1063153e-09
5.6120878e-09
4.3186301e-09
3.1845568e-09
2.174278e-09
1.257213e-09
4.0645041e-10
1.6663405e-05
1.4298517e-05
1.2252139e-05
1.048496e-05
8.9610981e-06
7.648871e-06
6.5204518e-06
5.5514389e-06
4.7204694e-06
4.0088667e-06
3.4003292e-06
2.8806492e-06
2.4374633e-06
2.0600299e-06
1.7390309e-06
1.4663959e-06
1.2351464e-06
1.0392574e-06
8.7353617e-07
7.3351393e-07
6.1535177e-07
5.1575668e-07
4.319093e-07
3.6139891e-07
3.0216849e-07
2.5246465e-07
2.1079635e-07
1.7589645e-07
1.4669098e-07
1.2226986e-07
1.0186425e-07
8.4824356e-08
7.0602908e-08
5.8738457e-08
4.8843485e-08
4.0591866e-08
3.3710437e-08
2.7969593e-08
2.3177443e-08
1.9172761e-08
1.5821012e-08
1.3009055e-08
1.0642482e-08
8.6417661e-09
6.9403569e-09
5.4820021e-09
4.2193091e-09
3.1117991e-09
2.1250188e-09
1.2289184e-09
3.9739132e-10
1.6109387e-05
1.3824334e-05
1.1847023e-05
1.0139383e-05
8.6667601e-06
7.39856e-06
6.3079074e-06
5.3712375e-06
4.5679192e-06
3.8799174e-06
3.2914899e-06
2.788917e-06
2.3602596e-06
1.9951445e-06
1.6845729e-06
1.4207504e-06
1.1969368e-06
1.0073125e-06
8.4686112e-07
7.1126528e-07
5.9681554e-07
5.0032987e-07
4.1908308e-07
3.5074512e-07
2.9332691e-07
2.4513329e-07
2.0472179e-07
1.7086703e-07
1.425295e-07
1.1882882e-07
9.9020417e-08
8.2475517e-08
6.8663783e-08
5.7138582e-08
4.7524115e-08
3.9504658e-08
3.2815092e-08
2.7233108e-08
2.2572288e-08
1.8676528e-08
1.541499e-08
1.2678102e-08
1.0374001e-08
8.4255828e-09
6.7681204e-09
5.3470236e-09
4.1161731e-09
3.0363342e-09
2.0738424e-09
1.1995509e-09
3.8797983e-10
1.5545568e-05
1.3341418e-05
1.1434325e-05
9.7872454e-06
8.3667561e-06
7.1433619e-06
6.091153e-06
5.1874129e-06
4.4122544e-06
3.7482933e-06
3.1803561e-06
2.6952186e-06
2.281373e-06
1.9288204e-06
1.6288864e-06
1.3740573e-06
1.157835e-06
9.7460871e-07
8.1954124e-07
6.8846948e-07
5.7781563e-07
4.8451061e-07
4.059251e-07
3.3981122e-07
2.842491e-07
2.3760293e-07
1.9847982e-07
1.656969e-07
1.3824987e-07
1.1528869e-07
9.609355e-08
8.0057166e-08
6.6666528e-08
5.5490131e-08
4.6164203e-08
3.8383633e-08
3.1891585e-08
2.6473179e-08
2.1947668e-08
1.8164143e-08
1.4995604e-08
1.2336151e-08
1.0096471e-08
8.2020854e-09
6.5899757e-09
5.2074159e-09
4.0094843e-09
2.9582486e-09
2.0208664e-09
1.1691507e-09
3.7822157e-10
1.4974566e-05
1.2851599e-05
1.101552e-05
9.4297992e-06
8.0621551e-06
6.8841869e-06
5.870961e-06
5.0006189e-06
4.2540269e-06
3.6144596e-06
3.067319e-06
2.5998826e-06
2.2010789e-06
1.8612881e-06
1.572164e-06
1.3264771e-06
1.1179745e-06
9.412568e-07
7.916687e-07
6.6520277e-07
5.5841533e-07
4.6835099e-07
3.9247862e-07
3.2863262e-07
2.7496453e-07
2.2989756e-07
1.9209041e-07
1.6040217e-07
1.3386563e-07
1.1166027e-07
9.3092803e-08
7.7576526e-08
6.4617325e-08
5.3797905e-08
4.4767921e-08
3.723196e-08
3.0942729e-08
2.5691883e-08
2.130548e-08
1.7636938e-08
1.4564146e-08
1.1984024e-08
9.8107661e-09
7.9717696e-09
6.406481e-09
5.0634623e-09
3.8995601e-09
2.8776501e-09
1.9662733e-09
1.1377326e-09
3.6814107e-10
1.6751772e-05
1.4396406e-05
1.2356444e-05
1.0592196e-05
9.0684441e-06
7.7541582e-06
6.6220596e-06
5.6482015e-06
4.8115933e-06
4.0938605e-06
3.4789428e-06
2.9528222e-06
2.5032819e-06
2.1196905e-06
1.7928098e-06
1.5146251e-06
1.2781931e-06
1.0775083e-06
9.0738442e-07
7.6334939e-07
6.4155348e-07
5.3868748e-07
4.519119e-07
3.7879345e-07
3.1725113e-07
2.6550704e-07
2.2204578e-07
1.8557646e-07
1.5500244e-07
1.2939219e-07
1.0795695e-07
9.002848e-08
7.5042741e-08
6.2523023e-08
5.2068163e-08
4.3339784e-08
3.605394e-08
2.9971466e-08
2.4892189e-08
2.0647603e-08
1.7096983e-08
1.4121791e-08
1.1623145e-08
9.5176247e-09
7.7355654e-09
6.2180747e-09
4.9157705e-09
3.7865803e-09
2.7949766e-09
1.910093e-09
1.1054601e-09
3.5777732e-10
1.867766e-05
1.6073368e-05
1.3814516e-05
1.1858207e-05
1.016621e-05
8.7047575e-06
7.4441106e-06
6.358124e-06
5.4238469e-06
4.62116e-06
3.9324529e-06
3.3423323e-06
2.8373628e-06
2.4058353e-06
2.0375596e-06
1.7236813e-06
1.4565176e-06
1.2294128e-06
1.0366098e-06
8.7313613e-07
7.3470405e-07
6.1762175e-07
5.1871578e-07
4.352623e-07
3.6492739e-07
3.0571399e-07
2.5591646e-07
2.140798e-07
1.7896533e-07
1.4951952e-07
1.248483e-07
1.0419345e-07
8.6913443e-08
7.2465691e-08
6.0392449e-08
5.0307493e-08
4.1885864e-08
3.4853924e-08
2.8981991e-08
2.4076935e-08
1.9976958e-08
1.6546093e-08
1.3670555e-08
1.1254683e-08
9.2183823e-09
7.4942323e-09
6.0256379e-09
4.7647551e-09
3.6711835e-09
2.7103538e-09
1.8526903e-09
1.0724318e-09
3.4716725e-10
2.0755852e-05
1.7887037e-05
1.5394136e-05
1.3231999e-05
1.1359367e-05
9.7396339e-06
8.3404946e-06
7.1335024e-06
6.0936471e-06
5.1989724e-06
4.4302316e-06
3.7705767e-06
3.2052816e-06
2.7214929e-06
2.3080081e-06
1.9550784e-06
1.6542319e-06
1.398118e-06
1.1803681e-06
9.9547306e-07
8.3867432e-07
7.0586809e-07
5.9352071e-07
4.9859417e-07
4.1848069e-07
3.5094526e-07
2.9407544e-07
2.4623727e-07
2.0603698e-07
1.7228743e-07
1.4397908e-07
1.2025468e-07
1.0038737e-07
8.3761739e-08
6.9857438e-08
5.823509e-08
4.8524162e-08
4.0412534e-08
3.3637587e-08
2.7978556e-08
2.3250024e-08
1.9296348e-08
1.5986949e-08
1.3212283e-08
1.0880439e-08
8.9142698e-09
7.2489533e-09
5.8299418e-09
4.6112078e-09
3.5537399e-09
2.6242871e-09
1.7942238e-09
1.0387969e-09
3.3635672e-10
1.9841122e-05
1.7099915e-05
1.4717974e-05
1.2652014e-05
1.086259e-05
9.3147279e-06
7.977576e-06
6.8239671e-06
5.8300169e-06
4.9747577e-06
4.2398088e-06
3.6090805e-06
3.0685092e-06
2.6058197e-06
2.2103133e-06
1.872679e-06
1.5848257e-06
1.3397324e-06
1.1313159e-06
9.5431351e-07
8.0417928e-07
6.7699235e-07
5.6937626e-07
4.7842777e-07
4.0165449e-07
3.3692001e-07
2.8239594e-07
2.365199e-07
1.9795894e-07
1.6557748e-07
1.3840967e-07
1.1563516e-07
9.6558233e-08
8.0589698e-08
6.7231278e-08
5.606211e-08
4.6727199e-08
3.8927421e-08
3.241104e-08
2.6966367e-08
2.241557e-08
1.8609321e-08
1.5422311e-08
1.2749374e-08
1.0502265e-08
8.6068808e-09
7.0009453e-09
5.6320222e-09
4.4558457e-09
3.4348904e-09
2.537119e-09
1.7350138e-09
1.0047126e-09
3.2539829e-10
1.893612e-05
1.6321087e-05
1.4048807e-05
1.2077901e-05
1.0370728e-05
8.8939292e-06
7.61808e-06
6.5172753e-06
5.5687409e-06
4.7524846e-06
4.0509807e-06
3.4488883e-06
2.9327982e-06
2.4910062e-06
2.113311e-06
1.7908346e-06
1.5158615e-06
1.2816965e-06
1.0825384e-06
9.1336811e-07
7.6984973e-07
6.4824325e-07
5.453276e-07
4.5833286e-07
3.8488078e-07
3.229325e-07
2.7074287e-07
2.2682037e-07
1.8989227e-07
1.5887414e-07
1.328434e-07
1.1101632e-07
9.2728082e-08
7.7415537e-08
6.4602315e-08
5.3885965e-08
4.4926926e-08
3.7439019e-08
3.1181323e-08
2.5951201e-08
2.1578365e-08
1.7919794e-08
1.4855423e-08
1.2284473e-08
1.0122341e-08
8.2979781e-09
6.7516376e-09
5.4330001e-09
4.2995657e-09
3.3152804e-09
2.4493753e-09
1.6753724e-09
9.7038009e-10
3.1435499e-10
1.8046396e-05
1.5555322e-05
1.3390747e-05
1.1513203e-05
9.8868275e-06
8.4798464e-06
7.2642373e-06
6.2153313e-06
5.3114428e-06
4.5335357e-06
3.8649233e-06
3.2909992e-06
2.7989963e-06
2.3777706e-06
2.0176092e-06
1.7100588e-06
1.4477728e-06
1.2243759e-06
1.0343434e-06
8.7289571e-07
7.3590304e-07
6.1980309e-07
5.2152746e-07
4.3843725e-07
3.6826639e-07
3.0907195e-07
2.5919062e-07
2.1720064e-07
1.8188857e-07
1.522203e-07
1.2731592e-07
1.0642776e-07
8.8921479e-08
7.4259613e-08
6.1987419e-08
5.1720615e-08
4.3134903e-08
3.5956879e-08
2.9956335e-08
2.4939574e-08
2.0743792e-08
1.7232198e-08
1.4289941e-08
1.1820573e-08
9.743124e-09
7.9895518e-09
6.5026402e-09
5.2341613e-09
4.143372e-09
3.1956988e-09
2.3616044e-09
1.6157106e-09
9.3601806e-10
3.0329781e-10
1.7177841e-05
1.4807688e-05
1.2748168e-05
1.0961687e-05
9.4141264e-06
8.0752586e-06
6.9184281e-06
5.9201704e-06
5.0598601e-06
4.3193926e-06
3.6828983e-06
3.1364863e-06
2.6680149e-06
2.2668862e-06
1.9238632e-06
1.6309063e-06
1.3810285e-06
1.1681661e-06
9.8706455e-07
8.3317711e-07
7.0257539e-07
5.9187026e-07
4.9814231e-07
4.1888042e-07
3.5192807e-07
2.9543597e-07
2.4782076e-07
2.0772879e-07
1.7400458e-07
1.4566324e-07
1.2186656e-07
1.0190218e-07
8.5165594e-08
7.114449e-08
5.9405303e-08
4.9581587e-08
4.1363983e-08
3.4491656e-08
2.8744882e-08
2.3938778e-08
1.9917864e-08
1.6551505e-08
1.3729947e-08
1.1361039e-08
9.3673533e-09
7.6838432e-09
6.2557558e-09
5.0369477e-09
3.9884045e-09
3.0770091e-09
2.2744712e-09
1.5564508e-09
9.018822e-10
2.923086e-10
1.6336731e-05
1.408358e-05
1.2125714e-05
1.0427351e-05
8.9560604e-06
7.683115e-06
6.5831804e-06
5.6339566e-06
4.8158428e-06
4.1116347e-06
3.5062522e-06
2.9864961e-06
2.5408291e-06
2.1591812e-06
1.8327753e-06
1.5539721e-06
1.316132e-06
1.1134929e-06
9.4106098e-07
7.9451526e-07
6.7012185e-07
5.6465934e-07
4.7535237e-07
3.9981365e-07
3.3599263e-07
2.8213075e-07
2.3672209e-07
1.9847902e-07
1.6630226e-07
1.3925463e-07
1.165384e-07
9.7475458e-08
8.1490283e-08
6.8094975e-08
5.6876598e-08
4.7485987e-08
3.9628382e-08
3.3055112e-08
2.7556732e-08
2.2956875e-08
1.9107268e-08
1.5883211e-08
1.3179995e-08
1.0909591e-08
8.9980969e-09
7.3833324e-09
6.0130038e-09
4.8429698e-09
3.8359337e-09
2.9601965e-09
2.1886804e-09
1.4980962e-09
8.6825352e-10
2.8147819e-10
1.5529861e-05
1.3388733e-05
1.1528303e-05
9.9144198e-06
8.5162618e-06
7.306535e-06
6.2611704e-06
5.358983e-06
4.5813533e-06
3.9119388e-06
3.3364162e-06
2.8422484e-06
2.4184774e-06
2.0555386e-06
1.7450956e-06
1.4798923e-06
1.2536222e-06
1.060812e-06
8.96718e-07
7.5723528e-07
6.3881659e-07
5.3840114e-07
4.5335187e-07
3.814001e-07
3.2059703e-07
2.6927113e-07
2.259908e-07
1.8953186e-07
1.5884891e-07
1.330507e-07
1.1137833e-07
9.3186717e-08
7.7928112e-08
6.5138223e-08
5.442385e-08
4.5452604e-08
3.7943661e-08
3.1660212e-08
2.640259e-08
2.2002781e-08
1.8319337e-08
1.5233425e-08
1.2645076e-08
1.0470377e-08
8.638717e-09
7.0907941e-09
5.7766048e-09
4.6540263e-09
3.6873649e-09
2.8463438e-09
2.1050394e-09
1.4411843e-09
8.354489e-10
2.70909e-10
1.4764927e-05
1.2729264e-05
1.0961111e-05
9.4273397e-06
8.0985574e-06
6.9488102e-06
5.9552253e-06
5.0976744e-06
4.358468e-06
3.7220814e-06
3.1749077e-06
2.705038e-06
2.3020629e-06
1.9568972e-06
1.6616219e-06
1.4093443e-06
1.1940735e-06
1.01061e-06
8.5444721e-07
7.2168506e-07
6.089532e-07
5.1334325e-07
4.3234928e-07
3.6381516e-07
3.0588868e-07
2.5698083e-07
2.1573072e-07
1.8097421e-07
1.5171735e-07
1.2711228e-07
1.0643727e-07
8.907839e-08
7.4514572e-08
6.230373e-08
5.2071722e-08
4.3501878e-08
3.6326914e-08
3.0321071e-08
2.5294267e-08
2.1086207e-08
1.7562205e-08
1.4608791e-08
1.2130758e-08
1.004791e-08
8.2929819e-09
6.8092468e-09
5.5490577e-09
4.4720776e-09
3.54428e-09
2.7366393e-09
2.0244349e-09
1.3863184e-09
8.0381448e-10
2.6071279e-10
1.6272415e-05
1.4047134e-05
1.2111098e-05
1.0429499e-05
8.9707829e-06
7.7069831e-06
6.613416e-06
5.6683324e-06
4.8525946e-06
4.1493846e-06
3.5439431e-06
3.0233344e-06
2.5762372e-06
2.192756e-06
1.8642537e-06
1.5832022e-06
1.3430486e-06
1.1380975e-06
9.6340537e-07
8.1468758e-07
6.8823584e-07
5.8084533e-07
4.8975039e-07
4.1256775e-07
3.4724681e-07
2.9202567e-07
2.4539281e-07
2.0605336e-07
1.7289977e-07
1.4498598e-07
1.2150516e-07
1.0177013e-07
8.5196509e-08
7.1287976e-08
5.9623613e-08
4.9846869e-08
4.1656157e-08
3.4796622e-08
2.90532e-08
2.4244533e-08
2.0217883e-08
1.6844654e-08
1.4016697e-08
1.1643043e-08
9.647233e-09
7.9649474e-09
6.5420846e-09
5.3330427e-09
4.2993378e-09
3.4083672e-09
2.6324313e-09
1.9478297e-09
1.3341651e-09
7.7373594e-10
2.5101443e-10
1.5504297e-05
1.3384927e-05
1.1540948e-05
9.9392157e-06
8.5497113e-06
7.3458173e-06
6.3040349e-06
5.4036564e-06
4.6264596e-06
3.956431e-06
3.3795169e-06
2.8834006e-06
2.4573018e-06
2.0917985e-06
1.7786664e-06
1.5107371e-06
1.2817709e-06
1.0863443e-06
9.1974963e-07
7.7790648e-07
6.5728323e-07
5.5482749e-07
4.6790503e-07
3.9424566e-07
3.3189591e-07
2.7917718e-07
2.3464929e-07
1.9707836e-07
1.6540885e-07
1.3873905e-07
1.1629984e-07
9.7436053e-08
8.1590469e-08
6.8289735e-08
5.7132362e-08
4.7778191e-08
3.9939446e-08
3.3372897e-08
2.7873248e-08
2.3267342e-08
1.9409313e-08
1.6176328e-08
1.3465053e-08
1.1188555e-08
9.2737427e-09
7.6591163e-09
6.2929314e-09
5.1315581e-09
4.1381671e-09
3.2815412e-09
2.535156e-09
1.8763101e-09
1.2854633e-09
7.4563928e-10
2.419524e-10
1.4810844e-05
1.2787e-05
1.10261e-05
9.4964642e-06
8.1694402e-06
7.0196241e-06
6.024587e-06
5.1645626e-06
4.4221561e-06
3.7820808e-06
3.2309206e-06
2.756917e-06
2.3497786e-06
2.0005102e-06
1.7012601e-06
1.4451844e-06
1.2263258e-06
1.0395059e-06
8.8022991e-07
7.4460159e-07
6.292486e-07
5.3125609e-07
4.4810834e-07
3.776372e-07
3.179768e-07
2.6752376e-07
2.2490225e-07
1.8893346e-07
1.586088e-07
1.3306663e-07
1.1157187e-07
9.3498314e-08
7.831326e-08
6.5564143e-08
5.4867033e-08
4.5896606e-08
3.8377582e-08
3.2077256e-08
2.6799176e-08
2.2377617e-08
1.867294e-08
1.5567535e-08
1.2962436e-08
1.077437e-08
8.9333025e-09
7.3802936e-09
6.0657372e-09
4.9477972e-09
3.9911449e-09
3.1658303e-09
2.4463912e-09
1.8110388e-09
1.2410038e-09
7.1998567e-10
2.3367611e-10
1.4202312e-05
1.2262256e-05
1.0574232e-05
9.107849e-06
7.8356458e-06
6.7332799e-06
5.7792594e-06
4.9546439e-06
4.2427649e-06
3.6289734e-06
3.1004128e-06
2.645815e-06
2.2553171e-06
1.9202985e-06
1.6332343e-06
1.3875653e-06
1.1775816e-06
9.9832005e-07
8.4547227e-07
7.1530359e-07
6.0458135e-07
5.1051127e-07
4.3068156e-07
3.6301353e-07
3.0571819e-07
2.5725807e-07
2.1631386e-07
1.81755e-07
1.5261418e-07
1.2806486e-07
1.074019e-07
9.0024483e-08
7.5421467e-08
6.3158536e-08
5.2867204e-08
4.4235174e-08
3.6998163e-08
3.0932717e-08
2.5850171e-08
2.1591334e-08
1.8022053e-08
1.5029315e-08
1.2518005e-08
1.0408071e-08
8.6321739e-09
7.1336292e-09
5.8647176e-09
4.7851833e-09
3.861025e-09
3.0634073e-09
2.3678117e-09
1.7532474e-09
1.201637e-09
6.9726659e-10
2.2634498e-10
1.3689658e-05
1.1820182e-05
1.0193545e-05
8.7804413e-06
7.5544152e-06
6.4920179e-06
5.5725469e-06
4.7777571e-06
4.0915919e-06
3.4999398e-06
2.9904158e-06
2.5521646e-06
2.1756846e-06
1.8526708e-06
1.5758734e-06
1.3389727e-06
1.1364677e-06
9.6357599e-07
8.1614631e-07
6.9058002e-07
5.8376194e-07
4.9299937e-07
4.1596797e-07
3.506644e-07
2.9536434e-07
2.485859e-07
2.0905726e-07
1.7568859e-07
1.4754726e-07
1.2383639e-07
1.0387598e-07
8.7086663e-08
7.2975441e-08
6.1123408e-08
5.1175071e-08
4.2829147e-08
3.5830607e-08
2.996382e-08
2.5046678e-08
2.0925518e-08
1.7470811e-08
1.4573433e-08
1.2141515e-08
1.0097734e-08
8.3770223e-09
6.9246074e-09
5.6943599e-09
4.6473634e-09
3.7507357e-09
2.976589e-09
2.3011994e-09
1.7042562e-09
1.1682601e-09
6.7800361e-10
2.2012859e-10
1.3284862e-05
1.1471069e-05
9.892913e-06
8.521887e-06
7.3323291e-06
6.3014956e-06
5.4093076e-06
4.6380694e-06
3.9722079e-06
3.3980366e-06
2.903543e-06
2.4781982e-06
2.1127862e-06
1.7992508e-06
1.5305598e-06
1.3005828e-06
1.1039832e-06
9.3612182e-07
7.9297117e-07
6.7103989e-07
5.6730571e-07
4.7915593e-07
4.0433537e-07
3.4090001e-07
2.871767e-07
2.4172728e-07
2.0331755e-07
1.7088971e-07
1.4353861e-07
1.2049068e-07
1.0108587e-07
8.4761679e-08
7.1039481e-08
5.9512498e-08
4.9835547e-08
4.1716005e-08
3.4906191e-08
2.9196628e-08
2.4410414e-08
2.0398236e-08
1.7034239e-08
1.4212358e-08
1.1843307e-08
9.8519108e-09
8.1749067e-09
6.759029e-09
5.5594091e-09
4.5381881e-09
3.6633708e-09
2.9078168e-09
2.2484343e-09
1.6654485e-09
1.1418237e-09
6.627464e-10
2.1520508e-10
1.3001569e-05
1.1226256e-05
9.6820312e-06
8.340529e-06
7.1765665e-06
6.1678835e-06
5.2948379e-06
4.5401211e-06
3.8885006e-06
3.3265888e-06
2.8426352e-06
2.4263404e-06
2.0686885e-06
1.7617986e-06
1.4987909e-06
1.2736679e-06
1.0812085e-06
9.1687356e-07
7.7672268e-07
6.573398e-07
5.5576757e-07
4.6944961e-07
3.9617898e-07
3.3405347e-07
2.8143561e-07
2.3691805e-07
1.9929281e-07
1.675247e-07
1.4072767e-07
1.1814464e-07
9.9129401e-08
8.3131394e-08
6.9681976e-08
5.8382958e-08
4.8896301e-08
4.0935532e-08
3.425805e-08
2.8658755e-08
2.3964344e-08
2.0028596e-08
1.6728198e-08
1.3959259e-08
1.1634284e-08
9.6796184e-09
8.0332574e-09
6.6429983e-09
5.4648509e-09
4.4617014e-09
3.6021728e-09
2.8596507e-09
2.211486e-09
1.6382799e-09
1.1233196e-09
6.5206989e-10
2.1176021e-10
1.4866929e-05
1.2852452e-05
1.1097881e-05
9.5716433e-06
8.2456867e-06
7.0951573e-06
6.0980794e-06
5.2350531e-06
4.4889784e-06
3.844804e-06
3.2893001e-06
2.8108541e-06
2.399287e-06
2.0456882e-06
1.7422685e-06
1.4822279e-06
1.2596385e-06
1.0693396e-06
9.0684463e-07
7.682586e-07
6.5020479e-07
5.4975994e-07
4.6439692e-07
3.9193421e-07
3.3049126e-07
2.7844938e-07
2.344172e-07
1.9720054e-07
1.6577589e-07
1.392673e-07
1.1692616e-07
9.811363e-08
8.2285252e-08
6.8977692e-08
5.7797152e-08
4.84094e-08
4.0531092e-08
3.3922344e-08
2.8380279e-08
2.3733514e-08
1.9837405e-08
1.6569986e-08
1.3828482e-08
1.1526341e-08
9.590691e-09
7.9601909e-09
6.5831832e-09
5.4161401e-09
4.4223313e-09
3.570699e-09
2.8349069e-09
2.1925275e-09
1.6243642e-09
1.1138652e-09
6.466372e-10
2.1002281e-10
)
;

boundaryField
{
    inletLow
    {
        type            calculated;
        value           nonuniform List<scalar> 0();
    }
    inletJet
    {
        type            calculated;
        value           nonuniform List<scalar> 0();
    }
    inletHigh
    {
        type            calculated;
        value           nonuniform List<scalar> 0();
    }
    outlet
    {
        type            calculated;
        value           uniform 0;
    }
    upperWall
    {
        type            calculated;
        value           nonuniform List<scalar> 
56
(
1.4866929e-05
1.2852452e-05
1.1097881e-05
9.5716433e-06
8.2456867e-06
7.0951573e-06
6.0980794e-06
5.2350531e-06
4.4889784e-06
3.844804e-06
3.2893001e-06
2.8108541e-06
2.399287e-06
2.0456882e-06
1.7422685e-06
1.4822279e-06
1.2596385e-06
1.0693396e-06
9.0684463e-07
7.682586e-07
6.5020479e-07
5.4975994e-07
4.6439692e-07
3.9193421e-07
3.3049126e-07
2.7844938e-07
2.344172e-07
1.9720054e-07
1.6577589e-07
1.392673e-07
1.1692616e-07
9.811363e-08
8.2285252e-08
6.8977692e-08
5.7797152e-08
4.84094e-08
4.0531092e-08
3.3922344e-08
2.8380279e-08
2.3733514e-08
1.9837405e-08
1.6569986e-08
1.3828482e-08
1.1526341e-08
9.590691e-09
7.9601909e-09
6.5831832e-09
5.4161401e-09
4.4223313e-09
3.570699e-09
2.8349069e-09
2.1925275e-09
1.6243642e-09
1.1138652e-09
6.466372e-10
2.1002281e-10
)
;
    }
    lowerWall
    {
        type            calculated;
        value           nonuniform List<scalar> 0();
    }
    frontAndBack
    {
        type            empty;
    }
    procBoundary1to0
    {
        type            processor;
        value           nonuniform List<scalar> 
80
(
6.1248168e-06
6.1243889e-06
6.122387e-06
6.1187305e-06
6.1187305e-06
7.2224497e-06
7.2157323e-06
7.2078231e-06
7.1979549e-06
7.1979549e-06
8.4784686e-06
8.4630887e-06
8.4630887e-06
9.9506629e-06
9.9274787e-06
9.9274787e-06
1.1648814e-05
1.1614431e-05
1.1614431e-05
1.3598533e-05
1.3548897e-05
1.3548897e-05
1.5824887e-05
1.5753508e-05
1.5674912e-05
1.5588758e-05
1.5588758e-05
1.8139794e-05
2.1062274e-05
1.8018485e-05
1.8018485e-05
2.440642e-05
2.440642e-05
2.8218625e-05
2.797402e-05
2.7711209e-05
2.7429418e-05
2.712789e-05
2.6805986e-05
2.6463162e-05
2.6098953e-05
2.5712972e-05
2.5304916e-05
2.4874576e-05
2.4421856e-05
2.394678e-05
2.3449517e-05
2.2930389e-05
2.2389894e-05
2.1828719e-05
2.1247756e-05
2.0648121e-05
2.0031165e-05
1.9398487e-05
1.8751936e-05
1.8093588e-05
1.7425712e-05
1.7425712e-05
1.9468817e-05
1.9468817e-05
2.1678954e-05
2.1678954e-05
2.4063016e-05
2.3000321e-05
2.1949816e-05
2.0917385e-05
1.9909628e-05
1.8933715e-05
1.7997217e-05
1.7107923e-05
1.7107923e-05
1.8835794e-05
1.794491e-05
1.7141432e-05
1.6436514e-05
1.5842631e-05
1.5373411e-05
1.5043445e-05
1.5043445e-05
1.718707e-05
)
;
    }
    procBoundary1to4
    {
        type            processor;
        value           nonuniform List<scalar> 
41
(
5.1818319e-06
4.3777316e-06
3.6937054e-06
3.1125102e-06
2.6194465e-06
2.2017866e-06
1.8485246e-06
1.5501653e-06
1.2985334e-06
1.0866039e-06
9.0835168e-07
7.5861967e-07
6.3300174e-07
5.277406e-07
4.3963821e-07
3.6597737e-07
3.0445376e-07
2.5311645e-07
2.1031673e-07
1.7466342e-07
1.4498475e-07
1.20295e-07
9.9766431e-08
8.2704682e-08
6.8528294e-08
5.6750607e-08
4.6965039e-08
3.8831926e-08
3.2068014e-08
2.6436901e-08
2.1741612e-08
1.7817773e-08
1.4528401e-08
1.1758974e-08
9.4138139e-09
7.4126031e-09
5.6878435e-09
4.1823958e-09
2.8476843e-09
1.6419645e-09
5.2898912e-10
)
;
    }
}


// ************************************************************************* //
