/*--------------------------------*- C++ -*----------------------------------*\
| =========                 |                                                 |
| \\      /  F ield         | OpenFOAM: The Open Source CFD Toolbox           |
|  \\    /   O peration     | Version:  2312                                  |
|   \\  /    A nd           | Website:  www.openfoam.com                      |
|    \\/     M anipulation  |                                                 |
\*---------------------------------------------------------------------------*/
FoamFile
{
    version     2.0;
    format      ascii;
    arch        "LSB;label=32;scalar=64";
    class       volScalarField;
    location    "0.1";
    object      H2O;
}
// * * * * * * * * * * * * * * * * * * * * * * * * * * * * * * * * * * * * * //

dimensions      [0 0 0 0 0 0 0];

internalField   nonuniform List<scalar> 
3224
(
0.0064302163
0.0062920432
0.0061571655
0.0060255952
0.0058973418
0.0057724131
0.0056508162
0.0055325574
0.0054176427
0.0053060781
0.0051978695
0.005093023
0.0049915447
0.004893441
0.0047987186
0.0047073844
0.0046194456
0.0045349099
0.004453785
0.0043760792
0.0043018009
0.004230959
0.0041635625
0.004099621
0.004039144
0.0039821416
0.003928624
0.0038786018
0.0038320858
0.003789087
0.0037496167
0.0037136866
0.0036813085
0.0036524947
0.0036272575
0.0036056098
0.0035875648
0.003573136
0.0035623369
0.0035551789
0.0035517099
0.0064299893
0.0062918587
0.0061570139
0.0060254715
0.0058972435
0.0057723388
0.0056507648
0.0055325283
0.0054176354
0.0053060921
0.0051979044
0.0050930784
0.0049916201
0.0048935361
0.0047988329
0.0047075175
0.0046195971
0.0045350793
0.0044539717
0.0043762827
0.0043020207
0.0042311945
0.0041638131
0.004099886
0.0040394228
0.0039824335
0.0039289283
0.0038789178
0.0038324126
0.0037894239
0.0037499629
0.0037140413
0.0036816709
0.0036528638
0.0036276325
0.0036059899
0.0035879491
0.0035735236
0.003562727
0.0035555682
0.0035520744
0.0064294287
0.0062913515
0.006156549
0.0060250443
0.0058968515
0.0057719805
0.0056504391
0.0055322342
0.0054173721
0.0053058589
0.0051977006
0.0050929031
0.0049914729
0.0048934161
0.0047987394
0.0047074498
0.0046195545
0.0045350608
0.0044539768
0.0043763104
0.0043020702
0.0042312648
0.0041639035
0.0040999955
0.0040395504
0.0039825783
0.0039290893
0.0038790939
0.0038326029
0.0037896273
0.0037501784
0.0037142677
0.003681907
0.0036531086
0.0036278849
0.0036062486
0.003588213
0.0035737917
0.0035629985
0.0035558419
0.0035523193
0.0064285352
0.0062905192
0.0061557671
0.0060243093
0.0058961613
0.0057713334
0.0056498338
0.0055316695
0.0054168469
0.0053053722
0.0051972514
0.0050924905
0.0049910957
0.0048930735
0.0047984304
0.0047071732
0.0046193093
0.0045348461
0.0044537913
0.0043761531
0.00430194
0.0042311606
0.004163824
0.0040999395
0.0040395168
0.0039825657
0.0039290966
0.0038791197
0.003832646
0.0037896863
0.0037502519
0.0037143544
0.0036820057
0.0036532177
0.003628003
0.0036063744
0.0035883449
0.0035739284
0.0035631392
0.0035559869
0.0035524384
0.0065685235
0.0064273242
0.0062893619
0.0061546671
0.0060232651
0.0058951709
0.0057703953
0.0056489466
0.0055308317
0.0054160572
0.0053046293
0.005196554
0.0050918373
0.0049904855
0.0048925049
0.0047979021
0.0047066841
0.0046188578
0.004534431
0.0044534112
0.0043758067
0.0043016257
0.0042308771
0.0041635698
0.0040997132
0.0040393169
0.0039823907
0.0039289449
0.0038789899
0.0038325364
0.0037895954
0.0037501781
0.0037142961
0.0036819611
0.0036531854
0.0036279812
0.0036063614
0.003588339
0.0035739279
0.0035631428
0.0035559956
0.0035524274
0.0065670461
0.0064258705
0.006287964
0.0061533304
0.0060219891
0.0058939544
0.0057692367
0.0056478443
0.0055297842
0.0054150631
0.0053036871
0.0051956621
0.0050909943
0.0049896899
0.0048917553
0.0047971969
0.0047060218
0.004618237
0.00453385
0.0044528685
0.0043753007
0.004301155
0.0042304399
0.0041631646
0.0040993383
0.0040389707
0.0039820716
0.0039286511
0.0038787197
0.0038322881
0.0037893672
0.0037499684
0.003714103
0.003681783
0.0036530203
0.0036278274
0.003606217
0.0035882023
0.0035737969
0.0035630156
0.0035558736
0.0035522925
0.0065653374
0.0064242193
0.0062863739
0.0061518052
0.006020529
0.0058925581
0.0057679028
0.0056465712
0.0055285703
0.0054139067
0.0053025866
0.0051946159
0.0050900008
0.0049887474
0.0048908621
0.0047963515
0.0047052224
0.004617482
0.0045331377
0.0044521972
0.0043746687
0.0043005605
0.0042298813
0.0041626401
0.0040988461
0.004038509
0.0039816386
0.003928245
0.0038783387
0.0038319304
0.003789031
0.0037496516
0.0037138039
0.0036814996
0.0036527508
0.0036275698
0.0036059694
0.0035879627
0.0035735631
0.0035627856
0.0035556468
0.0035520578
0.0065632791
0.0064222394
0.0062844662
0.0061499718
0.0060187699
0.0058908724
0.0057662888
0.0056450271
0.0055270943
0.005412497
0.0053012411
0.0051933328
0.0050887782
0.0049875834
0.0048897547
0.0047952988
0.0047042225
0.0046165329
0.0045322374
0.0044513438
0.0043738602
0.0042997949
0.0042291565
0.0041619541
0.0040981969
0.0040378945
0.0039810568
0.0039276938
0.003877816
0.003831434
0.0037885589
0.0037492017
0.003713374
0.0036810875
0.0036523544
0.0036271868
0.0036055976
0.0035875999
0.003573207
0.0035624335
0.003555297
0.003551703
0.0067050745
0.0065608665
0.0064199071
0.0062822166
0.0061478068
0.0060166896
0.0058888755
0.0057643736
0.0056431917
0.0055253365
0.0054108146
0.005299632
0.0051917948
0.005087309
0.0049861808
0.0048884166
0.0047940228
0.0047030063
0.0046153744
0.0045311343
0.0044502938
0.004372861
0.0042988442
0.004228252
0.0041610935
0.0040973779
0.0040371147
0.0039803138
0.0039269853
0.0038771396
0.0038307874
0.0037879396
0.0037486073
0.0037128021
0.0036805357
0.0036518201
0.0036266677
0.0036050911
0.0035871033
0.0035727179
0.0035619489
0.0035548143
0.0035512171
0.0067022031
0.0065580653
0.0064171959
0.0062795996
0.0061452857
0.0060142642
0.0058865445
0.005762135
0.0056410432
0.0055232759
0.0054088394
0.0052977396
0.0051899827
0.0050855747
0.0049845217
0.0048868301
0.0047925064
0.0047015575
0.0046139904
0.0045298127
0.0044490319
0.0043716563
0.004297694
0.0042271537
0.0041600445
0.0040963755
0.0040361563
0.0039793967
0.0039261069
0.0038762972
0.0038299782
0.0037871609
0.0037478566
0.0037120765
0.0036798325
0.0036511365
0.003626001
0.0036044384
0.0035864619
0.0035720847
0.0035613208
0.0035541878
0.003550589
0.006846255
0.0066988887
0.0065548437
0.0064140775
0.0062765883
0.0061423825
0.0060114687
0.005883855
0.0057595495
0.0056385591
0.0055208905
0.0054065498
0.0052955431
0.0051878764
0.0050835556
0.004982587
0.0048849768
0.0047907317
0.0046998583
0.004612364
0.004528256
0.0044475421
0.0043702302
0.0042963289
0.0042258466
0.0041587923
0.0040951753
0.0040350052
0.0039782917
0.0039250449
0.0038752753
0.0038289934
0.0037862102
0.0037469368
0.0037111847
0.0036789656
0.0036502915
0.0036251747
0.0036036278
0.0035856637
0.0035712957
0.0035605374
0.0035534062
0.0035498067
0.0068423376
0.0066951003
0.0065511698
0.0064105222
0.0062731541
0.0061390699
0.0060082766
0.0058807817
0.0057565923
0.0056357152
0.0055181569
0.0054039233
0.0052930206
0.0051854545
0.0050812311
0.0049803566
0.0048828372
0.0047886796
0.0046978905
0.0046104771
0.0045264467
0.0044458071
0.0043685663
0.0042947326
0.0042243148
0.0041573216
0.0040937624
0.0040336467
0.0039769843
0.0039237853
0.0038740601
0.0038278193
0.0037850738
0.0037458347
0.0037101136
0.0036779221
0.0036492722
0.0036241761
0.0036026464
0.0035846961
0.0035703383
0.0035595864
0.0035524573
0.0035488579
0.0069882979
0.0068378992
0.0066908062
0.0065470107
0.0064064987
0.006269267
0.0061353189
0.0060046601
0.0058772974
0.0057532373
0.0056324863
0.0055150506
0.0054009361
0.0052901488
0.0051826946
0.0050785793
0.0049778093
0.0048803907
0.0047863301
0.0046956344
0.0046083107
0.0045243663
0.0044438091
0.0043666469
0.0042928882
0.0042225416
0.004155616
0.0040921206
0.0040320651
0.0039754591
0.0039223129
0.0038726368
0.0038264413
0.0037837374
0.0037445363
0.0037088493
0.0036766882
0.0036480649
0.0036229917
0.0036014811
0.003583546
0.0035691995
0.0035584547
0.0035513282
0.0035477294
0.0069831255
0.0068329024
0.0066859727
0.0065423326
0.0064019743
0.0062648957
0.0061310992
0.00600059
0.0058733739
0.0057494571
0.0056288457
0.0055115458
0.0053975632
0.0052869036
0.0051795731
0.0050755774
0.0049749228
0.0048776156
0.0047836623
0.0046930697
0.004605845
0.0045219955
0.0044415291
0.0043644536
0.0042907775
0.0042205094
0.0041536582
0.0040902332
0.0040302439
0.0039737001
0.0039206119
0.0038709897
0.0038248441
0.003782186
0.0037430265
0.0037073771
0.0036752494
0.0036466555
0.0036216074
0.0036001178
0.0035821994
0.0035678653
0.0035571286
0.0035500051
0.0035464074
0.0071306591
0.0069773415
0.0068273106
0.0066805641
0.0065371003
0.0063969149
0.006260007
0.006126379
0.0059960353
0.0058689813
0.0057452228
0.0056247656
0.0055076154
0.0053937781
0.0052832594
0.0051760652
0.0050722013
0.0049716738
0.0048744892
0.0047806539
0.0046901747
0.0046030589
0.0045193138
0.0044389471
0.0043619669
0.0042883816
0.0042181997
0.0041514302
0.0040880823
0.0040281657
0.0039716901
0.0039186656
0.0038691026
0.0038230116
0.0037804037
0.0037412899
0.0037056816
0.0036735906
0.0036450287
0.0036200082
0.0035985416
0.0035806416
0.0035663212
0.0035555936
0.0035484736
0.0035448775
0.0071239951
0.0069709026
0.0068210851
0.0066745433
0.0065312771
0.0063912848
0.0062545666
0.006121125
0.005990964
0.0058640886
0.0057405042
0.0056202165
0.005503231
0.0053895534
0.0052791894
0.0051721449
0.0050684256
0.0049680377
0.0048709875
0.0047772817
0.0046869269
0.0045999305
0.0045162997
0.0044360424
0.0043591665
0.0042856805
0.004215593
0.0041489129
0.0040856495
0.0040258124
0.0039694113
0.0039164565
0.0038669581
0.0038209269
0.0037783738
0.0037393099
0.0037037466
0.0036716956
0.0036431688
0.0036181785
0.003596737
0.0035788571
0.0035645519
0.0035538343
0.0035467187
0.0035431245
0.0072727378
0.0071166148
0.0069637672
0.0068141855
0.006667871
0.0065248247
0.0063850468
0.0062485384
0.0061153022
0.0059853421
0.0058586629
0.0057352696
0.0056151678
0.0054983628
0.0053848602
0.0052746656
0.0051677849
0.0050642239
0.0049639887
0.0048670857
0.0047735213
0.0046833026
0.0045964366
0.0045129307
0.0044327928
0.0043560309
0.0042826534
0.0042126689
0.0041460864
0.0040829152
0.0040231647
0.003966845
0.003913966
0.0038645382
0.0038185722
0.0037760788
0.0037370693
0.003701555
0.0036695477
0.0036410591
0.0036161017
0.0035946877
0.0035768299
0.0035625412
0.0035518347
0.0035447242
0.0035411323
0.0072643115
0.0071084686
0.0069558913
0.0068065698
0.0066605063
0.0065177032
0.0063781621
0.0062418848
0.0061088743
0.0059791346
0.0058526702
0.005729486
0.0056095874
0.0054929796
0.0053796682
0.0052696587
0.0051629569
0.0050595686
0.0049595
0.0048627574
0.0047693474
0.0046792769
0.0045925531
0.0045091834
0.0044291756
0.0043525378
0.0042792784
0.0042094061
0.0041429298
0.0040798588
0.0040202028
0.0039639715
0.0039111751
0.003861824
0.0038159288
0.0037735004
0.00373455
0.0036990891
0.0036671292
0.0036386823
0.0036137606
0.0035923765
0.0035745428
0.0035602723
0.0035495781
0.0035424736
0.0035388844
0.0072550303
0.0070995088
0.0069472297
0.0067981942
0.0066524069
0.0065098713
0.0063705903
0.0062345666
0.0061018033
0.0059723046
0.0058460748
0.0057231189
0.0056034419
0.0054870491
0.005373946
0.005264138
0.005157631
0.0050544307
0.0049545435
0.0048579755
0.0047647334
0.0046748241
0.0045882549
0.0045050332
0.0044251668
0.0043486638
0.0042755327
0.0042057822
0.0041394212
0.0040764591
0.0040169055
0.0039607703
0.0039080635
0.0038587956
0.0038129773
0.0037706194
0.0037317332
0.0036963301
0.0036644217
0.00363602
0.0036111372
0.0035897857
0.0035719782
0.0035577276
0.003547047
0.0035399492
0.0035363633
0.0072448578
0.0070896889
0.0069377359
0.0067890132
0.0066435283
0.0065012859
0.0063622897
0.0062265432
0.0060940499
0.0059648139
0.0058388398
0.0057161323
0.0055966965
0.0054805375
0.0053676608
0.0052580718
0.0051517764
0.0050487803
0.0049490899
0.0048527114
0.0047596515
0.0046699172
0.0045835157
0.0045004545
0.0044207414
0.0043443846
0.0042713926
0.004201774
0.004135538
0.0040726939
0.0040132512
0.00395722
0.0039046102
0.0038554325
0.0038096974
0.0037674159
0.0037285991
0.0036932586
0.003661406
0.0036330533
0.0036082127
0.0035868965
0.0035691175
0.0035548886
0.003544223
0.0035371329
0.0035335506
0.007391755
0.007233767
0.0070789623
0.0069273619
0.0067789798
0.0066338247
0.0064919022
0.0063532168
0.0062177724
0.0060855731
0.005956623
0.0058309268
0.0057084891
0.005589315
0.0054734097
0.0053607785
0.005251427
0.0051453609
0.0050425862
0.004943109
0.0048469357
0.0047540732
0.0046645282
0.0045783082
0.0044954206
0.0044158734
0.0043396748
0.0042668332
0.0041973574
0.0041312565
0.0040685399
0.0040092172
0.0039532983
0.0039007935
0.0038517131
0.003806068
0.003763869
0.0037251273
0.0036898545
0.0036580623
0.0036297625
0.0036049674
0.0035836896
0.0035659415
0.0035517363
0.003541087
0.0035340057
0.0035304276
0.0073792845
0.0072216914
0.0070672771
0.0069160575
0.0067680451
0.0066232485
0.006481674
0.0063433266
0.0062082107
0.0060763306
0.0059476908
0.0058222958
0.0057001506
0.00558126
0.0054656293
0.0053532639
0.0052441693
0.0051383513
0.0050358159
0.0049365692
0.0048406178
0.0047479685
0.0046586281
0.0045726042
0.0044899042
0.0044105361
0.0043345082
0.004261829
0.0041925073
0.0041265522
0.0040639732
0.0040047799
0.0039489823
0.0038965906
0.0038476153
0.0038020672
0.0037599572
0.0037212966
0.0036860968
0.0036543697
0.0036261271
0.0036013813
0.0035801448
0.0035624303
0.0035482509
0.0035376195
0.0035305479
0.0035269745
0.0076896888
0.0075260878
0.007365742
0.0072085726
0.0070545787
0.0069037706
0.0067561585
0.0066117506
0.0064705536
0.0063325728
0.006197813
0.0060662788
0.0059379749
0.005812906
0.005691077
0.0055724929
0.0054571589
0.0053450806
0.0052362634
0.0051307132
0.005028436
0.0049294382
0.0048337261
0.0047413067
0.004652187
0.0045663744
0.0044838766
0.0044047016
0.0043288577
0.0042563534
0.0041871977
0.0041213997
0.0040589689
0.003999915
0.003944248
0.0038919781
0.003843116
0.0037976724
0.0037556582
0.0037170849
0.0036819638
0.0036503068
0.0036221258
0.0035974332
0.0035762414
0.0035585632
0.0035444117
0.0035337998
0.0035267392
0.003523171
0.0078402503
0.0076740134
0.0075109377
0.0073510585
0.0071943503
0.0070408108
0.0068904471
0.0067432678
0.0065992805
0.0064584919
0.0063209078
0.0061865331
0.0060553729
0.0059274319
0.0058027151
0.0056812273
0.0055629739
0.00544796
0.0053361911
0.0052276729
0.0051224113
0.0050204123
0.0049216823
0.004826228
0.0047340561
0.0046451739
0.0045595888
0.0044773086
0.0043983413
0.0043226953
0.0042503792
0.004181402
0.004115773
0.0040535015
0.0039945974
0.0039390708
0.003886932
0.0038381915
0.0037928602
0.0037509491
0.0037124695
0.0036774331
0.0036458515
0.0036177369
0.0035931015
0.0035719579
0.0035543189
0.0035401976
0.0035296071
0.0035225586
0.0035189962
0.0078227355
0.0076570573
0.0074945322
0.0073351693
0.0071789635
0.0070259156
0.0068760317
0.0067293194
0.0065857862
0.0064454386
0.0063082826
0.0061743236
0.0060435667
0.005916017
0.0057916796
0.0056705596
0.0055526622
0.0054379928
0.0053265569
0.0052183604
0.0051134091
0.0050117093
0.0049132674
0.00481809
0.0047261842
0.0046375572
0.0045522166
0.00447017
0.0043914258
0.0043159924
0.0042438784
0.0041750928
0.0041096451
0.0040475447
0.0039888015
0.0039334256
0.0038814274
0.0038328174
0.0037876067
0.0037458062
0.0037074274
0.0036724818
0.0036409813
0.0036129379
0.0035883641
0.0035672724
0.0035496756
0.0035355869
0.0035250195
0.0035179845
0.0035144286
0.0078038192
0.0076387486
0.007476812
0.0073180116
0.0071623509
0.0070098341
0.0068604676
0.0067142587
0.0065712146
0.0064313421
0.0062946473
0.0061611359
0.0060308133
0.0059036847
0.0057797555
0.0056590308
0.0055415161
0.0054272169
0.0053161388
0.0052082877
0.0051036697
0.0050022911
0.0049041583
0.0048092782
0.0047176578
0.0046293045
0.004544226
0.0044624301
0.0043839251
0.0043087196
0.0042368222
0.0041682421
0.0041029887
0.0040410716
0.0039825008
0.0039272864
0.0038754389
0.0038269688
0.0037818873
0.0037402054
0.0037019345
0.0036670863
0.0036356727
0.0036077059
0.0035831981
0.0035621622
0.0035446109
0.0035305574
0.0035200151
0.0035129948
0.003509446
0.0077834375
0.0076190199
0.0074577147
0.0072995224
0.0071444508
0.0069925066
0.0068436971
0.0066980297
0.0065555118
0.0064161502
0.0062799512
0.0061469209
0.0060170649
0.0058903886
0.0057668976
0.0056465973
0.0055294933
0.0054155912
0.0053048968
0.0051974161
0.0050931553
0.0049921208
0.0048943193
0.0047997576
0.004708443
0.0046203829
0.0045355851
0.0044540575
0.0043758086
0.004300847
0.0042291815
0.0041608213
0.0040957759
0.004034055
0.0039756686
0.003920627
0.0038689407
0.0038206204
0.0037756771
0.0037341221
0.0036959668
0.0036612229
0.0036299024
0.0036020174
0.0035775805
0.0035566044
0.0035391019
0.0035250865
0.0035145713
0.0035075671
0.0035040262
0.007761523
0.0075978045
0.0074371764
0.0072796386
0.0071252013
0.006973873
0.0068256621
0.0066805763
0.0065386232
0.0063998099
0.006264143
0.0061316288
0.0060022731
0.0058760818
0.0057530605
0.005633215
0.0055165508
0.005403074
0.0052927904
0.0051857062
0.0050818277
0.0049811614
0.0048837142
0.0047894932
0.0046985055
0.0046107589
0.0045262612
0.0044450205
0.0043670454
0.0042923444
0.0042209267
0.0041528014
0.0040879783
0.004026467
0.0039682777
0.0039134208
0.0038619067
0.0038137463
0.0037689508
0.0037275313
0.0036894995
0.0036548671
0.0036236462
0.0035958489
0.0035714879
0.0035505758
0.0035331258
0.0035191511
0.0035086652
0.0035016786
0.0034981463
0.0077380067
0.0075750354
0.0074151322
0.0072582967
0.0071045403
0.006953873
0.006806304
0.0066618416
0.0065204938
0.0063822679
0.0062471709
0.0061152093
0.0059863894
0.0058607171
0.0057381985
0.0056188393
0.0055026456
0.0053896235
0.0052797789
0.0051731184
0.0050696484
0.0049693755
0.0048723068
0.0047784495
0.004687811
0.004600399
0.0045162217
0.0044352872
0.0043576041
0.0042831814
0.004212028
0.0041441535
0.0040795675
0.0040182798
0.0039603008
0.0039056408
0.0038543105
0.0038063208
0.0037616829
0.0037204081
0.0036825081
0.0036479948
0.0036168801
0.0035891765
0.0035648965
0.003544053
0.0035266591
0.0035127282
0.0035022739
0.0034953064
0.0034917835
0.0077128192
0.0075506454
0.0073915172
0.0072354333
0.007082406
0.0069324464
0.0067855644
0.0066417691
0.0065010687
0.0063634711
0.0062289835
0.0060976126
0.0059693652
0.0058442475
0.0057222657
0.005603426
0.0054877346
0.0053751977
0.0052658218
0.0051596133
0.005056579
0.0049567257
0.0048600606
0.0047665911
0.0046763249
0.0045892697
0.0045054338
0.0044248256
0.0043474538
0.0042733275
0.0042024558
0.0041348484
0.0040705149
0.0040094656
0.0039517105
0.0038972603
0.0038461258
0.0037983179
0.003753848
0.0037127274
0.0036749678
0.0036405813
0.00360958
0.0035819763
0.0035577828
0.0035370126
0.0035196787
0.0035057948
0.0034953743
0.0034884277
0.0034849149
0.0076858913
0.0075245679
0.0073662665
0.0072109854
0.0070587371
0.0069095337
0.0067633857
0.0066203028
0.0064802938
0.0063433668
0.0062095295
0.0060787891
0.0059511524
0.0058266262
0.0057052169
0.005586931
0.005471775
0.0053597553
0.0052508787
0.0051451517
0.0050425815
0.004943175
0.0048469397
0.0047538831
0.004664013
0.0045773375
0.004493865
0.004413604
0.0043365635
0.0042627525
0.0041921805
0.0041248572
0.0040607925
0.0039999965
0.0039424797
0.0038882527
0.0038373264
0.003789712
0.0037454207
0.0037044641
0.0036668541
0.0036326027
0.003601722
0.0035742247
0.0035501235
0.0035294313
0.0035121616
0.0034983278
0.0034879437
0.0034810196
0.0034775178
0.0076571549
0.007496737
0.0073393167
0.0071848912
0.0070334736
0.0068850764
0.0067397111
0.0065973877
0.0064581156
0.0063219033
0.006188759
0.0060586901
0.0059317039
0.0058078075
0.0056870077
0.0055693113
0.005454725
0.0053432556
0.00523491
0.0051296953
0.0050276185
0.0049286871
0.0048329087
0.0047402909
0.0046508419
0.0045645699
0.0044814835
0.0044015914
0.0043249028
0.0042514268
0.0041811732
0.0041141517
0.0040503724
0.0039898456
0.0039325818
0.0038785919
0.0038278868
0.0037804778
0.0037363763
0.003695594
0.0036581429
0.0036240349
0.0035932826
0.0035658985
0.0035418954
0.0035212864
0.003504085
0.0034903049
0.0034799597
0.0034730598
0.00346957
0.0076265438
0.0074670889
0.0073106057
0.0071570907
0.0070065571
0.0068590182
0.0067144858
0.0065729706
0.0064344825
0.0062990306
0.0061666232
0.0060372684
0.0059109739
0.005787747
0.005667595
0.0055505249
0.0054365439
0.005325659
0.0052178775
0.0051132066
0.0050116539
0.0049132268
0.0048179332
0.0047257812
0.004636779
0.0045509352
0.0044682584
0.0043887577
0.0043124423
0.0042393217
0.0041694057
0.0041027043
0.0040392277
0.0039789863
0.0039219909
0.0038682524
0.0038177819
0.0037705908
0.0037266907
0.0036860933
0.0036488107
0.0036148551
0.003584239
0.0035569751
0.0035330762
0.0035125558
0.0034954271
0.0034817041
0.0034714006
0.0034645268
0.0034610498
0.0075939948
0.0074355623
0.0072800744
0.0071275264
0.006977932
0.0068313048
0.0066876573
0.0065470007
0.0064093453
0.0062747007
0.0061430759
0.0060144792
0.0058889187
0.0057664023
0.0056469376
0.005530532
0.005417193
0.005306928
0.0051997445
0.0050956502
0.0049946529
0.0048967603
0.0048019806
0.0047103221
0.0046217933
0.004536403
0.0044541601
0.0043750739
0.0042991539
0.0042264096
0.0041568512
0.0040904887
0.0040273326
0.0039673935
0.0039106823
0.00385721
0.0038069879
0.0037600276
0.0037163407
0.0036759392
0.0036388352
0.0036050411
0.0035745694
0.0035474329
0.0035236447
0.0035032182
0.0034861668
0.0034725047
0.0034622454
0.0034553996
0.0034519364
0.0075594483
0.0074020997
0.007247667
0.0070961445
0.0069475461
0.0068018857
0.0066591765
0.0065194302
0.0063826577
0.0062488689
0.0061180735
0.0059902801
0.0058654975
0.0057437338
0.005624997
0.0055092951
0.0053966359
0.0052870271
0.0051804768
0.0050769927
0.0049765831
0.0048792561
0.00478502
0.0046938836
0.0046058556
0.004520945
0.004439161
0.0043605131
0.0042850111
0.0042126648
0.0041434844
0.0040774802
0.004014663
0.0039550435
0.0038986327
0.0038454419
0.0037954825
0.0037487662
0.0037053049
0.0036651106
0.0036281955
0.0035945722
0.0035642533
0.0035372517
0.0035135808
0.0034932537
0.0034762844
0.0034626868
0.0034524748
0.003445659
0.0034422106
0.0075228497
0.0073666485
0.0072133327
0.0070628957
0.0069153515
0.0067707146
0.0066289986
0.0064902158
0.0063543775
0.0062214944
0.0060915763
0.0059646328
0.0058406728
0.0057197051
0.005601738
0.0054867801
0.0053748394
0.0052659243
0.0051600429
0.0050572036
0.0049574149
0.0048606853
0.0047670235
0.0046764384
0.0045889392
0.0045045351
0.0044232356
0.0043450505
0.0042699898
0.0041980635
0.0041292822
0.0040636563
0.0040011968
0.0039419146
0.0038858209
0.0038329273
0.0037832452
0.0037367866
0.0036935634
0.0036535878
0.0036168722
0.0035834293
0.0035532719
0.003526413
0.003502866
0.0034826443
0.0034657618
0.0034522327
0.0034420709
0.003435287
0.0034318544
0.0074841508
0.007329162
0.0071770264
0.0070277364
0.0068813061
0.0067377507
0.006597084
0.006459319
0.0063244676
0.0061925409
0.0060635495
0.0059375033
0.0058144118
0.0056942843
0.0055771297
0.0054629568
0.0053517743
0.0052435909
0.0051384153
0.0050362561
0.0049371222
0.0048410225
0.0047479662
0.0046579624
0.0045710206
0.0044871504
0.0044063617
0.0043286643
0.0042540687
0.0041825851
0.0041142243
0.004048997
0.0039869144
0.0039279877
0.0038722282
0.0038196477
0.0037702579
0.0037240708
0.0036810986
0.0036413536
0.0036048484
0.0035715958
0.0035416088
0.0035149004
0.0034914842
0.0034713738
0.0034545831
0.0034411264
0.0034310178
0.003424268
0.0034208522
0.0074433113
0.0072896013
0.0071387105
0.0069906302
0.0068453748
0.0067029599
0.0065633997
0.006426708
0.006292897
0.0061619787
0.0060339639
0.0059088634
0.0057866872
0.0056674449
0.0055511462
0.0054378002
0.0053274163
0.0052200034
0.0051155709
0.0050141277
0.0049156832
0.0048202466
0.0047278275
0.0046384355
0.0045520803
0.0044687719
0.0043885204
0.0043113363
0.0042372299
0.004166212
0.0040982936
0.0040334857
0.0039717996
0.0039132467
0.0038578388
0.0038055877
0.0037565054
0.0037106039
0.0036678958
0.0036283936
0.0035921098
0.0035590576
0.0035292499
0.0035027001
0.0034794217
0.0034594286
0.0034427348
0.0034293546
0.0034193023
0.0034125886
0.0034091908
0.0074002999
0.0072479364
0.0070983561
0.0069515495
0.0068075309
0.0066663164
0.0065279209
0.0063923585
0.0062596424
0.0061297848
0.0060027976
0.0058786918
0.005757478
0.0056391667
0.0055237679
0.0054112913
0.0053017468
0.0051951439
0.0050914922
0.0049908015
0.0048930813
0.0047983414
0.0047065917
0.0046178423
0.0045321032
0.0044493849
0.0043696977
0.0042930524
0.0042194598
0.004148931
0.004081477
0.0040171094
0.0039558396
0.0038976794
0.0038426407
0.0037907355
0.003741976
0.0036963746
0.0036539439
0.0036146966
0.0035786455
0.0035458037
0.0035161846
0.0034898015
0.0034666681
0.0034467985
0.0034302067
0.0034169072
0.0034069143
0.0034002389
0.0033968601
0.007355097
0.0072041485
0.0070559453
0.0069104769
0.0067677578
0.0066278042
0.006490632
0.0063562557
0.0062246892
0.0060959455
0.0059700368
0.0058469751
0.0057267716
0.0056094373
0.0054949827
0.0053834183
0.0052747544
0.0051690011
0.0050661685
0.0049662668
0.0048693062
0.0047752968
0.004684249
0.0045961733
0.0045110801
0.0044289802
0.0043498845
0.004273804
0.0042007499
0.0041307336
0.0040637664
0.0039998602
0.0039390267
0.003881278
0.0038266261
0.0037750834
0.0037266624
0.0036813755
0.0036392356
0.0036002555
0.0035644484
0.0035318274
0.0035024061
0.0034761979
0.0034532168
0.0034334768
0.0034169921
0.0034037775
0.0033938472
0.0033872122
0.0033838536
0.0073076959
0.0071582315
0.0070114727
0.0068674075
0.0067260506
0.006587419
0.0064515288
0.0063183955
0.0061880336
0.0060604567
0.005935678
0.00581371
0.0056945645
0.0055782532
0.0054647873
0.005354178
0.0052464359
0.0051415719
0.0050395967
0.0049405208
0.004844355
0.00475111
0.0046607966
0.0045734256
0.0044890081
0.0044075552
0.0043290782
0.0042535885
0.0041810976
0.0041116172
0.0040451592
0.0039817355
0.0039213583
0.0038640399
0.0038097927
0.0037586292
0.003710562
0.0036656042
0.0036237685
0.0035850681
0.0035495162
0.0035171264
0.003487912
0.0034618871
0.0034390654
0.0034194612
0.003403089
0.0033899634
0.0033800989
0.0033735065
0.0033701692
0.0072581056
0.0071101948
0.0069649475
0.0068223507
0.006682419
0.0065451699
0.0064106204
0.0062787867
0.006149684
0.0060233269
0.0058997291
0.005778904
0.005660864
0.0055456217
0.0054331888
0.005323577
0.0052167979
0.0051128627
0.0050117828
0.0049135693
0.0048182334
0.0047257864
0.0046362396
0.0045496044
0.0044658922
0.0043851146
0.0043072833
0.0042324101
0.004160507
0.004091586
0.0040256593
0.0039627392
0.0039028382
0.0038459689
0.0037921439
0.0037413761
0.0036936784
0.0036490639
0.0036075458
0.0035691373
0.003533852
0.0035017035
0.0034727055
0.0034468719
0.0034242169
0.0034047548
0.0033885001
0.0033754677
0.0033656722
0.0033591247
0.0033558096
0.0072063529
0.0070600652
0.0069163967
0.0067753329
0.0066368887
0.0065010821
0.0063679311
0.0062374528
0.0061096633
0.005984578
0.0058622116
0.0057425779
0.0056256904
0.0055115622
0.0054002059
0.0052916338
0.0051858581
0.0050828907
0.0049827436
0.0048854284
0.0047909571
0.0046993413
0.004610593
0.004524724
0.0044417463
0.0043616719
0.004284513
0.0042102817
0.0041389906
0.0040706519
0.0040052784
0.0039428826
0.0038834774
0.0038270756
0.0037736903
0.0037233345
0.0036760215
0.0036317646
0.0035905772
0.0035524729
0.0035174653
0.0034855682
0.0034567955
0.0034311614
0.0034086802
0.0033893663
0.0033732343
0.0033602993
0.0033505758
0.0033440753
0.0033407837
0.0071524846
0.0070078903
0.0068658673
0.0067264002
0.0065895043
0.0064551988
0.0063235029
0.0061944345
0.0060680108
0.0059442483
0.0058231622
0.0057047675
0.0055890783
0.0054761085
0.0053658713
0.0052583799
0.0051536471
0.0050516856
0.0049525078
0.0048561261
0.004762553
0.0046718009
0.0045838822
0.0044988092
0.0044165944
0.0043372504
0.0042607899
0.0041872254
0.0041165698
0.004048836
0.003984037
0.0039221857
0.0038632954
0.0038073792
0.0037544505
0.0037045226
0.0036576092
0.0036137238
0.0035728799
0.0035350915
0.0035003725
0.0034687367
0.0034401983
0.0034147717
0.0033924711
0.0033733114
0.0033573072
0.0033444735
0.0033348252
0.0033283737
0.0033251067
0.0070965705
0.0069537419
0.0068134301
0.0066756214
0.0065403325
0.0064075845
0.0062773978
0.0061497918
0.0060247847
0.0059023939
0.0057826356
0.0056655256
0.0055510789
0.00543931
0.0053302331
0.005223862
0.0051202103
0.0050192912
0.004921118
0.0048257038
0.0047330616
0.0046432043
0.004556145
0.0044718967
0.0043904723
0.004311885
0.0042361479
0.0041632741
0.0040932768
0.0040261695
0.0039619655
0.0039006782
0.0038423211
0.0037869079
0.0037344521
0.0036849676
0.0036384681
0.0035949674
0.0035544796
0.0035170185
0.0034825984
0.0034512335
0.003422938
0.0033977264
0.0033756133
0.0033566135
0.0033407418
0.0033280135
0.0033184433
0.003312043
0.0033088014
0.0070387047
0.0068977213
0.0067591843
0.0066230916
0.0064894646
0.0063583269
0.0062297007
0.0061036067
0.0059800644
0.0058590918
0.0057407064
0.0056249245
0.0055117622
0.0054012348
0.0052933572
0.005188144
0.0050856095
0.0049857678
0.0048886327
0.0047942181
0.0047025376
0.0046136049
0.0045274335
0.004444037
0.0043634291
0.0042856233
0.0042106334
0.0041384728
0.0040691555
0.0040026952
0.0039391057
0.0038784008
0.0038205944
0.0037657006
0.0037137333
0.0036647066
0.0036186346
0.0035755314
0.0035354112
0.0034982884
0.0034641773
0.0034330922
0.0034050477
0.0033800584
0.0033581392
0.0033393048
0.0033235703
0.003310951
0.0033014618
0.0032951145
0.0032918995
0.0069790198
0.0068399684
0.0067032618
0.0065689354
0.0064370194
0.0063075403
0.0061805219
0.0060559861
0.0059339531
0.0058144421
0.0056974713
0.0055830582
0.0054712195
0.0053619712
0.0052553293
0.0051513091
0.0050499256
0.0049511936
0.0048551279
0.0047617428
0.0046710528
0.0045830722
0.0044978151
0.0044152958
0.0043355286
0.0042585275
0.0041843067
0.0041128806
0.0040442632
0.003978469
0.003915512
0.0038554067
0.0037981673
0.0037438082
0.0036923437
0.0036437883
0.0035981565
0.0035554625
0.003515721
0.0034789465
0.0034451535
0.0034143567
0.0033865708
0.0033618106
0.0033400911
0.0033214272
0.0033058343
0.0032933275
0.0032839219
0.0032776294
0.003274442
0.0070572529
0.006917828
0.0067806795
0.0066458292
0.0065133082
0.0063831456
0.0062553681
0.00613
0.0060070638
0.0058865807
0.0057685707
0.0056530527
0.0055400451
0.0054295654
0.0053216307
0.0052162575
0.005113462
0.0050132601
0.0049156674
0.0048206992
0.0047283709
0.0046386974
0.0045516938
0.004467375
0.0043857559
0.0043068512
0.0042306757
0.0041572442
0.0040865714
0.0040186722
0.0039535612
0.0038912532
0.0038317629
0.0037751051
0.0037212945
0.003670346
0.0036222741
0.0035770938
0.0035348198
0.0034954667
0.0034590496
0.0034255831
0.0033950822
0.0033675618
0.0033430369
0.0033215225
0.0033030338
0.0032875862
0.0032751951
0.0032658755
0.0032596396
0.0032564805
0.0071323822
0.0069926977
0.0068552484
0.0067200335
0.0065870735
0.0064563944
0.006328023
0.0062019849
0.0060783044
0.0059570044
0.0058381068
0.0057216322
0.0056076004
0.0054960306
0.0053869411
0.0052803499
0.0051762743
0.0050747315
0.004975738
0.0048793102
0.0047854644
0.0046942165
0.0046055824
0.0045195777
0.004436218
0.0043555189
0.0042774959
0.0042021642
0.0041295394
0.0040596366
0.0039924712
0.0039280585
0.0038664137
0.0038075519
0.0037514885
0.0036982385
0.0036478171
0.0036002394
0.0035555206
0.0035136757
0.0034747198
0.003438668
0.0034055353
0.0033753369
0.003348088
0.0033238036
0.003302499
0.0032841896
0.0032688908
0.0032566182
0.0032473867
0.0032412089
0.0032380789
0.0072043273
0.0070645128
0.0069269122
0.0067914882
0.0066582493
0.0065272163
0.0063984135
0.0062718665
0.0061476002
0.0060256389
0.0059060058
0.0057887234
0.005673813
0.0055612952
0.00545119
0.0053435167
0.0052382939
0.00513554
0.0050352729
0.0049375099
0.0048422684
0.0047495653
0.0046594175
0.0045718414
0.0044868536
0.0044044702
0.0043247077
0.004247582
0.0041731091
0.0041013052
0.004032186
0.0039657674
0.0039020653
0.0038410953
0.0037828731
0.0037274144
0.0036747348
0.0036248499
0.0035777751
0.0035335259
0.0034921178
0.003453566
0.003417886
0.0033850932
0.0033552028
0.0033282302
0.0033041908
0.0032830999
0.0032649731
0.003249826
0.003237674
0.0032285325
0.0032224139
0.0032193137
0.0071332321
0.0069956346
0.0068601715
0.0067268203
0.0065955966
0.0064665238
0.0063396269
0.0062149314
0.0060924627
0.0059722453
0.0058543029
0.0057386585
0.0056253344
0.0055143519
0.0054057317
0.0052994941
0.0051956587
0.0050942446
0.0049952704
0.0048987547
0.0048047155
0.0047131705
0.0046241373
0.0045376333
0.0044536757
0.0043722815
0.0042934677
0.004217251
0.0041436481
0.0040726756
0.0040043501
0.0039386879
0.0038757054
0.0038154188
0.0037578443
0.0037029982
0.0036508963
0.0036015546
0.0035549891
0.0035112155
0.0034702497
0.0034321073
0.003396804
0.0033643554
0.003334777
0.0033080844
0.0032842932
0.003263419
0.0032454774
0.003230484
0.0032184545
0.0032094042
0.0032033458
0.0032002758
0.0070614683
0.0069261173
0.0067928268
0.0066615812
0.0065324011
0.0064053127
0.0062803429
0.0061575182
0.0060368646
0.0059184074
0.0058021711
0.0056881796
0.0055764557
0.0054670219
0.0053598997
0.0052551101
0.0051526737
0.0050526106
0.0049549403
0.004859682
0.0047668548
0.0046764771
0.0045885675
0.0045031441
0.0044202248
0.0043398274
0.0042619695
0.0041866687
0.0041139424
0.0040438076
0.0039762816
0.0039113814
0.0038491238
0.0037895257
0.0037326037
0.0036783745
0.0036268545
0.0035780601
0.0035320076
0.0034887132
0.003448193
0.003410463
0.0033755392
0.0033434374
0.0033141734
0.003287763
0.0032642221
0.0032435662
0.0032258112
0.0032109728
0.0031990669
0.0031901087
0.0031841111
0.0031810718
0.0069894913
0.0068563965
0.0067252936
0.0065961693
0.0064690468
0.0063439548
0.006220922
0.0060999764
0.0059811452
0.0058644547
0.0057499303
0.0056375967
0.0055274779
0.0054195971
0.0053139768
0.005210639
0.0051096052
0.0050108962
0.0049145326
0.0048205346
0.0047289218
0.0046397139
0.00455293
0.0044685891
0.0043867099
0.0043073109
0.0042304107
0.0041560272
0.0040841786
0.0040148828
0.0039481574
0.0038840202
0.0038224885
0.0037635797
0.0037073111
0.0036536996
0.0036027622
0.0035545157
0.0035089768
0.0034661622
0.0034260881
0.0033887711
0.0033542272
0.0033224727
0.0032935236
0.0032673959
0.0032441055
0.0032236684
0.0032061004
0.0031914175
0.0031796354
0.0031707696
0.003164833
0.0031618245
0.0069178108
0.006786967
0.0066580493
0.0065310447
0.006405978
0.0062828796
0.0061617803
0.0060427094
0.0059256955
0.0058107661
0.0056979477
0.0055872661
0.0054787463
0.0053724123
0.0052682878
0.0051663957
0.0050667582
0.0049693974
0.0048743346
0.0047815908
0.0046911869
0.0046031429
0.0045174791
0.0044342153
0.0043533708
0.0042749652
0.0041990174
0.0041255463
0.0040545708
0.0039861092
0.0039201801
0.0038568016
0.0037959917
0.0037377684
0.0036821492
0.0036291519
0.0035787938
0.0035310921
0.0034860639
0.0034437262
0.0034040958
0.0033671894
0.0033330234
0.0033016142
0.0032729782
0.0032471317
0.0032240906
0.003203871
0.0031864891
0.0031719607
0.0031603019
0.0031515281
0.0031456524
0.0031426745
0.006847
0.0067183885
0.0065916368
0.0064667327
0.0063437024
0.0062225784
0.0061033929
0.0059861771
0.005870961
0.0057577734
0.0056466419
0.0055375934
0.0054306539
0.0053258486
0.005223202
0.005122738
0.00502448
0.0049284507
0.0048346724
0.0047431673
0.0046539567
0.0045670619
0.0044825039
0.0044003031
0.0043204799
0.0042430545
0.0041680465
0.0040954758
0.0040253616
0.0039577232
0.0038925795
0.0038299494
0.0037698515
0.0037123042
0.0036573258
0.0036049342
0.0035551474
0.003507983
0.0034634585
0.0034215913
0.0033823984
0.0033458969
0.0033121035
0.0032810351
0.003252708
0.0032271387
0.0032043435
0.0031843387
0.0031671403
0.0031527646
0.0031412274
0.0031325445
0.0031267289
0.0031237813
0.0067776985
0.006651293
0.0065266707
0.0064038279
0.0062827949
0.0061636066
0.0060462973
0.0059308998
0.0058174455
0.0057059643
0.0055964853
0.0054890363
0.0053836443
0.0052803357
0.0051791358
0.0050800697
0.0049831615
0.0048884351
0.0047959138
0.0047056202
0.004617577
0.0045318062
0.0044483294
0.0043671682
0.0042883435
0.0042118763
0.0041377872
0.0040660964
0.0039968241
0.0039299901
0.0038656141
0.0038037154
0.0037443132
0.0036874264
0.0036330739
0.0035812742
0.0035320455
0.003485406
0.0034413736
0.0033999659
0.0033612005
0.0033250946
0.0032916654
0.0032609297
0.0032329044
0.003207606
0.0031850512
0.0031652561
0.0031482372
0.0031340106
0.0031225924
0.0031139983
0.0031082415
0.0031053237
0.0067106165
0.0065863975
0.006463845
0.006342999
0.0062239002
0.0061065871
0.0059910957
0.00587746
0.0057657127
0.0056558849
0.0055480066
0.0054421068
0.0053382135
0.005236354
0.0051365548
0.0050388417
0.0049432401
0.0048497745
0.0047584691
0.0046693478
0.0045824338
0.0044977499
0.0044153189
0.0043351628
0.0042573035
0.0041817628
0.0041085618
0.0040377216
0.0039692629
0.0039032063
0.0038395719
0.0037783799
0.0037196498
0.0036634013
0.0036096535
0.0035584255
0.003509736
0.0034636035
0.0034200464
0.0033790826
0.00334073
0.0033050063
0.0032719287
0.0032415145
0.0032137807
0.0031887441
0.0031664214
0.003146829
0.0031299834
0.003115901
0.0031045978
0.0030960895
0.0030903896
0.0030875007
0.0067706576
0.0066467726
0.0065245395
0.0064039348
0.0062849869
0.0061677331
0.0060522109
0.0059384566
0.0058265049
0.0057163892
0.0056081415
0.005501793
0.0053973735
0.005294912
0.0051944368
0.0050959754
0.0049995544
0.0049052002
0.0048129382
0.0047227936
0.0046347909
0.0045489544
0.0044653076
0.0043838741
0.0043046768
0.0042277383
0.004153081
0.0040807268
0.0040106975
0.0039430145
0.0038776988
0.0038147715
0.0037542529
0.0036961634
0.003640523
0.0035873514
0.0035366681
0.0034884923
0.0034428429
0.0033997386
0.0033591977
0.0033212385
0.0032858787
0.0032531362
0.0032230283
0.0031955722
0.0031707849
0.0031486833
0.0031292841
0.0031126037
0.0030986585
0.0030874648
0.0030790384
0.0030733928
0.0030705314
0.006708827
0.0065868823
0.0064665316
0.0063477603
0.0062305966
0.0061150766
0.0060012375
0.0058891159
0.005778747
0.0056701648
0.0055634022
0.0054584911
0.0053554624
0.005254346
0.0051551709
0.0050579657
0.0049627579
0.0048695747
0.0047784424
0.004689387
0.004602434
0.0045176082
0.0044349343
0.0043544363
0.004276138
0.0042000628
0.0041262337
0.0040546733
0.003985404
0.0039184478
0.0038538265
0.0037915615
0.0037316739
0.0036741844
0.0036191137
0.0035664817
0.0035163086
0.0034686139
0.0034234168
0.0033807365
0.0033405917
0.0033030007
0.0032679819
0.003235553
0.0032057319
0.0031785358
0.003153982
0.0031320875
0.003112869
0.0030963433
0.0030825267
0.0030714356
0.0030630859
0.0030574911
0.0030546556
0.0066520507
0.0065319097
0.0064133051
0.0062962285
0.00618071
0.0060667871
0.0059544975
0.0058438783
0.0057349655
0.0056277938
0.0055223969
0.0054188075
0.0053170573
0.005217177
0.0051191967
0.0050231457
0.0049290523
0.0048369445
0.0047468495
0.0046587941
0.0045728046
0.0044889065
0.0044071252
0.0043274855
0.0042500119
0.0041747285
0.0041016588
0.0040308262
0.0039622536
0.0038959638
0.0038319789
0.0037703209
0.0037110114
0.0036540717
0.0035995228
0.0035473853
0.0034976795
0.0034504254
0.0034056426
0.0033633507
0.0033235685
0.0032863148
0.0032516081
0.0032194665
0.0031899079
0.0031629499
0.0031386099
0.003116905
0.0030978521
0.003081468
0.0030677691
0.003056772
0.0030484924
0.0030429442
0.0030401325
0.0066014523
0.006482929
0.0063658919
0.0062503352
0.0061362909
0.0060237974
0.0059128936
0.0058036175
0.0056960058
0.0055900941
0.0054859168
0.0053835075
0.0052828985
0.0051841215
0.0050872073
0.0049921858
0.0048990863
0.0048079375
0.0047187673
0.0046316033
0.0045464723
0.0044634007
0.0043824146
0.0043035394
0.0042268002
0.0041522216
0.004079828
0.0040096431
0.0039416906
0.0038759936
0.0038125749
0.0037514569
0.0036926616
0.0036362108
0.003582126
0.003530428
0.0034811377
0.0034342753
0.0033898609
0.0033479141
0.0033084542
0.0032715003
0.003237071
0.0032051847
0.0031758595
0.0031491131
0.003124963
0.0031034266
0.0030845208
0.0030682625
0.0030546683
0.0030437545
0.0030355373
0.0030300305
0.00302724
0.0065582299
0.0064410986
0.0063254098
0.0062111597
0.0060983813
0.0059871146
0.0058773993
0.0057692745
0.0056627777
0.0055579452
0.0054548123
0.0053534132
0.005253781
0.005155948
0.0050599457
0.0049658047
0.004873555
0.0047832259
0.0046948461
0.0046084436
0.004524046
0.0044416804
0.0043613732
0.0042831506
0.0042070381
0.0041330611
0.0040612443
0.003991612
0.0039241883
0.0038589969
0.0037960608
0.0037354031
0.0036770461
0.003621012
0.0035673226
0.0035159992
0.0034670628
0.0034205341
0.0033764334
0.0033347806
0.0032955952
0.0032588966
0.0032247035
0.0031930346
0.0031639081
0.0031373418
0.0031133535
0.0030919605
0.0030731799
0.0030570287
0.0030435235
0.0030326807
0.0030245165
0.0030190449
0.0030162726
0.0065236558
0.0064076568
0.0062930566
0.0061798581
0.0060680974
0.0059578158
0.0058490546
0.0057418536
0.0056362511
0.0055322842
0.0054299886
0.0053293992
0.0052305497
0.0051334729
0.0050382009
0.0049447649
0.0048531954
0.0047635222
0.0046757746
0.0045899812
0.00450617
0.0044243687
0.0043446041
0.0042669029
0.0041912911
0.0041177945
0.0040464382
0.003977247
0.0039102454
0.0038454573
0.0037829064
0.0037226158
0.0036646084
0.0036089066
0.0035555325
0.0035045077
0.0034558534
0.0034095907
0.00336574
0.0033243214
0.0032853548
0.0032488595
0.0032148547
0.0031833589
0.0031543907
0.0031279679
0.0031041084
0.0030828296
0.0030641488
0.0030480828
0.0030346484
0.0030238621
0.00301574
0.0030102964
0.0030075385
0.0064990625
0.0063839236
0.0062701076
0.0061576577
0.0060466202
0.0059370392
0.005828957
0.0057224137
0.0056174479
0.0055140972
0.0054123976
0.0053123843
0.0052140915
0.0051175525
0.0050227997
0.0049298647
0.0048387784
0.0047495712
0.0046622725
0.0045769114
0.0044935164
0.0044121153
0.0043327355
0.0042554039
0.0041801471
0.0041069908
0.0040359608
0.003967082
0.0039003793
0.0038358768
0.0037735985
0.0037135677
0.0036558076
0.0036003409
0.0035471897
0.003496376
0.0034479212
0.0034018465
0.0033581724
0.0033169194
0.0032781074
0.0032417558
0.0032078839
0.0031765105
0.003147654
0.0031213326
0.0030975641
0.003076366
0.0030577555
0.0030417497
0.0030283652
0.0030176186
0.003009526
0.0030041019
0.0030013544
0.0066022068
0.0064861059
0.0063713269
0.0062578867
0.0061458179
0.0060351584
0.0059259482
0.0058182271
0.0057120343
0.0056074083
0.0055043863
0.0054030047
0.0053032988
0.0052053028
0.0051090504
0.0050145742
0.004921906
0.0048310769
0.0047421175
0.0046550575
0.0045699262
0.0044867522
0.0044055637
0.0043263882
0.0042492527
0.0041741841
0.0041012083
0.0040303511
0.0039616378
0.0038950933
0.0038307419
0.0037686078
0.0037087144
0.003651085
0.0035957425
0.0035427091
0.0034920068
0.0034436573
0.0033976818
0.003354101
0.0033129353
0.0032742047
0.0032379288
0.003204127
0.003172818
0.0031440204
0.0031177524
0.0030940317
0.0030728761
0.0030543026
0.0030383283
0.00302497
0.0030142441
0.0030061666
0.0030007521
0.0029980091
)
;

boundaryField
{
    inletLow
    {
        type            fixedValue;
        value           nonuniform List<scalar> 0();
    }
    inletJet
    {
        type            fixedValue;
        value           nonuniform List<scalar> 0();
    }
    inletHigh
    {
        type            fixedValue;
        value           nonuniform List<scalar> 0();
    }
    outlet
    {
        type            inletOutlet;
        inletValue      uniform 0;
        value           nonuniform List<scalar> 
65
(
0.0035517099
0.0035520744
0.0035523193
0.0035524384
0.0035524274
0.0035522925
0.0035520578
0.003551703
0.0035512171
0.003550589
0.0035498067
0.0035488579
0.0035477294
0.0035464074
0.0035448775
0.0035431245
0.0035411323
0.0035388844
0.0035363633
0.0035335506
0.0035304276
0.0035269745
0.003523171
0.0035189962
0.0035144286
0.003509446
0.0035040262
0.0034981463
0.0034917835
0.0034849149
0.0034775178
0.00346957
0.0034610498
0.0034519364
0.0034422106
0.0034318544
0.0034208522
0.0034091908
0.0033968601
0.0033838536
0.0033701692
0.0033558096
0.0033407837
0.0033251067
0.0033088014
0.0032918995
0.003274442
0.0032564805
0.0032380789
0.0032193137
0.0032002758
0.0031810718
0.0031618245
0.0031426745
0.0031237813
0.0031053237
0.0030875007
0.0030705314
0.0030546556
0.0030401325
0.00302724
0.0030162726
0.0030075385
0.0030013544
0.0029980091
)
;
    }
    upperWall
    {
        type            inletOutlet;
        inletValue      uniform 0;
        value           nonuniform List<scalar> 
56
(
0.0066022068
0.0064861059
0.0063713269
0.0062578867
0.0061458179
0.0060351584
0.0059259482
0.0058182271
0.0057120343
0.0056074083
0.0055043863
0.0054030047
0.0053032988
0.0052053028
0.0051090504
0.0050145742
0.004921906
0.0048310769
0.0047421175
0.0046550575
0.0045699262
0.0044867522
0.0044055637
0.0043263882
0.0042492527
0.0041741841
0.0041012083
0.0040303511
0.0039616378
0.0038950933
0.0038307419
0.0037686078
0.0037087144
0.003651085
0.0035957425
0.0035427091
0.0034920068
0.0034436573
0.0033976818
0.003354101
0.0033129353
0.0032742047
0.0032379288
0.003204127
0.003172818
0.0031440204
0.0031177524
0.0030940317
0.0030728761
0.0030543026
0.0030383283
0.00302497
0.0030142441
0.0030061666
0.0030007521
0.0029980091
)
;
    }
    lowerWall
    {
        type            inletOutlet;
        inletValue      nonuniform List<scalar> 0();
        value           nonuniform List<scalar> 0();
    }
    frontAndBack
    {
        type            empty;
    }
    procBoundary1to0
    {
        type            processor;
        value           nonuniform List<scalar> 
80
(
0.0065717728
0.0065715035
0.0065708684
0.0065698551
0.0065698551
0.0067133715
0.0067117384
0.0067098846
0.0067076539
0.0067076539
0.0068529028
0.0068497855
0.0068497855
0.0069971759
0.0069929872
0.0069929872
0.0071422049
0.0071367322
0.0071367322
0.0072874448
0.0072804447
0.0072804447
0.0074322911
0.0074235085
0.0074138605
0.0074032841
0.0074032841
0.00755311
0.0077042347
0.0075401473
0.0075401473
0.0078565007
0.0078565007
0.0080097169
0.0079915877
0.0079720325
0.0079509746
0.0079283404
0.0079040567
0.0078780509
0.0078502508
0.0078205859
0.0077889876
0.0077553902
0.0077197322
0.0076819571
0.0076420148
0.0075998636
0.007555471
0.0075088163
0.0074598924
0.0074087081
0.0073552902
0.0072996865
0.0072419677
0.0071822299
0.0071205949
0.0071205949
0.0071992075
0.0071992075
0.0072745084
0.0072745084
0.007346399
0.0072729738
0.007198886
0.0071245832
0.0070505861
0.0069774842
0.0069059411
0.0068366944
0.0068366944
0.0068962188
0.0068323499
0.0067737045
0.0067214339
0.0066767766
0.0066410543
0.0066156705
0.0066156705
0.0067195025
)
;
    }
    procBoundary1to4
    {
        type            processor;
        value           nonuniform List<scalar> 
41
(
0.0064302376
0.006292038
0.0061571482
0.0060255714
0.005897314
0.0057723829
0.0056507842
0.0055325242
0.0054176087
0.0053060435
0.0051978344
0.0050929875
0.0049915089
0.004893405
0.0047986824
0.004707348
0.0046194091
0.0045348732
0.0044537482
0.0043760422
0.0043017637
0.0042309216
0.004163525
0.0040995833
0.0040391061
0.0039821035
0.0039285858
0.0038785634
0.0038320471
0.0037890481
0.0037495776
0.0037136473
0.003681269
0.0036524549
0.0036272175
0.0036055696
0.0035875244
0.0035730955
0.0035622969
0.0035551485
0.0035515863
)
;
    }
}


// ************************************************************************* //
