/*--------------------------------*- C++ -*----------------------------------*\
| =========                 |                                                 |
| \\      /  F ield         | OpenFOAM: The Open Source CFD Toolbox           |
|  \\    /   O peration     | Version:  2312                                  |
|   \\  /    A nd           | Website:  www.openfoam.com                      |
|    \\/     M anipulation  |                                                 |
\*---------------------------------------------------------------------------*/
FoamFile
{
    version     2.0;
    format      ascii;
    arch        "LSB;label=32;scalar=64";
    class       volScalarField;
    location    "0.05";
    object      Ma;
}
// * * * * * * * * * * * * * * * * * * * * * * * * * * * * * * * * * * * * * //

dimensions      [0 0 0 0 0 0 0];

internalField   nonuniform List<scalar> 
3272
(
0.0031486072
0.0031767516
0.003204565
0.003231937
0.0032587645
0.0032849489
0.0033103961
0.0033350174
0.0033587292
0.003381453
0.0034031156
0.0034236493
0.0034429922
0.0034610823
0.0034778421
0.0034933233
0.0035073627
0.0035199417
0.0035310514
0.0035407353
0.0035488349
0.0035553773
0.0035603468
0.0035637258
0.0035655059
0.0035656824
0.0035642537
0.0035612218
0.0035565919
0.0035503728
0.0035425767
0.003533218
0.0035223117
0.0035099024
0.0034959882
0.0034806011
0.0034637802
0.0034455641
0.0034259776
0.0034050644
0.0033828635
0.0033594208
0.0033347813
0.0033089917
0.0032821013
0.0032541607
0.0032252221
0.0031953389
0.0031645657
0.0031329581
0.0031005723
0.0030674659
0.0030336988
0.0031123904
0.0031389208
0.00316505
0.0031906694
0.0032156783
0.0032399814
0.0032634885
0.0032861145
0.0033077797
0.0033284096
0.0033479346
0.0033662918
0.0033834272
0.0033992959
0.0034138365
0.0034270762
0.0034388386
0.0034491282
0.0034579545
0.0034653523
0.0034711654
0.0034754365
0.0034781524
0.0034792993
0.0034788726
0.0034768716
0.0034732988
0.0034681598
0.0034614634
0.0034532218
0.0034434509
0.0034321691
0.0034193951
0.0034051732
0.0033895028
0.0033724188
0.0033539648
0.0033341805
0.0033130922
0.0032907457
0.0032671821
0.0032424489
0.0032165923
0.0031896598
0.0031617017
0.0031327692
0.0031029152
0.0030721933
0.0030406586
0.0030083664
0.0029753729
0.0029417342
0.0029075095
0.0031138006
0.0031392494
0.0031642175
0.0031885996
0.0032122986
0.0032352231
0.003257287
0.0032784095
0.0032985148
0.0033175322
0.0033353948
0.0033520392
0.0033674123
0.0033814975
0.0033942964
0.0034057584
0.0034156762
0.0034240969
0.00343105
0.0034365635
0.0034404882
0.0034428825
0.003443728
0.0034430145
0.0034407405
0.0034369083
0.0034315234
0.0034245946
0.0034161335
0.0034061554
0.0033946789
0.0033817251
0.0033673148
0.0033514936
0.0033342624
0.0033156594
0.0032957295
0.003274514
0.0032520406
0.0032283565
0.0032035043
0.0031775327
0.0031504887
0.0031224208
0.0030933799
0.0030634181
0.0030325885
0.0030009453
0.0029685436
0.0029354391
0.0029016877
0.0028673458
0.0028324719
0.0031343
0.0031586658
0.0031824533
0.0032055615
0.0032278987
0.0032493788
0.0032699212
0.0032894509
0.0033078978
0.003325196
0.0033412827
0.003356086
0.003369514
0.0033815703
0.0033925303
0.0034021438
0.0034100694
0.0034164355
0.003421383
0.0034248055
0.0034266597
0.0034269974
0.0034257939
0.0034230413
0.0034187407
0.0034128974
0.0034055197
0.0033966195
0.0033862117
0.0033743145
0.0033609492
0.0033461398
0.003329909
0.0033123044
0.0032933289
0.0032730239
0.0032514351
0.0032286053
0.0032045645
0.0031793607
0.0031530376
0.0031256453
0.0030972309
0.0030678448
0.0030375383
0.003006364
0.0029743756
0.0029416277
0.0029081754
0.0028740745
0.0028393811
0.0028041513
0.0027684435
0.0031726161
0.0031958869
0.0032184657
0.0032402577
0.0032611774
0.0032811456
0.0033000889
0.0033179405
0.0033346393
0.0033501319
0.0033643746
0.0033772965
0.0033887026
0.0033984065
0.0034071258
0.0034148712
0.0034207488
0.003424965
0.0034277282
0.0034289312
0.0034285831
0.0034267144
0.0034233085
0.0034183621
0.0034118792
0.0034038683
0.003394341
0.0033833124
0.0033708005
0.0033568264
0.0033414145
0.003324591
0.003306381
0.003286834
0.003265955
0.0032437888
0.0032203814
0.0031957772
0.0031700086
0.0031431239
0.0031151687
0.003086194
0.0030562469
0.0030253789
0.0029936425
0.0029610906
0.0029277774
0.0028937576
0.0028590866
0.0028238204
0.002788015
0.0027517263
0.0027150124
0.0032275298
0.0032496882
0.0032710275
0.0032914602
0.003310908
0.0033292992
0.0033465679
0.0033626542
0.0033775044
0.00339107
0.0034033093
0.0034141784
0.0034235799
0.0034313707
0.0034377932
0.0034429729
0.0034465655
0.0034485768
0.0034490909
0.0034479886
0.0034453378
0.0034411516
0.0034354264
0.0034281664
0.0034193803
0.0034090802
0.0033972816
0.0033840027
0.0033692647
0.0033530919
0.0033355112
0.0033165515
0.0032962396
0.0032746277
0.0032517222
0.0032275715
0.0032022219
0.0031757188
0.0031480968
0.003119405
0.0030896905
0.0030590051
0.0030273961
0.0029949161
0.002961618
0.0029275552
0.0028927823
0.0028573542
0.0028213265
0.0027847551
0.002747696
0.0027102049
0.0026723396
0.0032974459
0.0033184596
0.0033385164
0.0033575372
0.0033754521
0.0033921975
0.0034077158
0.0034219552
0.0034348696
0.003446418
0.0034565633
0.003465268
0.0034724829
0.0034781595
0.0034823945
0.0034851104
0.0034862751
0.0034859529
0.0034840411
0.0034805154
0.0034754543
0.00346885
0.0034607069
0.0034510353
0.0034398483
0.0034271619
0.003412995
0.0033973694
0.0033803095
0.0033618422
0.0033419971
0.0033208058
0.0032982968
0.0032745245
0.0032494972
0.0032232663
0.0031958781
0.0031673794
0.0031378067
0.0031072095
0.0030756362
0.003043139
0.0030097663
0.002975571
0.0029406064
0.0029049265
0.0028685857
0.0028316393
0.0027941428
0.0027561522
0.0027177232
0.0026789114
0.0026397742
0.003380718
0.0034005369
0.0034192535
0.003436798
0.0034531098
0.0034681346
0.0034818237
0.0034941343
0.0035050297
0.003514479
0.0035224562
0.0035289316
0.0035338531
0.0035373045
0.0035391696
0.0035394258
0.0035381402
0.0035353519
0.0035309233
0.0035249093
0.0035173505
0.0035082461
0.003497606
0.0034854452
0.0034717807
0.0034566326
0.0034400232
0.0034219774
0.0034025228
0.0033816889
0.0033595081
0.0033360141
0.0033112373
0.0032852342
0.0032580145
0.0032296327
0.003200135
0.0031695693
0.0031379741
0.0031053986
0.0030718926
0.0030375082
0.0030022953
0.0029663068
0.0029295963
0.0028922178
0.0028542261
0.0028156763
0.0027766239
0.0027371246
0.0026972339
0.0026570075
0.0026165021
0.0034757256
0.0034942803
0.0035115827
0.0035275733
0.0035422018
0.0035554234
0.0035671994
0.0035774963
0.0035862881
0.0035935575
0.0035992914
0.0036034599
0.0036060384
0.0036071016
0.0036064868
0.0036042454
0.0036004967
0.0035951431
0.0035881316
0.0035795636
0.0035694415
0.0035577738
0.0035445762
0.0035298675
0.0035136688
0.0034960038
0.003476898
0.0034563798
0.0034344791
0.0034112285
0.0033866626
0.0033608172
0.0033337246
0.003305443
0.0032759836
0.0032454035
0.0032137487
0.003181068
0.0031474016
0.0031127985
0.0030773095
0.0030409864
0.0030038803
0.0029660443
0.002927532
0.0028883975
0.0028486953
0.0028084806
0.0027678085
0.0027267344
0.0026853134
0.0026436015
0.0026016557
0.0035808997
0.0035981005
0.0036138973
0.0036282421
0.0036410954
0.0036524227
0.0036621946
0.003670386
0.0036769807
0.0036819803
0.003685396
0.0036871733
0.0036873959
0.0036859388
0.0036827735
0.0036779996
0.0036716837
0.0036636901
0.0036540792
0.0036429022
0.0036301662
0.003615888
0.0036000882
0.0035827896
0.0035640171
0.0035437977
0.0035221601
0.0034991355
0.0034747566
0.0034490582
0.0034220773
0.0033938516
0.0033644151
0.0033338276
0.0033021015
0.0032692961
0.0032354572
0.0032006344
0.0031648686
0.0031282096
0.0030907084
0.0030524161
0.0030133853
0.0029736689
0.0029333202
0.0028923933
0.0028509426
0.0028090228
0.0027666888
0.0027239955
0.002680997
0.0036947492
0.0037104853
0.0037246676
0.0037372604
0.0037482355
0.0037575696
0.0037652422
0.003771233
0.0037755289
0.0037781562
0.003779173
0.0037785397
0.0037762804
0.0037722264
0.0037664666
0.0037591423
0.0037501576
0.0037394892
0.0037272366
0.0037134076
0.0036980205
0.0036810983
0.003662666
0.0036427502
0.0036213791
0.0035985831
0.0035743938
0.003548845
0.0035219718
0.0034938112
0.0034644021
0.0034337841
0.0034019927
0.0033690892
0.0033350869
0.0033000469
0.0032640146
0.0032270407
0.0031891657
0.00315044
0.0031109158
0.0030706425
0.0030296738
0.0029880625
0.0029458616
0.0029031249
0.0028599064
0.0028162604
0.0027722413
0.0027279034
0.0026833015
0.0038158768
0.0038300175
0.0038424594
0.00385318
0.0038621639
0.0038693998
0.0038748779
0.0038785755
0.0038804622
0.0038805899
0.003879098
0.0038760745
0.0038712135
0.0038645256
0.0038561382
0.0038461582
0.0038344492
0.0038211038
0.003806167
0.003789654
0.0037715895
0.0037520012
0.0037309177
0.0037083693
0.0036843875
0.0036590056
0.003632258
0.0036041807
0.003574811
0.0035441877
0.0035123514
0.0034793433
0.0034452004
0.0034099855
0.0033737122
0.0033364432
0.0032982231
0.0032591034
0.0032191253
0.0031783382
0.0031367947
0.0030945442
0.0030516404
0.0030081356
0.0029640826
0.0029195346
0.0028745452
0.0028291682
0.0027834573
0.002737466
0.0026912482
0.003942987
0.003955383
0.0039659429
0.0039746578
0.0039815259
0.0039865503
0.003989735
0.0039910552
0.003990454
0.0039879802
0.0039838909
0.0039783037
0.0039707896
0.0039614397
0.0039504258
0.0039376821
0.0039232469
0.0039071939
0.0038895444
0.0038703252
0.0038495663
0.0038272991
0.0038035557
0.0037783696
0.0037517756
0.0037238094
0.0036945079
0.0036639091
0.0036320522
0.0035989776
0.0035647271
0.0035293426
0.0034928639
0.0034553542
0.0034168272
0.0033773472
0.0033369579
0.0032957085
0.0032536462
0.003210816
0.0031672704
0.0031230593
0.0030782359
0.0030328522
0.0029869605
0.0029406133
0.0028938635
0.0028467643
0.0027993685
0.002751729
0.0027038984
0.0040748878
0.0040853739
0.0040938953
0.0041004565
0.0041050675
0.0041077424
0.004108497
0.0041073318
0.0041042134
0.0040991611
0.0040924678
0.0040840402
0.0040737768
0.0040617831
0.004048022
0.0040324976
0.0040153327
0.0039965443
0.0039761638
0.0039542253
0.0039307633
0.0039058128
0.0038794093
0.0038515895
0.0038223906
0.0037918508
0.003760009
0.0037269052
0.00369258
0.0036570753
0.0036204335
0.003582696
0.003543908
0.0035041298
0.003463376
0.003421712
0.0033791809
0.0033358321
0.0032917131
0.003246868
0.0032013476
0.003155203
0.0031084864
0.0030612492
0.0030135429
0.0029654195
0.002916931
0.0028681297
0.0028190676
0.0027697965
0.0027203683
0.0042104893
0.0042188893
0.0042252078
0.0042294623
0.0042316745
0.0042318688
0.0042300708
0.0042262981
0.0042205507
0.0042129606
0.0042034842
0.0041922276
0.0041791816
0.0041644269
0.0041478391
0.0041295525
0.0041096218
0.0040880753
0.0040649503
0.0040402852
0.004014118
0.003986487
0.0039574308
0.0039269885
0.0038951998
0.003862105
0.0038277445
0.0037921598
0.0037553928
0.0037174866
0.0036784846
0.0036384237
0.0035973697
0.0035553521
0.0035124059
0.0034685932
0.0034239566
0.0033785453
0.0033324059
0.0032855822
0.0032381232
0.0031900803
0.0031415052
0.0030924484
0.0030429606
0.0029930929
0.0029428963
0.0028924221
0.0028417215
0.0027908452
0.0027398437
0.0043487975
0.004354928
0.0043588746
0.0043606675
0.0043603406
0.0043579292
0.0043534656
0.0043469717
0.0043385837
0.0043282103
0.0043159177
0.0043018202
0.0042860057
0.0042683551
0.0042489518
0.0042278694
0.0042051485
0.0041808291
0.0041549523
0.0041275594
0.0040986915
0.0040683895
0.0040366947
0.0040036483
0.0039692918
0.0039336672
0.0038968164
0.003858782
0.0038196067
0.0037793348
0.0037380103
0.0036956702
0.003652381
0.0036081671
0.0035630711
0.0035171521
0.0034704529
0.0034230228
0.003374906
0.0033261461
0.0032767911
0.003226892
0.0031764999
0.0031256642
0.0030744347
0.0030228615
0.0029709945
0.002918884
0.00286658
0.0028141322
0.0027615898
0.004488907
0.0044925815
0.0044939857
0.0044931628
0.0044901583
0.004485015
0.004477764
0.0044685508
0.0044573064
0.0044440452
0.0044289029
0.0044120067
0.0043932611
0.0043727312
0.0043504927
0.0043265881
0.0043010639
0.0042739652
0.0042453365
0.0042152216
0.0041836641
0.0041507073
0.0041163944
0.0040807684
0.0040438724
0.0040057495
0.0039664427
0.0039259955
0.0038844514
0.0038418549
0.0037982505
0.0037536753
0.0037081953
0.0036618325
0.0036146343
0.0035666558
0.0035179412
0.0034685421
0.0034184961
0.0033678476
0.0033166441
0.0032649359
0.0032127733
0.0031602047
0.0031072787
0.0030540443
0.0030005502
0.0029468456
0.0028929791
0.0028389995
0.0027849544
0.0046299945
0.0046310277
0.0046297218
0.0046261322
0.0046203124
0.0046123032
0.0046022575
0.0045901255
0.0045759009
0.0045597337
0.0045417549
0.0045218955
0.0045002179
0.0044768081
0.004451708
0.0044249666
0.0043966334
0.0043667564
0.0043353826
0.0043025582
0.0042683288
0.0042327395
0.0041958351
0.00415766
0.0041182583
0.004077674
0.004035951
0.003993133
0.0039492642
0.003904389
0.003858552
0.00381179
0.0037641688
0.0037157087
0.0036664599
0.0036164741
0.0035657962
0.0035144785
0.0034625563
0.0034100713
0.003357071
0.0033036047
0.0032497222
0.0031954707
0.0031408975
0.0030860502
0.0030309766
0.0029757242
0.0029203406
0.0028648733
0.0028093686
0.0047713128
0.0047695247
0.0047653473
0.0047588438
0.0047500653
0.0047391726
0.0047261349
0.0047109389
0.0046937368
0.0046746721
0.0046536841
0.0046308423
0.0046062407
0.0045799267
0.0045519516
0.004522368
0.0044912275
0.0044585802
0.0044244752
0.0043889604
0.004352083
0.0043138897
0.0042744262
0.0042337379
0.0041918696
0.0041488658
0.0041047709
0.0040596288
0.0040134835
0.0039663796
0.0039183611
0.0038694647
0.0038197557
0.0037692528
0.0037180084
0.0036660709
0.0036134856
0.003560304
0.0035065602
0.0034522938
0.0033975512
0.0033423809
0.0032868322
0.0032309508
0.0031747827
0.0031183741
0.0030617715
0.0030050211
0.0029481693
0.0028912617
0.0049121845
0.0049074045
0.0049002008
0.0048906325
0.0048788713
0.0048648907
0.0048487046
0.0048304545
0.0048102855
0.0047881472
0.0047641239
0.0047383087
0.004710758
0.0046815277
0.0046506737
0.0046182507
0.0045843121
0.0045489096
0.004512094
0.0044739145
0.0044344194
0.0043936563
0.0043516716
0.0043085111
0.0042642202
0.0042188435
0.0041724253
0.0041250096
0.0040766402
0.0040273611
0.0039772157
0.0039262405
0.0038745001
0.0038220117
0.0037688291
0.0037149984
0.0036605645
0.0036055767
0.003550068
0.0034940765
0.0034376485
0.0033808305
0.0033236715
0.0032662155
0.0032085071
0.003150591
0.0030925122
0.0030343158
0.0029760468
0.0029177491
0.0050519975
0.0050440638
0.0050336786
0.0050210148
0.0050060512
0.0049888427
0.0049695128
0.0049482148
0.0049248961
0.004899667
0.0048726133
0.0048437996
0.0048132882
0.0047811391
0.0047474106
0.004712159
0.0046754391
0.004637304
0.0045978053
0.0045569932
0.0045149167
0.0044716236
0.0044271607
0.0043815742
0.0043349091
0.0042872102
0.0042385214
0.0041888864
0.0041383484
0.0040869507
0.0040347361
0.0039817404
0.0039280276
0.0038736129
0.0038185511
0.0037628876
0.0037066672
0.0036499337
0.0035927174
0.0035350582
0.003477003
0.0034185957
0.0033598839
0.0033009102
0.0032417175
0.0031823491
0.0031228487
0.0030632597
0.0030036261
0.00294399
0.0051901953
0.0051789487
0.0051653503
0.005149349
0.0051310796
0.0051106244
0.0050881599
0.0050636235
0.0050371552
0.0050088313
0.0049787238
0.0049469009
0.0049134277
0.0048783661
0.0048417759
0.0048037147
0.0047642382
0.0047234001
0.0046812527
0.0046378464
0.0045932304
0.0045474526
0.0045005597
0.0044525976
0.0044036112
0.0043536446
0.0043027414
0.0042509444
0.0041982964
0.0041448398
0.004090616
0.0040356606
0.0039800362
0.0039237562
0.0038668754
0.0038094397
0.003751498
0.0036930831
0.0036342173
0.0035749465
0.0035153238
0.0034553867
0.003395181
0.0033347475
0.0032741275
0.003213363
0.0031524962
0.0030915693
0.0030306247
0.0029697029
0.0053262669
0.0053116707
0.0052945959
0.0052751844
0.0052536081
0.0052298861
0.0052040923
0.0051763416
0.0051467078
0.0051152692
0.0050820993
0.005047268
0.0050108414
0.0049728827
0.0049334524
0.0048926089
0.004850408
0.0048069038
0.0047621484
0.0047161923
0.0046690844
0.0046208723
0.0045716022
0.0045213195
0.0044700683
0.0044178921
0.0043648337
0.0043109352
0.0042562385
0.0042007848
0.0041446143
0.0040877621
0.0040302885
0.0039722055
0.0039135676
0.0038544214
0.003794819
0.0037347908
0.0036743384
0.0036135126
0.0035523814
0.003490975
0.0034293345
0.0033674994
0.0033055095
0.0032434055
0.0031812283
0.0031190186
0.0030568171
0.005459861
0.0054416462
0.0054210531
0.0053982546
0.0053732316
0.0053461261
0.0053170373
0.0052860469
0.0052532332
0.0052186749
0.0051824463
0.0051446179
0.0051052563
0.005064425
0.0050221849
0.0049785941
0.0049337085
0.0048875818
0.0048402656
0.00479181
0.004742263
0.0046916717
0.0046400815
0.0045875369
0.0045340811
0.0044797566
0.0044246052
0.0043686681
0.004311986
0.0042545994
0.0041965461
0.004137862
0.0040786037
0.004018781
0.0039584491
0.0038976551
0.0038364503
0.0037748688
0.003712901
0.0036505819
0.0035880034
0.0035251862
0.0034621694
0.0033989904
0.0033356879
0.003272301
0.0032088691
0.0031454318
0.0030820273
0.0055904116
0.0055685946
0.0055444557
0.0055180851
0.0054896075
0.0054591165
0.0054267078
0.0053924657
0.0053564702
0.0053187992
0.0052795266
0.0052387228
0.0051964542
0.0051527841
0.0051077727
0.0050614777
0.0050139541
0.004965255
0.004915431
0.0048645313
0.004812603
0.0047596921
0.0047058429
0.0046510987
0.0045955017
0.0045390931
0.0044819134
0.0044240026
0.0043654006
0.0043061464
0.004246275
0.0041858264
0.0041248494
0.0040633524
0.0040013928
0.0039390186
0.0038762707
0.0038131769
0.0037497537
0.003686024
0.0036220617
0.0035578915
0.0034935552
0.0034290897
0.0033645316
0.0032999181
0.0032352871
0.003170677
0.0031061239
0.0057177376
0.005692167
0.0056643735
0.0056344475
0.0056024904
0.0055685978
0.0055328636
0.0054953733
0.0054562073
0.0054154424
0.0053731517
0.0053294046
0.0052842665
0.0052377998
0.0051900637
0.0051411146
0.0050910065
0.0050397911
0.0049875179
0.0049342347
0.0048799874
0.0048248204
0.0047687769
0.0047118987
0.0046542266
0.0045958005
0.0045366594
0.004476842
0.0044163868
0.0043553315
0.0042937058
0.0042315652
0.004168933
0.0041058281
0.0040423058
0.0039784189
0.0039141892
0.0038496428
0.003784818
0.0037197403
0.0036544578
0.0035889954
0.0035233988
0.0034577047
0.0033919478
0.0033261639
0.0032603892
0.0031946606
0.0031290126
0.0058414039
0.0058120812
0.0057806154
0.0057471079
0.0057116585
0.0056743627
0.0056353117
0.0055945903
0.0055522779
0.0055084498
0.0054631775
0.0054165289
0.005368568
0.0053193553
0.0052689484
0.0052174023
0.0051647693
0.0051110995
0.0050564406
0.005000839
0.0049443388
0.0048869829
0.0048288129
0.0047698691
0.0047101906
0.0046498158
0.0045887821
0.0045271265
0.0044648859
0.004402097
0.0043387892
0.0042750168
0.0042107956
0.0041461511
0.0040811339
0.0040157936
0.003950145
0.0038842128
0.0038180472
0.003751677
0.0036851334
0.0036184391
0.003551641
0.0034847757
0.0034178766
0.0033509778
0.0032841141
0.0032173209
0.0059612196
0.0059281136
0.0058929612
0.0058558676
0.0058169313
0.0057762462
0.0057339011
0.0056899786
0.0056445562
0.0055977068
0.0055494997
0.0055000008
0.0054492719
0.0053973715
0.005344355
0.0052902752
0.0052351825
0.005179125
0.0051221486
0.0050642976
0.0050056144
0.00494614
0.0048859141
0.0048249753
0.0047633611
0.004701108
0.004638252
0.0045748281
0.0045108714
0.0044464167
0.0043814943
0.004316156
0.0042504126
0.0041842953
0.0041178492
0.0040511167
0.0039841109
0.0039168586
0.0038494143
0.003781808
0.0037140612
0.0036461933
0.0035782512
0.0035102714
0.0034422855
0.0033743262
0.0033064272
0.0032386217
0.0060769711
0.0060400712
0.0060012356
0.0059605687
0.005918167
0.0058741219
0.0058285188
0.0057814379
0.0057329534
0.005683135
0.0056320493
0.00557976
0.0055263259
0.0054718029
0.005416244
0.0053596995
0.0053022175
0.0052438437
0.0051846219
0.0051245942
0.0050638008
0.0050022808
0.0049400719
0.0048772107
0.004813733
0.0047496735
0.0046850663
0.0046199448
0.004554342
0.0044882906
0.0044218209
0.004354983
0.0042877838
0.0042202591
0.0041524497
0.0040843861
0.0040160848
0.0039475759
0.0038789142
0.0038101292
0.0037412365
0.0036722522
0.0036032225
0.0035341834
0.0034651652
0.0033961989
0.0033273171
0.0032585515
0.0061884836
0.0061477998
0.0061053017
0.0060610907
0.0060152604
0.0059678984
0.0059190867
0.0058689015
0.0058174134
0.005764688
0.0057107888
0.0056557766
0.0055997071
0.0055426331
0.0054846047
0.0054256696
0.005365873
0.0053052581
0.0052438665
0.0051817376
0.0051189095
0.0050554192
0.0049913019
0.0049265924
0.0048613247
0.0047955316
0.0047292451
0.0046624969
0.0045953183
0.0045277395
0.0044597905
0.0043915191
0.0043229298
0.0042540619
0.0041849546
0.0041156202
0.0040460847
0.0039763815
0.0039065619
0.0038366557
0.0037666737
0.0036966289
0.0036265667
0.0035565225
0.0034865252
0.0034166043
0.0033467912
0.0032771161
0.0062956196
0.0062511809
0.0062050578
0.0061573476
0.0061081396
0.0060575171
0.0060055578
0.0059523333
0.0058979098
0.0058423482
0.0057857084
0.0057280479
0.005669419
0.0056098711
0.0055494511
0.0054882036
0.005426171
0.0053633937
0.0052999106
0.0052357587
0.0051709734
0.0051055895
0.00503964
0.0049731574
0.004906174
0.0048387205
0.004770827
0.0047025234
0.004633839
0.0045648021
0.0044954418
0.0044258027
0.0043558894
0.0042857441
0.0042153962
0.004144853
0.0040741456
0.0040033081
0.003932389
0.0038614182
0.0037904026
0.0037193522
0.0036483112
0.003577315
0.0035063906
0.0034355661
0.0033648718
0.0032943366
0.0063982764
0.0063501298
0.0063004351
0.0062492848
0.006196763
0.0061429484
0.0060879133
0.0060317242
0.0059744421
0.0059161227
0.0058568224
0.0057965947
0.0057354876
0.0056735475
0.0056108181
0.0055473405
0.0054831536
0.005418295
0.0053528012
0.0052867062
0.0052200428
0.0051528436
0.0050851388
0.005016959
0.0049483347
0.0048792944
0.0048098662
0.0047400782
0.0046699578
0.0045995315
0.0045288275
0.004457886
0.0043867136
0.0043153563
0.0042438248
0.0041721328
0.0041003149
0.0040284019
0.0039564401
0.0038844603
0.0038124658
0.0037404633
0.0036684961
0.0035965993
0.0035247985
0.0034531201
0.0033815934
0.003310246
0.0064963843
0.0064445928
0.0063913945
0.0063368762
0.0062811168
0.0062241891
0.0061661598
0.0061070895
0.0060470333
0.0059860408
0.005924167
0.005861458
0.0057979586
0.0057337119
0.0056687589
0.0056031362
0.0055368792
0.0054700227
0.0054026008
0.0053346441
0.0052661827
0.0051972474
0.005127865
0.0050580639
0.0049878735
0.00491732
0.0048464291
0.0047752275
0.0047037401
0.0046319923
0.0045600117
0.0044878336
0.0044154688
0.0043429559
0.0042702993
0.0041975196
0.004124651
0.0040517193
0.0039787702
0.0039058359
0.0038329158
0.0037600134
0.0036871711
0.0036144239
0.0035417956
0.0034693117
0.0033969999
0.0033248867
0.0065899038
0.0065345451
0.0064779243
0.0064201222
0.0063612116
0.0063012595
0.006240326
0.0061784654
0.0061157266
0.0060521538
0.0059877953
0.0059226955
0.0058568941
0.0057904295
0.0057233422
0.0056556618
0.0055874205
0.005518651
0.0054493848
0.0053796488
0.0053094701
0.0052388783
0.0051678961
0.0050965496
0.0050248678
0.0049528743
0.0048805923
0.0048080471
0.0047352607
0.0046622579
0.0045890682
0.0045157174
0.0044422246
0.0043686123
0.0042948891
0.0042210817
0.0041472195
0.0040733246
0.0039994424
0.0039256064
0.0038518126
0.003778061
0.0037043933
0.0036308443
0.0035574364
0.0034841936
0.0034111425
0.0033383084
0.0066788231
0.0066199882
0.0065600372
0.0064990462
0.0064370803
0.0063742007
0.0063104607
0.0062459073
0.0061805827
0.0061145255
0.0060477781
0.0059803811
0.0059123708
0.0058437819
0.0057746486
0.005704999
0.005634861
0.0055642655
0.0054932397
0.0054218064
0.0053499916
0.0052778228
0.0052053185
0.0051325022
0.0050594031
0.0049860422
0.0049124398
0.0048386203
0.0047646021
0.0046904084
0.0046160784
0.0045416196
0.0044670538
0.0043923997
0.0043176708
0.0042428934
0.0041680926
0.0040932884
0.0040185255
0.0039438391
0.003869222
0.0037946706
0.0037202256
0.0036459219
0.0035717804
0.0034978239
0.0034240777
0.0033505662
0.0067631564
0.0067009476
0.0066377683
0.0065736931
0.0065087755
0.0064430722
0.0063766296
0.0063094864
0.0062416778
0.0061732361
0.0061041987
0.006034601
0.0059644765
0.0058938567
0.00582277
0.0057512419
0.0056792971
0.0056069613
0.0055342585
0.0054612102
0.0053878416
0.0053141748
0.0052402251
0.0051660143
0.0050915712
0.0050169145
0.0049420611
0.0048670358
0.0047918528
0.0047165341
0.0046411233
0.0045656208
0.0044900381
0.0044144004
0.0043387244
0.0042630325
0.0041873467
0.0041116854
0.0040360927
0.0039606056
0.003885214
0.0038099105
0.0037347347
0.0036597218
0.0035848913
0.0035102645
0.003435866
0.0033617189
0.0068429399
0.0067774719
0.0067111709
0.0066441263
0.0065763669
0.0065079498
0.0064389135
0.0063692877
0.0062991009
0.0062283778
0.0061571518
0.0060854519
0.0060133093
0.005940753
0.0058678062
0.0057944907
0.0057208276
0.0056468385
0.0055725443
0.0054979644
0.0054231202
0.0053480323
0.0052727129
0.005197184
0.0051214688
0.0050455863
0.0049695502
0.0048933858
0.0048171036
0.0047407246
0.0046642939
0.0045878036
0.0045112631
0.0044347002
0.0043581325
0.0042815795
0.0042050609
0.0041285933
0.0040522199
0.00397598
0.0038998612
0.0038238516
0.0037479899
0.0036723118
0.003596835
0.00352158
0.0034465702
0.0033718277
0.0071196025
0.0070532367
0.0069861035
0.0069182276
0.0068496337
0.0067803125
0.0067104269
0.0066399383
0.0065689227
0.0064974057
0.0064254073
0.0063529513
0.0062800526
0.0062067414
0.006133039
0.0060589752
0.0059845777
0.005909864
0.0058348521
0.0057595593
0.0056840033
0.0056082018
0.0055321719
0.0054559318
0.0053795
0.0053028873
0.0052261113
0.0051491954
0.0050721554
0.0049950037
0.0049177645
0.0048404472
0.0047630713
0.0046856796
0.0046082585
0.004530817
0.0044533849
0.004375979
0.0042986167
0.0042213158
0.0041440912
0.0040669845
0.0039900379
0.0039132374
0.0038365664
0.003760062
0.0036837608
0.0036076791
0.0035318361
0.0034562545
0.0033809552
0.0072004892
0.0071306153
0.0070601441
0.0069890938
0.0069174768
0.0068453166
0.006772705
0.0066995854
0.0066260928
0.0065522095
0.0064779506
0.0064033364
0.00632837
0.0062530795
0.0061774749
0.006101586
0.006025443
0.0059490555
0.0058724377
0.005795603
0.0057185657
0.0056413401
0.0055639409
0.0054863832
0.0054086832
0.0053308505
0.0052529003
0.0051748531
0.0050967227
0.0050185209
0.0049402686
0.0048619769
0.0047836668
0.0047053723
0.0046270758
0.0045487882
0.0044705407
0.0043923484
0.0043142271
0.0042361929
0.0041582591
0.0040804649
0.0040028557
0.0039254173
0.0038481277
0.0037710222
0.0036941384
0.0036174913
0.0035410991
0.0034649835
0.0033891645
0.0072766371
0.0072033881
0.0071297178
0.0070556322
0.0069811352
0.0069062491
0.00683102
0.0067554436
0.0066795953
0.0066034351
0.00652703
0.00645037
0.0063734455
0.0062962839
0.0062188776
0.0061412585
0.0060634653
0.0059854963
0.0059073622
0.0058290727
0.0057506383
0.0056720706
0.0055933812
0.0055145828
0.0054356889
0.0053567084
0.0052776543
0.0051985436
0.0051193887
0.0050402003
0.0049609957
0.0048817891
0.0048026046
0.0047234633
0.0046443448
0.0045652647
0.0044862537
0.0044073252
0.0043284933
0.0042497732
0.0041711763
0.004092739
0.0040145094
0.003936475
0.0038586082
0.0037809415
0.0037035139
0.0036263393
0.0035494349
0.0034728217
0.0033965184
0.00734813
0.0072716499
0.0071949264
0.0071179492
0.0070407118
0.0069632282
0.0068855236
0.0068076042
0.0067295019
0.0066512372
0.0065727746
0.006494169
0.0064153971
0.006336477
0.006257369
0.0061781121
0.0060987639
0.0060193047
0.0059397426
0.0058600838
0.0057803353
0.0057005055
0.0056206036
0.0055406398
0.0054606248
0.0053805669
0.0053004769
0.0052203687
0.0051402531
0.0050601401
0.0049800428
0.0048999794
0.0048199781
0.0047400434
0.0046601547
0.0045803339
0.0045006094
0.0044209927
0.0043414971
0.0042621366
0.0041829217
0.004103884
0.0040250743
0.0039464838
0.0038680796
0.0037898898
0.0037119557
0.0036342898
0.0035569085
0.0034798326
0.0034030788
0.0074150673
0.0073355079
0.0072558822
0.0071761622
0.0070963257
0.0070163785
0.0069363335
0.0068561932
0.0067759706
0.0066956827
0.0066153166
0.0065348888
0.0064543421
0.0063737839
0.0062930743
0.0062122676
0.0061314598
0.0060506001
0.0059696968
0.0058887524
0.0058077709
0.0057267576
0.005645719
0.005564663
0.005483598
0.0054025311
0.0053214711
0.0052404294
0.0051594151
0.0050784374
0.0049975058
0.004916642
0.0048358788
0.0047552022
0.0046745932
0.0045940818
0.0045136918
0.0044334333
0.0043533189
0.0042733617
0.004193572
0.0041139754
0.0040346246
0.0039555155
0.0038766121
0.0037979358
0.0037195306
0.0036414079
0.003563583
0.0034860775
0.0034089057
0.0074776311
0.007395118
0.0073127025
0.0072303952
0.0071481057
0.0070658315
0.0069835796
0.0069013446
0.0068191274
0.0067369387
0.0066547716
0.0065726069
0.006490438
0.0064083294
0.0063261192
0.0062438471
0.0061616747
0.006079503
0.0059973426
0.0059151946
0.0058330592
0.0057509388
0.0056688373
0.0055867603
0.0055047142
0.0054227046
0.0053407388
0.0052588255
0.0051769724
0.0050951879
0.0050134789
0.0049318703
0.0048503953
0.0047690267
0.0046877469
0.0046065927
0.0045255831
0.0044447274
0.0043640372
0.0042835249
0.0042032016
0.0041230857
0.0040432333
0.0039636403
0.0038842741
0.0038051463
0.0037263041
0.0036477572
0.0075358305
0.0074506226
0.0073655815
0.0072807724
0.0071961848
0.0071117235
0.0070273978
0.0069431953
0.0068591064
0.0067751342
0.0066912713
0.0066074842
0.0065237652
0.0064402585
0.0063566254
0.0062729752
0.0061895322
0.0061061334
0.0060227977
0.0059395255
0.0058563132
0.0057731599
0.0056900671
0.0056070381
0.0055240775
0.0054411896
0.0053583798
0.0052756547
0.0051930207
0.0051104852
0.0050280536
0.0049457535
0.0048636153
0.0047816025
0.0046996999
0.0046179485
0.0045363633
0.004454953
0.0043737285
0.0042927013
0.004211883
0.0041312874
0.0040509684
0.003970927
0.0038911314
0.0038115856
0.0037323392
0.0075898792
0.0075020714
0.0074146414
0.007327495
0.0072406939
0.0071541927
0.0070679277
0.0069818842
0.0068960441
0.0068104039
0.0067249524
0.0066396518
0.0065544894
0.0064696346
0.0063847294
0.0062997798
0.0062151563
0.0061306109
0.0060461781
0.0059618585
0.0058776441
0.0057935299
0.0057095148
0.0056256006
0.00554179
0.0054580857
0.0053744916
0.0052910124
0.0052076532
0.0051244204
0.0050413186
0.0049583784
0.0048756242
0.0047930129
0.0047105332
0.0046282284
0.0045461099
0.0044641859
0.0043824666
0.0043009628
0.0042196863
0.0041386475
0.0040578972
0.0039774412
0.003897248
0.0038173161
0.0037376964
0.0076399101
0.0075496805
0.0074599521
0.0073706963
0.0072818192
0.007193373
0.0071053096
0.0070175514
0.0069300783
0.0068428834
0.0067559516
0.006669246
0.0065827512
0.0064965942
0.0064104914
0.0063244146
0.0062386655
0.0061530516
0.0060675978
0.0059823053
0.005897161
0.0058121551
0.0057272846
0.0056425494
0.0055579508
0.0054734899
0.0053891691
0.0053049914
0.0052209605
0.0051370819
0.00505336
0.0049698288
0.0048865042
0.0048033382
0.0047203251
0.0046375087
0.0045548974
0.0044724988
0.0043903225
0.0043083787
0.004226679
0.0041452312
0.0040640836
0.0039832454
0.0039026849
0.0038223973
0.0037424335
0.0076860749
0.0075935876
0.0075017306
0.0074104465
0.0073197247
0.0072294225
0.0071396801
0.007050337
0.0069613469
0.0068727076
0.0067844015
0.0066963936
0.0066086627
0.0065212853
0.0064340529
0.0063469738
0.0062601822
0.0061735645
0.0060871671
0.0060009746
0.0059149702
0.0058291393
0.0057434776
0.0056579832
0.0055726562
0.0054874962
0.0054025039
0.005317681
0.0052330299
0.0051485548
0.0050642607
0.0049801857
0.0048963343
0.0048126555
0.0047291509
0.0046458629
0.0045627973
0.0044799614
0.0043973642
0.0043150152
0.0042329257
0.0041511015
0.0040695887
0.0039883992
0.0039075006
0.0038268857
0.0037466058
0.0077285325
0.0076339459
0.0075401151
0.0074469639
0.0073544786
0.0072625198
0.0071711786
0.0070803784
0.0069899869
0.0069000102
0.0068104322
0.0067212193
0.0066323441
0.0065438411
0.0064555689
0.0063675389
0.0062798201
0.0061922622
0.0061049927
0.0060179722
0.005931175
0.0058445831
0.0057581917
0.0056719975
0.0055859993
0.0055001952
0.0054145846
0.0053291676
0.0052439455
0.0051589209
0.0050741005
0.0049895269
0.0049051906
0.0048210385
0.0047370824
0.0046533611
0.0045698781
0.0044866404
0.0044036566
0.0043209355
0.0042384881
0.0041563182
0.0040744707
0.0039929592
0.0039117503
0.0038308353
0.0037502655
0.0077674437
0.0076709132
0.007575255
0.007480385
0.0073862391
0.0072928082
0.0071999641
0.0071078082
0.007016134
0.0069249231
0.0068341721
0.0067438477
0.006653917
0.0065643859
0.0064751579
0.0063862431
0.0062976576
0.0062092649
0.0061211777
0.0060334002
0.0059458755
0.0058585836
0.0057715215
0.0056846842
0.0055980696
0.0055116741
0.005425496
0.0053395338
0.0052537878
0.0051682585
0.0050829558
0.0049979268
0.0049131454
0.0048285578
0.0047441885
0.0046600702
0.0045762048
0.0044925993
0.0044092615
0.0043261997
0.0042434245
0.0041609384
0.0040787848
0.003996979
0.0039154864
0.0038342971
0.0037534625
0.007802971
0.0077046486
0.0076073061
0.0075108553
0.0074152051
0.0073203723
0.0072261918
0.0071327613
0.0070399197
0.0069475764
0.0068557474
0.0067644022
0.0066735022
0.0065830352
0.0064929306
0.0064031953
0.0063138052
0.006224675
0.006135829
0.006047355
0.0059591674
0.0058712341
0.0057835578
0.0056961317
0.0056089531
0.0055220167
0.0054353195
0.0053488587
0.0052626338
0.0051766429
0.0050909001
0.005005455
0.0049202673
0.0048352805
0.0047505347
0.0046660539
0.0045818395
0.0044978981
0.0044142373
0.0043308647
0.0042477905
0.004165016
0.0040825835
0.0040005097
0.0039187585
0.0038373191
0.0037562434
0.0083546323
0.0082477974
0.008142561
0.0080388021
0.007936409
0.0078352763
0.0077353104
0.0076364232
0.0075385222
0.0074415065
0.0073453694
0.0072499971
0.0071553801
0.007061471
0.0069680972
0.0068752811
0.006783003
0.0066912173
0.0065998998
0.0065089954
0.0064185036
0.0063283844
0.0062385714
0.006149052
0.0060599312
0.0059711419
0.0058826239
0.0057943875
0.0057064245
0.005618732
0.0055313029
0.0054441328
0.005357218
0.0052705569
0.0051841458
0.0050980026
0.0050121793
0.004926621
0.0048412712
0.0047561831
0.0046713724
0.0045868406
0.004502594
0.0044186395
0.0043349843
0.0042516384
0.0041686018
0.0040859161
0.004003599
0.0039216131
0.0038399469
0.0037586525
0.0083930941
0.0082841486
0.0081769481
0.0080713583
0.0079672542
0.0078645213
0.0077630555
0.0076627588
0.0075635332
0.0074652778
0.0073679321
0.0072715121
0.0071758174
0.0070809109
0.0069866085
0.0068928933
0.0067997661
0.0067071753
0.0066150875
0.006523456
0.0064322725
0.0063414929
0.0062510544
0.0061609396
0.006071224
0.0059818853
0.0058928386
0.005804094
0.0057156434
0.005627485
0.005539609
0.0054520103
0.0053646837
0.005277627
0.0051908349
0.0051043297
0.0050181632
0.0049322683
0.0048465905
0.0047611927
0.004676083
0.0045912636
0.0045067406
0.0044225203
0.0043386094
0.0042550176
0.0041717439
0.0040888292
0.0040062922
0.0039240942
0.0038422229
0.0037607309
0.0084278109
0.0083169458
0.0082079605
0.0081007077
0.0079950506
0.0078908655
0.0077880388
0.0076864636
0.0075860362
0.0074866579
0.0073882395
0.0072908308
0.0071941916
0.0070983661
0.0070032292
0.0069087001
0.006814804
0.0067214852
0.0066287026
0.0065364136
0.006444602
0.0063532252
0.0062622151
0.0061715807
0.0060813292
0.0059914808
0.0059019599
0.0058127569
0.0057238658
0.0056352869
0.0055470078
0.0054590224
0.0053713242
0.0052839105
0.0051967747
0.0051099435
0.0050234674
0.0049372685
0.0048512958
0.0047656187
0.0046802394
0.004595161
0.0045103889
0.0044259291
0.0043417879
0.0042579745
0.0041744873
0.0040913665
0.0040086318
0.003926243
0.0038441873
0.0037625177
0.0084589695
0.0083463701
0.008235773
0.0081270191
0.0080199612
0.0079144663
0.0078104125
0.0077076849
0.0076061746
0.0075057831
0.0074064109
0.0073080886
0.007210628
0.0071139612
0.0070180731
0.0069228143
0.0068282251
0.006734252
0.0066408457
0.0065479656
0.0064555884
0.0063636745
0.0062721573
0.0061810471
0.0060903284
0.0060000121
0.0059100649
0.0058204523
0.0057311652
0.0056422093
0.0055535686
0.0054652364
0.005377205
0.0052894709
0.005202026
0.005114903
0.0050281495
0.004941678
0.0048554415
0.0047695139
0.0046838929
0.0045985822
0.0045135869
0.0044289126
0.004344565
0.0042605532
0.0041768748
0.0040935695
0.0040106579
0.0039280983
0.0038458776
0.0037640492
0.0084867558
0.0083726007
0.0082605583
0.008150459
0.0080421462
0.0079354785
0.0078303259
0.007726567
0.0076240875
0.0075227877
0.0074225673
0.0073234038
0.0072252538
0.0071278189
0.00703125
0.006935344
0.0068401338
0.0067455767
0.0066516142
0.0065582062
0.0064653239
0.0063729294
0.006280963
0.0061894224
0.0060983018
0.0060075608
0.0059172271
0.0058272528
0.005737612
0.0056483203
0.0055593575
0.0054707165
0.0053823882
0.0052943684
0.005206647
0.0051192641
0.0050322645
0.0049455501
0.0048590789
0.0047729282
0.0046870917
0.0046015743
0.0045163802
0.0044315149
0.0043469836
0.0042627952
0.0041789467
0.0040954772
0.0040124082
0.0039296969
0.0038473295
0.0037653599
0.0085113537
0.0083958143
0.0082824866
0.0081711911
0.008061763
0.0079540531
0.0078479246
0.0077432499
0.0076399104
0.0075378033
0.0074368321
0.0073369334
0.0072381458
0.0071400562
0.007042867
0.0069463931
0.0068506307
0.0067555566
0.0066611018
0.0065672262
0.0064738963
0.0063810756
0.0062887126
0.0061967837
0.0061053257
0.0060142054
0.0059235179
0.005833228
0.0057432735
0.0056536851
0.0055644377
0.0054755238
0.0053869332
0.0052986605
0.0052106925
0.0051230803
0.0050358646
0.0049489357
0.0048622572
0.004775909
0.004689882
0.0046041818
0.004518812
0.0044337779
0.0043490843
0.0042647399
0.0041807411
0.0040971267
0.0040139188
0.0039310735
0.0038485767
0.0037664826
0.0085329449
0.0084161852
0.0083017246
0.0081893755
0.0080789652
0.007970338
0.0078633506
0.0077578702
0.0076537742
0.0075509566
0.0074493245
0.0073487837
0.0072494329
0.007150778
0.0070530292
0.0069560612
0.0068598125
0.0067642855
0.006669399
0.006575113
0.0064813904
0.0063881953
0.0062954844
0.006203219
0.0061114618
0.0060200155
0.0059290082
0.0058384441
0.005748214
0.0056583661
0.0055688694
0.0054797167
0.0053908965
0.0053024023
0.0052142155
0.0051264024
0.0050390001
0.0049518831
0.004865023
0.0047785016
0.0046923076
0.0046064472
0.0045209236
0.0044357416
0.0043509059
0.0042664249
0.0041822945
0.0040985532
0.0040152237
0.0039322612
0.0038496512
0.0037674482
0.0085517077
0.008433884
0.0083184361
0.0082051689
0.0080939032
0.0079844771
0.007876742
0.0077705603
0.0076658059
0.0075623692
0.0074601616
0.0073590628
0.0072592334
0.0071600918
0.0070618371
0.0069644446
0.006867773
0.0067718537
0.0066765932
0.0065819511
0.0064878879
0.0063943677
0.0063013544
0.0062087993
0.0061167826
0.0060250584
0.0059337665
0.0058429651
0.0057524961
0.0056624234
0.0055727111
0.0054833518
0.005394333
0.005305647
0.0052172662
0.0051292793
0.0050417194
0.0049544392
0.0048674215
0.0047807497
0.0046944109
0.0046084116
0.0045227546
0.0044374446
0.0043524858
0.0042678864
0.0041836421
0.0040997908
0.0040163561
0.003933292
0.0038505841
0.0037682868
0.008567817
0.0084490776
0.0083327805
0.0082187239
0.0081067228
0.0079966102
0.0078882326
0.0077814485
0.0076761283
0.007572159
0.0074694557
0.0073678784
0.0072676588
0.0071681022
0.0070693884
0.0069716362
0.0068746023
0.0067783484
0.0066827683
0.0065878216
0.0064934669
0.0063996686
0.0063063957
0.006213594
0.006121355
0.0060293993
0.0059378579
0.0058468518
0.0057561794
0.0056659148
0.0055760184
0.0054864828
0.0053972949
0.0053084453
0.0052198926
0.0051317575
0.0050440687
0.0049566483
0.0048694954
0.0047826947
0.0046962319
0.0046101138
0.0045243429
0.0044389233
0.0043538592
0.0042691587
0.0041848169
0.0041008717
0.0040173469
0.0039341961
0.0038514044
0.0037690266
0.0085814441
0.0084619298
0.008344914
0.0082301897
0.0081175669
0.0080068739
0.0078979533
0.0077906599
0.0076848612
0.007580441
0.0074773186
0.007375337
0.0072748182
0.0071749145
0.0070757803
0.006977728
0.0068803894
0.0067838546
0.0066880063
0.0065928037
0.0064982043
0.0064041722
0.0063106804
0.0062176731
0.0061252415
0.0060331006
0.0059413482
0.0058501654
0.0057593238
0.0056688977
0.0055788469
0.0054891637
0.0053998345
0.005310848
0.0052221408
0.0051338816
0.0050460944
0.0049585555
0.0048712884
0.0047843787
0.0046978115
0.0046115933
0.0045257264
0.0044402147
0.004355062
0.0042702764
0.0041858526
0.0041018286
0.0040182278
0.003935004
0.003852142
0.0037696963
0.008593651
0.0084734431
0.0083557844
0.008240463
0.0081272844
0.0080160727
0.0079066669
0.0077989187
0.0076926925
0.0075878687
0.0074843701
0.0073820255
0.0072812749
0.0071810664
0.007081518
0.0069832031
0.0068855952
0.0067888115
0.0066927251
0.006597295
0.0065024782
0.0064082385
0.0063145517
0.0062213629
0.0061287524
0.0060364611
0.0059445188
0.0058531731
0.005762184
0.0056716142
0.0055814265
0.0054916128
0.005402159
0.0053130529
0.0052241954
0.0051358267
0.0050479649
0.0049603182
0.0048729492
0.0047859422
0.004699282
0.0046129748
0.0045270224
0.0044414288
0.0043561973
0.0042713359
0.0041868392
0.004102745
0.0040190766
0.0039357878
0.0038528632
0.0037703569
0.0086040314
0.008483233
0.0083650269
0.0082491972
0.0081355455
0.0080238924
0.0079140737
0.007805938
0.007699347
0.0075941771
0.0074903532
0.0073876942
0.0072867928
0.0071863344
0.0070863788
0.0069878474
0.0068900165
0.0067930237
0.0066967365
0.006601114
0.006506113
0.0064116976
0.0063178456
0.0062245049
0.0061317396
0.0060393168
0.0059472223
0.0058557328
0.0057646206
0.0056739283
0.0055836247
0.005493701
0.0054041435
0.0053149401
0.0052259379
0.0051374763
0.0050495692
0.0049618265
0.0048743694
0.0047872795
0.0047005403
0.0046141576
0.0045281329
0.0044424698
0.0043571717
0.004272246
0.0041876876
0.004103534
0.0040198082
0.0039364644
0.0038534869
0.0037709293
0.0086118309
0.0084905882
0.0083719705
0.0082557586
0.0081417512
0.0080297663
0.0079196372
0.0078112102
0.0077043441
0.0075989114
0.007494837
0.0073919348
0.0072909533
0.0071903264
0.0070900141
0.0069913264
0.0068933341
0.0067961865
0.0066997493
0.0066039826
0.0065088434
0.0064142963
0.0063203207
0.0062268666
0.0061339852
0.0060414615
0.0059492553
0.005857656
0.0057664524
0.005675668
0.0055852776
0.0054952719
0.0054056381
0.0053163654
0.0052272429
0.0051387108
0.0050507824
0.0049629637
0.0048754397
0.0047882875
0.004701489
0.0046150498
0.004528971
0.0044432559
0.0043579079
0.0042729342
0.0041883295
0.0041041314
0.0040203627
0.0039369777
0.0038539605
0.0037713643
0.0086170401
0.008495501
0.0083766085
0.0082601414
0.0081458968
0.0080336904
0.0079233541
0.0078147327
0.0077076824
0.0076020726
0.0074978269
0.0073947573
0.0072937315
0.007193034
0.0070924362
0.0069936481
0.0068955515
0.0067983019
0.0067017653
0.0066059026
0.0065106715
0.0064160367
0.0063219787
0.0062284497
0.006135491
0.0060428993
0.0059506199
0.0058589464
0.0057676822
0.0056768365
0.0055863886
0.0054963285
0.0054066444
0.0053173249
0.0052281232
0.0051395425
0.0050516011
0.0049637319
0.0048761636
0.0047889698
0.004702132
0.0046156552
0.0045295404
0.0044437908
0.0043584096
0.004273404
0.0041887687
0.004104541
0.0040207437
0.0039373313
0.0038542876
0.0037716656
0.0086196531
0.008497966
0.0083789363
0.0082623418
0.0081479786
0.0080356616
0.007925222
0.0078165036
0.0077093611
0.0076036627
0.0074993313
0.0073961789
0.0072951342
0.007194397
0.0070936604
0.0069948185
0.0068966711
0.0067993711
0.0067027851
0.0066068747
0.0065115977
0.0064169191
0.00632282
0.0062292535
0.0061362591
0.0060436337
0.0059513153
0.0058596049
0.0057683111
0.0056774352
0.0055869588
0.0054968719
0.0054071629
0.0053178201
0.0052285782
0.005139975
0.0050520268
0.0049641323
0.004876542
0.0047893277
0.0047024704
0.0046159751
0.0045298425
0.0044440759
0.0043586782
0.0042736568
0.0041890062
0.0041047639
0.0040209525
0.0039375266
0.0038544697
0.0037718344
)
;

boundaryField
{
    inletLow
    {
        type            calculated;
        value           nonuniform List<scalar> 0();
    }
    inletJet
    {
        type            calculated;
        value           nonuniform List<scalar> 0();
    }
    inletHigh
    {
        type            calculated;
        value           nonuniform List<scalar> 0();
    }
    outlet
    {
        type            calculated;
        value           nonuniform List<scalar> 0();
    }
    upperWall
    {
        type            calculated;
        value           nonuniform List<scalar> 0();
    }
    lowerWall
    {
        type            calculated;
        value           nonuniform List<scalar> 
53
(
0.0031487591
0.003176906
0.0032047219
0.0032320963
0.0032589262
0.0032851128
0.0033105622
0.0033351856
0.0033588995
0.0033816253
0.0034032899
0.0034238255
0.0034431702
0.0034612621
0.0034780236
0.0034935064
0.0035075468
0.0035201275
0.0035312389
0.0035409243
0.003549025
0.0035555687
0.0035605394
0.0035639197
0.0035657009
0.0035658785
0.0035644508
0.0035614199
0.003556791
0.0035505728
0.0035427775
0.0035334196
0.003522514
0.0035101053
0.0034961916
0.003480805
0.0034639846
0.0034457688
0.0034261825
0.0034052696
0.0033830688
0.0033596261
0.0033349866
0.0033091968
0.0032823061
0.0032543651
0.003225426
0.0031955422
0.0031647683
0.0031331598
0.0031007731
0.0030676657
0.0030338973
)
;
    }
    frontAndBack
    {
        type            empty;
    }
    procBoundary6to2
    {
        type            processor;
        value           nonuniform List<scalar> 
44
(
0.0077093849
0.0076036885
0.0074993585
0.0073962036
0.0072951592
0.0071944277
0.0070936901
0.0069948464
0.0068967005
0.0067994014
0.0067028159
0.0066069061
0.0065116296
0.0064169513
0.006322852
0.0062292851
0.0061362985
0.0060436746
0.0059513493
0.0058596398
0.0057683476
0.0056774727
0.0055869971
0.0054969108
0.0054072028
0.0053178628
0.0052286166
0.005140014
0.0050520713
0.0049641746
0.0048765846
0.0047893709
0.0047025141
0.0046160193
0.0045298871
0.0044441209
0.0043587237
0.0042737026
0.0041890524
0.0041048104
0.0040209992
0.0039375738
0.0038545173
0.0037718834
)
;
    }
    procBoundary6to3
    {
        type            processor;
        value           nonuniform List<scalar> 8(0.0086196738 0.0084979858 0.0083789565 0.0082623626 0.0081480002 0.0080356838 0.0079252448 0.0078165253);
    }
    procBoundary6to5
    {
        type            processor;
        value           nonuniform List<scalar> 
74
(
0.0029993194
0.0028727517
0.0027971189
0.0027323108
0.0026779267
0.0026341534
0.0026003646
0.0025757698
0.0026377532
0.0025595223
0.0025943085
0.0026377532
0.0026384895
0.002644857
0.0026559293
0.0026708341
0.0026887676
0.0027090024
0.0027308927
0.0027538745
0.0028343446
0.0028343446
0.0028594678
0.0028843957
0.0029088481
0.002994664
0.002994664
0.0030186956
0.0030416676
0.0030634849
0.0031506319
0.0031506319
0.0031709426
0.003189934
0.0032076099
0.0032239901
0.0032391062
0.0032529993
0.0032657176
0.0032773146
0.0032878474
0.0032973759
0.0033059611
0.0033136645
0.0033205475
0.0033266709
0.0035695234
0.0034916203
0.0033320945
0.0034140663
0.0035695234
0.0036534002
0.0036534002
0.0036583973
0.0036628023
0.0036666691
0.0036700488
0.0036729899
0.003675538
0.0036777357
0.0036796233
0.0036812384
0.0036826165
0.0036837909
0.0036847932
0.0036856535
0.003686401
0.0036870628
0.003687667
0.0036882692
0.0036887918
0.0036891895
0.0036894656
0.0036896218
)
;
    }
    procBoundary6to7
    {
        type            processor;
        value           nonuniform List<scalar> 
73
(
0.0031202431
0.0030855681
0.0030879773
0.0031094576
0.0031487495
0.0032046418
0.0032755571
0.0033598694
0.0034559807
0.0035623459
0.003677498
0.0038000628
0.0039287662
0.0040624346
0.0041999919
0.0043404535
0.0044829192
0.0046265665
0.0047706439
0.0049144659
0.0050574084
0.0051989049
0.0053384442
0.0054755772
0.0056098601
0.0057408976
0.0058684469
0.0059921562
0.0061118201
0.0062272438
0.0063382701
0.0064447773
0.0065466778
0.0066439154
0.0067364627
0.0068243181
0.0070339201
0.0069711765
0.0069075015
0.0069075015
0.007185081
0.0072696757
0.0073493818
0.0074242744
0.0074945312
0.0075601259
0.007621261
0.0076780587
0.0077306648
0.0077792352
0.00782393
0.0078649127
0.0083122426
0.0082077142
0.0081046263
0.0080028714
0.0079023483
0.0079023483
0.0084632009
0.0085039345
0.0085407189
0.0085737467
0.0086032107
0.0086293022
0.0086522105
0.0086721222
0.0086892204
0.0087036848
0.0087166415
0.0087276608
0.008735941
0.0087414717
0.0087442454
)
;
    }
}


// ************************************************************************* //
