/*--------------------------------*- C++ -*----------------------------------*\
| =========                 |                                                 |
| \\      /  F ield         | OpenFOAM: The Open Source CFD Toolbox           |
|  \\    /   O peration     | Version:  2312                                  |
|   \\  /    A nd           | Website:  www.openfoam.com                      |
|    \\/     M anipulation  |                                                 |
\*---------------------------------------------------------------------------*/
FoamFile
{
    version     2.0;
    format      ascii;
    arch        "LSB;label=32;scalar=64";
    class       volScalarField;
    location    "0.01";
    object      p;
}
// * * * * * * * * * * * * * * * * * * * * * * * * * * * * * * * * * * * * * //

dimensions      [1 -1 -2 0 0 0 0];

internalField   nonuniform List<scalar> 
3250
(
100003.22
100003.16
100003.1
100003.04
100002.98
100002.93
100002.87
100002.82
100002.76
100002.71
100002.66
100002.61
100002.57
100002.52
100002.48
100002.44
100002.4
100002.36
100002.32
100002.29
100002.25
100002.22
100002.19
100002.16
100002.13
100002.1
100002.08
100002.05
100002.02
100002
100001.98
100001.96
100001.93
100001.91
100001.89
100001.87
100001.85
100001.83
100001.81
100001.8
100001.78
100001.76
100001.74
100001.73
100001.71
100001.69
100001.68
100001.66
100001.64
100003.22
100003.16
100003.1
100003.04
100002.98
100002.92
100002.87
100002.82
100002.76
100002.71
100002.66
100002.61
100002.57
100002.52
100002.48
100002.44
100002.4
100002.36
100002.32
100002.29
100002.25
100002.22
100002.19
100002.16
100002.13
100002.1
100002.07
100002.05
100002.02
100002
100001.98
100001.95
100001.93
100001.91
100001.89
100001.87
100001.85
100001.83
100001.81
100001.8
100001.78
100001.76
100001.74
100001.73
100001.71
100001.69
100001.68
100001.66
100001.64
100003.21
100003.15
100003.1
100003.04
100002.98
100002.92
100002.87
100002.81
100002.76
100002.71
100002.66
100002.61
100002.57
100002.52
100002.48
100002.44
100002.4
100002.36
100002.32
100002.29
100002.25
100002.22
100002.19
100002.16
100002.13
100002.1
100002.07
100002.05
100002.02
100002
100001.98
100001.95
100001.93
100001.91
100001.89
100001.87
100001.85
100001.83
100001.81
100001.8
100001.78
100001.76
100001.74
100001.72
100001.71
100001.69
100001.68
100001.66
100001.64
100003.21
100003.15
100003.09
100003.04
100002.98
100002.92
100002.87
100002.81
100002.76
100002.71
100002.66
100002.61
100002.56
100002.52
100002.48
100002.43
100002.39
100002.36
100002.32
100002.28
100002.25
100002.22
100002.19
100002.16
100002.13
100002.1
100002.07
100002.05
100002.02
100002
100001.98
100001.95
100001.93
100001.91
100001.89
100001.87
100001.85
100001.83
100001.81
100001.8
100001.78
100001.76
100001.74
100001.72
100001.71
100001.69
100001.68
100001.66
100001.64
100003.21
100003.15
100003.09
100003.03
100002.98
100002.92
100002.86
100002.81
100002.76
100002.71
100002.66
100002.61
100002.56
100002.52
100002.48
100002.43
100002.39
100002.36
100002.32
100002.28
100002.25
100002.22
100002.19
100002.16
100002.13
100002.1
100002.07
100002.05
100002.02
100002
100001.98
100001.95
100001.93
100001.91
100001.89
100001.87
100001.85
100001.83
100001.81
100001.8
100001.78
100001.76
100001.74
100001.72
100001.71
100001.69
100001.68
100001.66
100001.64
100003.2
100003.14
100003.09
100003.03
100002.97
100002.92
100002.86
100002.81
100002.76
100002.7
100002.66
100002.61
100002.56
100002.52
100002.47
100002.43
100002.39
100002.35
100002.32
100002.28
100002.25
100002.22
100002.19
100002.16
100002.13
100002.1
100002.07
100002.05
100002.02
100002
100001.98
100001.95
100001.93
100001.91
100001.89
100001.87
100001.85
100001.83
100001.81
100001.8
100001.78
100001.76
100001.74
100001.73
100001.71
100001.69
100001.68
100001.66
100001.64
100003.2
100003.14
100003.08
100003.02
100002.97
100002.91
100002.86
100002.8
100002.75
100002.7
100002.65
100002.61
100002.56
100002.51
100002.47
100002.43
100002.39
100002.35
100002.32
100002.28
100002.25
100002.22
100002.19
100002.16
100002.13
100002.1
100002.07
100002.05
100002.02
100002
100001.98
100001.95
100001.93
100001.91
100001.89
100001.87
100001.85
100001.83
100001.81
100001.8
100001.78
100001.76
100001.74
100001.73
100001.71
100001.69
100001.68
100001.66
100001.64
100003.19
100003.13
100003.08
100003.02
100002.96
100002.91
100002.85
100002.8
100002.75
100002.7
100002.65
100002.6
100002.56
100002.51
100002.47
100002.43
100002.39
100002.35
100002.32
100002.28
100002.25
100002.22
100002.19
100002.16
100002.13
100002.1
100002.07
100002.05
100002.02
100002
100001.98
100001.95
100001.93
100001.91
100001.89
100001.87
100001.85
100001.83
100001.81
100001.8
100001.78
100001.76
100001.74
100001.73
100001.71
100001.69
100001.68
100001.66
100001.64
100003.19
100003.13
100003.07
100003.01
100002.96
100002.9
100002.85
100002.8
100002.75
100002.7
100002.65
100002.6
100002.55
100002.51
100002.47
100002.43
100002.39
100002.35
100002.31
100002.28
100002.25
100002.22
100002.18
100002.16
100002.13
100002.1
100002.07
100002.05
100002.02
100002
100001.98
100001.95
100001.93
100001.91
100001.89
100001.87
100001.85
100001.83
100001.81
100001.8
100001.78
100001.76
100001.74
100001.73
100001.71
100001.69
100001.68
100001.66
100001.64
100003.18
100003.12
100003.07
100003.01
100002.95
100002.9
100002.85
100002.79
100002.74
100002.69
100002.64
100002.6
100002.55
100002.51
100002.47
100002.43
100002.39
100002.35
100002.31
100002.28
100002.25
100002.21
100002.18
100002.15
100002.13
100002.1
100002.07
100002.05
100002.02
100002
100001.98
100001.95
100001.93
100001.91
100001.89
100001.87
100001.85
100001.83
100001.81
100001.8
100001.78
100001.76
100001.74
100001.73
100001.71
100001.69
100001.68
100001.66
100001.65
100003.17
100003.11
100003.06
100003
100002.95
100002.89
100002.84
100002.79
100002.74
100002.69
100002.64
100002.59
100002.55
100002.51
100002.46
100002.42
100002.39
100002.35
100002.31
100002.28
100002.25
100002.21
100002.18
100002.15
100002.13
100002.1
100002.07
100002.05
100002.02
100002
100001.98
100001.96
100001.93
100001.91
100001.89
100001.87
100001.85
100001.83
100001.82
100001.8
100001.78
100001.76
100001.74
100001.73
100001.71
100001.69
100001.68
100001.66
100001.65
100003.16
100003.11
100003.05
100003
100002.94
100002.89
100002.83
100002.78
100002.73
100002.68
100002.64
100002.59
100002.55
100002.5
100002.46
100002.42
100002.38
100002.35
100002.31
100002.28
100002.24
100002.21
100002.18
100002.15
100002.13
100002.1
100002.07
100002.05
100002.02
100002
100001.98
100001.96
100001.93
100001.91
100001.89
100001.87
100001.85
100001.83
100001.82
100001.8
100001.78
100001.76
100001.75
100001.73
100001.71
100001.69
100001.68
100001.66
100001.65
100003.15
100003.1
100003.04
100002.99
100002.93
100002.88
100002.83
100002.78
100002.73
100002.68
100002.63
100002.59
100002.54
100002.5
100002.46
100002.42
100002.38
100002.34
100002.31
100002.28
100002.24
100002.21
100002.18
100002.15
100002.13
100002.1
100002.07
100002.05
100002.02
100002
100001.98
100001.96
100001.93
100001.91
100001.89
100001.87
100001.85
100001.84
100001.82
100001.8
100001.78
100001.76
100001.75
100001.73
100001.71
100001.7
100001.68
100001.66
100001.65
100003.14
100003.09
100003.03
100002.98
100002.93
100002.87
100002.82
100002.77
100002.72
100002.67
100002.63
100002.58
100002.54
100002.5
100002.46
100002.42
100002.38
100002.34
100002.31
100002.27
100002.24
100002.21
100002.18
100002.15
100002.13
100002.1
100002.07
100002.05
100002.02
100002
100001.98
100001.96
100001.93
100001.91
100001.89
100001.87
100001.85
100001.84
100001.82
100001.8
100001.78
100001.76
100001.75
100001.73
100001.71
100001.7
100001.68
100001.66
100001.65
100003.13
100003.08
100003.02
100002.97
100002.92
100002.87
100002.82
100002.77
100002.72
100002.67
100002.62
100002.58
100002.54
100002.49
100002.45
100002.41
100002.38
100002.34
100002.31
100002.27
100002.24
100002.21
100002.18
100002.15
100002.12
100002.1
100002.07
100002.05
100002.02
100002
100001.98
100001.96
100001.94
100001.91
100001.89
100001.87
100001.86
100001.84
100001.82
100001.8
100001.78
100001.76
100001.75
100001.73
100001.71
100001.7
100001.68
100001.67
100001.65
100003.12
100003.07
100003.01
100002.96
100002.91
100002.86
100002.81
100002.76
100002.71
100002.66
100002.62
100002.57
100002.53
100002.49
100002.45
100002.41
100002.38
100002.34
100002.31
100002.27
100002.24
100002.21
100002.18
100002.15
100002.12
100002.1
100002.07
100002.05
100002.02
100002
100001.98
100001.96
100001.94
100001.92
100001.89
100001.88
100001.86
100001.84
100001.82
100001.8
100001.78
100001.77
100001.75
100001.73
100001.71
100001.7
100001.68
100001.67
100001.65
100003.11
100003.06
100003
100002.95
100002.9
100002.85
100002.8
100002.75
100002.7
100002.66
100002.61
100002.57
100002.53
100002.49
100002.45
100002.41
100002.37
100002.34
100002.3
100002.27
100002.24
100002.21
100002.18
100002.15
100002.12
100002.1
100002.07
100002.05
100002.02
100002
100001.98
100001.96
100001.94
100001.92
100001.9
100001.88
100001.86
100001.84
100001.82
100001.8
100001.78
100001.77
100001.75
100001.73
100001.72
100001.7
100001.68
100001.67
100001.65
100003.1
100003.04
100002.99
100002.94
100002.89
100002.84
100002.79
100002.74
100002.7
100002.65
100002.61
100002.56
100002.52
100002.48
100002.44
100002.41
100002.37
100002.33
100002.3
100002.27
100002.24
100002.21
100002.18
100002.15
100002.12
100002.1
100002.07
100002.05
100002.02
100002
100001.98
100001.96
100001.94
100001.92
100001.9
100001.88
100001.86
100001.84
100001.82
100001.8
100001.78
100001.77
100001.75
100001.73
100001.72
100001.7
100001.68
100001.67
100001.65
100003.08
100003.03
100002.98
100002.93
100002.88
100002.83
100002.78
100002.74
100002.69
100002.65
100002.6
100002.56
100002.52
100002.48
100002.44
100002.4
100002.37
100002.33
100002.3
100002.27
100002.24
100002.21
100002.18
100002.15
100002.12
100002.1
100002.07
100002.05
100002.02
100002
100001.98
100001.96
100001.94
100001.92
100001.9
100001.88
100001.86
100001.84
100001.82
100001.8
100001.79
100001.77
100001.75
100001.73
100001.72
100001.7
100001.69
100001.67
100001.65
100003.12
100003.07
100003.02
100002.97
100002.92
100002.87
100002.82
100002.77
100002.73
100002.68
100002.64
100002.6
100002.55
100002.51
100002.47
100002.44
100002.4
100002.36
100002.33
100002.3
100002.27
100002.23
100002.2
100002.18
100002.15
100002.12
100002.1
100002.07
100002.05
100002.02
100002
100001.98
100001.96
100001.94
100001.92
100001.9
100001.88
100001.86
100001.84
100001.82
100001.8
100001.79
100001.77
100001.75
100001.74
100001.72
100001.7
100001.69
100001.67
100001.65
100003.1
100003.05
100003
100002.95
100002.91
100002.86
100002.81
100002.77
100002.72
100002.68
100002.63
100002.59
100002.55
100002.51
100002.47
100002.43
100002.4
100002.36
100002.33
100002.29
100002.26
100002.23
100002.2
100002.17
100002.15
100002.12
100002.1
100002.07
100002.05
100002.02
100002
100001.98
100001.96
100001.94
100001.92
100001.9
100001.88
100001.86
100001.84
100001.82
100001.8
100001.79
100001.77
100001.75
100001.74
100001.72
100001.7
100001.69
100001.67
100001.66
100003.08
100003.03
100002.99
100002.94
100002.89
100002.85
100002.8
100002.75
100002.71
100002.67
100002.62
100002.58
100002.54
100002.5
100002.46
100002.43
100002.39
100002.36
100002.32
100002.29
100002.26
100002.23
100002.2
100002.17
100002.15
100002.12
100002.09
100002.07
100002.05
100002.02
100002
100001.98
100001.96
100001.94
100001.92
100001.9
100001.88
100001.86
100001.84
100001.82
100001.81
100001.79
100001.77
100001.75
100001.74
100001.72
100001.7
100001.69
100001.67
100001.66
100003.06
100003.02
100002.97
100002.92
100002.88
100002.83
100002.79
100002.74
100002.7
100002.66
100002.62
100002.57
100002.54
100002.5
100002.46
100002.42
100002.39
100002.35
100002.32
100002.29
100002.26
100002.23
100002.2
100002.17
100002.15
100002.12
100002.09
100002.07
100002.05
100002.02
100002
100001.98
100001.96
100001.94
100001.92
100001.9
100001.88
100001.86
100001.84
100001.82
100001.81
100001.79
100001.77
100001.75
100001.74
100001.72
100001.71
100001.69
100001.67
100001.66
100003.08
100003.04
100003
100002.95
100002.91
100002.86
100002.82
100002.78
100002.73
100002.69
100002.65
100002.61
100002.57
100002.53
100002.49
100002.45
100002.42
100002.38
100002.35
100002.32
100002.29
100002.26
100002.23
100002.2
100002.17
100002.14
100002.12
100002.09
100002.07
100002.05
100002.02
100002
100001.98
100001.96
100001.94
100001.92
100001.9
100001.88
100001.86
100001.84
100001.82
100001.81
100001.79
100001.77
100001.76
100001.74
100001.72
100001.71
100001.69
100001.67
100001.66
100003.06
100003.02
100002.98
100002.93
100002.89
100002.85
100002.8
100002.76
100002.72
100002.68
100002.64
100002.6
100002.56
100002.52
100002.48
100002.45
100002.41
100002.38
100002.34
100002.31
100002.28
100002.25
100002.22
100002.2
100002.17
100002.14
100002.12
100002.09
100002.07
100002.04
100002.02
100002
100001.98
100001.96
100001.94
100001.92
100001.9
100001.88
100001.86
100001.84
100001.82
100001.81
100001.79
100001.77
100001.76
100001.74
100001.72
100001.71
100001.69
100001.68
100001.66
100003.04
100003
100002.96
100002.91
100002.87
100002.83
100002.79
100002.75
100002.71
100002.67
100002.63
100002.59
100002.55
100002.51
100002.48
100002.44
100002.41
100002.37
100002.34
100002.31
100002.28
100002.25
100002.22
100002.19
100002.17
100002.14
100002.11
100002.09
100002.07
100002.04
100002.02
100002
100001.98
100001.96
100001.94
100001.92
100001.9
100001.88
100001.86
100001.84
100001.82
100001.81
100001.79
100001.77
100001.76
100001.74
100001.72
100001.71
100001.69
100001.68
100003.01
100002.97
100002.93
100002.89
100002.85
100002.81
100002.77
100002.73
100002.69
100002.65
100002.62
100002.58
100002.54
100002.5
100002.47
100002.43
100002.4
100002.37
100002.33
100002.3
100002.27
100002.25
100002.22
100002.19
100002.16
100002.14
100002.11
100002.09
100002.07
100002.04
100002.02
100002
100001.98
100001.96
100001.94
100001.92
100001.9
100001.88
100001.86
100001.84
100001.83
100001.81
100001.79
100001.77
100001.76
100001.74
100001.72
100001.71
100001.69
100001.68
100002.98
100002.95
100002.91
100002.87
100002.83
100002.8
100002.76
100002.72
100002.68
100002.64
100002.6
100002.57
100002.53
100002.49
100002.46
100002.43
100002.39
100002.36
100002.33
100002.3
100002.27
100002.24
100002.21
100002.19
100002.16
100002.14
100002.11
100002.09
100002.06
100002.04
100002.02
100002
100001.98
100001.96
100001.94
100001.92
100001.9
100001.88
100001.86
100001.84
100001.83
100001.81
100001.79
100001.77
100001.76
100001.74
100001.72
100001.71
100001.69
100001.68
100002.96
100002.92
100002.89
100002.85
100002.81
100002.78
100002.74
100002.7
100002.66
100002.63
100002.59
100002.55
100002.52
100002.48
100002.45
100002.42
100002.39
100002.35
100002.32
100002.29
100002.26
100002.24
100002.21
100002.18
100002.16
100002.13
100002.11
100002.08
100002.06
100002.04
100002.02
100002
100001.98
100001.96
100001.94
100001.92
100001.9
100001.88
100001.86
100001.84
100001.82
100001.81
100001.79
100001.77
100001.76
100001.74
100001.72
100001.71
100001.69
100001.68
100002.93
100002.89
100002.86
100002.83
100002.79
100002.76
100002.72
100002.68
100002.65
100002.61
100002.58
100002.54
100002.51
100002.47
100002.44
100002.41
100002.38
100002.35
100002.32
100002.29
100002.26
100002.23
100002.21
100002.18
100002.15
100002.13
100002.11
100002.08
100002.06
100002.04
100002.02
100001.99
100001.97
100001.95
100001.93
100001.92
100001.9
100001.88
100001.86
100001.84
100001.82
100001.81
100001.79
100001.77
100001.76
100001.74
100001.72
100001.71
100001.69
100001.68
100002.9
100002.87
100002.83
100002.8
100002.77
100002.73
100002.7
100002.67
100002.63
100002.6
100002.56
100002.53
100002.5
100002.46
100002.43
100002.4
100002.37
100002.34
100002.31
100002.28
100002.25
100002.23
100002.2
100002.17
100002.15
100002.13
100002.1
100002.08
100002.06
100002.04
100002.01
100001.99
100001.97
100001.95
100001.93
100001.91
100001.9
100001.88
100001.86
100001.84
100001.82
100001.81
100001.79
100001.77
100001.76
100001.74
100001.72
100001.71
100001.69
100001.68
100002.87
100002.84
100002.81
100002.78
100002.74
100002.71
100002.68
100002.65
100002.61
100002.58
100002.55
100002.52
100002.48
100002.45
100002.42
100002.39
100002.36
100002.33
100002.3
100002.27
100002.25
100002.22
100002.2
100002.17
100002.15
100002.12
100002.1
100002.08
100002.05
100002.03
100002.01
100001.99
100001.97
100001.95
100001.93
100001.91
100001.89
100001.88
100001.86
100001.84
100001.82
100001.81
100001.79
100001.77
100001.76
100001.74
100001.72
100001.71
100001.69
100001.68
100002.83
100002.81
100002.78
100002.75
100002.72
100002.69
100002.66
100002.63
100002.6
100002.56
100002.53
100002.5
100002.47
100002.44
100002.41
100002.38
100002.35
100002.32
100002.29
100002.27
100002.24
100002.21
100002.19
100002.16
100002.14
100002.12
100002.09
100002.07
100002.05
100002.03
100002.01
100001.99
100001.97
100001.95
100001.93
100001.91
100001.89
100001.87
100001.86
100001.84
100001.82
100001.81
100001.79
100001.77
100001.76
100001.74
100001.72
100001.71
100001.69
100001.68
100002.8
100002.77
100002.75
100002.72
100002.69
100002.67
100002.64
100002.61
100002.58
100002.55
100002.51
100002.48
100002.45
100002.43
100002.4
100002.37
100002.34
100002.31
100002.29
100002.26
100002.23
100002.21
100002.18
100002.16
100002.14
100002.11
100002.09
100002.07
100002.05
100002.03
100002.01
100001.99
100001.97
100001.95
100001.93
100001.91
100001.89
100001.87
100001.86
100001.84
100001.82
100001.8
100001.79
100001.77
100001.75
100001.74
100001.72
100001.71
100001.69
100001.68
100002.76
100002.74
100002.72
100002.69
100002.67
100002.64
100002.61
100002.58
100002.56
100002.53
100002.5
100002.47
100002.44
100002.41
100002.38
100002.36
100002.33
100002.3
100002.28
100002.25
100002.23
100002.2
100002.18
100002.15
100002.13
100002.11
100002.09
100002.06
100002.04
100002.02
100002
100001.98
100001.96
100001.94
100001.93
100001.91
100001.89
100001.87
100001.85
100001.84
100001.82
100001.8
100001.79
100001.77
100001.75
100001.74
100001.72
100001.71
100001.69
100001.68
100002.73
100002.71
100002.68
100002.66
100002.64
100002.61
100002.59
100002.56
100002.53
100002.51
100002.48
100002.45
100002.42
100002.4
100002.37
100002.34
100002.32
100002.29
100002.27
100002.24
100002.22
100002.19
100002.17
100002.15
100002.12
100002.1
100002.08
100002.06
100002.04
100002.02
100002
100001.98
100001.96
100001.94
100001.92
100001.9
100001.89
100001.87
100001.85
100001.83
100001.82
100001.8
100001.78
100001.77
100001.75
100001.74
100001.72
100001.71
100001.69
100001.68
100002.69
100002.67
100002.65
100002.63
100002.61
100002.59
100002.56
100002.54
100002.51
100002.48
100002.46
100002.43
100002.41
100002.38
100002.36
100002.33
100002.3
100002.28
100002.26
100002.23
100002.21
100002.18
100002.16
100002.14
100002.12
100002.1
100002.07
100002.05
100002.03
100002.01
100001.99
100001.97
100001.96
100001.94
100001.92
100001.9
100001.88
100001.87
100001.85
100001.83
100001.81
100001.8
100001.78
100001.77
100001.75
100001.73
100001.72
100001.7
100001.69
100001.67
100002.65
100002.63
100002.62
100002.6
100002.58
100002.56
100002.53
100002.51
100002.49
100002.46
100002.44
100002.41
100002.39
100002.36
100002.34
100002.32
100002.29
100002.27
100002.24
100002.22
100002.2
100002.17
100002.15
100002.13
100002.11
100002.09
100002.07
100002.05
100002.03
100002.01
100001.99
100001.97
100001.95
100001.93
100001.91
100001.9
100001.88
100001.86
100001.85
100001.83
100001.81
100001.8
100001.78
100001.76
100001.75
100001.73
100001.72
100001.7
100001.69
100001.67
100002.61
100002.59
100002.58
100002.56
100002.55
100002.53
100002.51
100002.48
100002.46
100002.44
100002.42
100002.39
100002.37
100002.35
100002.32
100002.3
100002.28
100002.25
100002.23
100002.21
100002.19
100002.17
100002.14
100002.12
100002.1
100002.08
100002.06
100002.04
100002.02
100002
100001.98
100001.96
100001.95
100001.93
100001.91
100001.89
100001.88
100001.86
100001.84
100001.83
100001.81
100001.79
100001.78
100001.76
100001.75
100001.73
100001.71
100001.7
100001.69
100001.67
100002.56
100002.55
100002.54
100002.53
100002.51
100002.49
100002.48
100002.46
100002.44
100002.41
100002.39
100002.37
100002.35
100002.33
100002.31
100002.28
100002.26
100002.24
100002.22
100002.2
100002.18
100002.15
100002.13
100002.11
100002.09
100002.07
100002.05
100002.03
100002.01
100002
100001.98
100001.96
100001.94
100001.92
100001.91
100001.89
100001.87
100001.85
100001.84
100001.82
100001.81
100001.79
100001.77
100001.76
100001.74
100001.73
100001.71
100001.7
100001.68
100001.67
100002.52
100002.51
100002.5
100002.49
100002.48
100002.46
100002.44
100002.43
100002.41
100002.39
100002.37
100002.35
100002.33
100002.31
100002.29
100002.27
100002.25
100002.22
100002.2
100002.18
100002.16
100002.14
100002.12
100002.1
100002.08
100002.06
100002.04
100002.03
100002.01
100001.99
100001.97
100001.95
100001.94
100001.92
100001.9
100001.88
100001.87
100001.85
100001.83
100001.82
100001.8
100001.79
100001.77
100001.75
100001.74
100001.72
100001.71
100001.69
100001.68
100001.67
100002.48
100002.47
100002.46
100002.45
100002.44
100002.43
100002.41
100002.4
100002.38
100002.36
100002.35
100002.33
100002.31
100002.29
100002.27
100002.25
100002.23
100002.21
100002.19
100002.17
100002.15
100002.13
100002.11
100002.09
100002.07
100002.05
100002.04
100002.02
100002
100001.98
100001.96
100001.95
100001.93
100001.91
100001.89
100001.88
100001.86
100001.84
100001.83
100001.81
100001.8
100001.78
100001.77
100001.75
100001.74
100001.72
100001.71
100001.69
100001.68
100001.66
100002.43
100002.43
100002.42
100002.41
100002.4
100002.39
100002.38
100002.37
100002.35
100002.33
100002.32
100002.3
100002.28
100002.27
100002.25
100002.23
100002.21
100002.19
100002.17
100002.15
100002.14
100002.12
100002.1
100002.08
100002.06
100002.04
100002.03
100002.01
100001.99
100001.97
100001.96
100001.94
100001.92
100001.9
100001.89
100001.87
100001.86
100001.84
100001.82
100001.81
100001.79
100001.78
100001.76
100001.75
100001.73
100001.72
100001.7
100001.69
100001.67
100001.66
100002.38
100002.38
100002.38
100002.37
100002.36
100002.36
100002.34
100002.33
100002.32
100002.3
100002.29
100002.27
100002.26
100002.24
100002.23
100002.21
100002.19
100002.17
100002.16
100002.14
100002.12
100002.1
100002.09
100002.07
100002.05
100002.03
100002.02
100002
100001.98
100001.96
100001.95
100001.93
100001.91
100001.9
100001.88
100001.87
100001.85
100001.83
100001.82
100001.8
100001.79
100001.77
100001.76
100001.74
100001.73
100001.71
100001.7
100001.68
100001.67
100001.66
100002.34
100002.34
100002.33
100002.33
100002.32
100002.32
100002.31
100002.3
100002.29
100002.27
100002.26
100002.25
100002.23
100002.22
100002.2
100002.19
100002.17
100002.15
100002.14
100002.12
100002.1
100002.09
100002.07
100002.05
100002.04
100002.02
100002
100001.99
100001.97
100001.95
100001.94
100001.92
100001.91
100001.89
100001.87
100001.86
100001.84
100001.83
100001.81
100001.8
100001.78
100001.77
100001.75
100001.74
100001.72
100001.71
100001.69
100001.68
100001.67
100001.65
100002.29
100002.29
100002.29
100002.29
100002.28
100002.28
100002.27
100002.26
100002.25
100002.24
100002.23
100002.22
100002.21
100002.19
100002.18
100002.16
100002.15
100002.13
100002.12
100002.1
100002.09
100002.07
100002.06
100002.04
100002.02
100002.01
100001.99
100001.98
100001.96
100001.94
100001.93
100001.91
100001.9
100001.88
100001.87
100001.85
100001.83
100001.82
100001.8
100001.79
100001.77
100001.76
100001.75
100001.73
100001.72
100001.7
100001.69
100001.68
100001.66
100001.65
100002.24
100002.24
100002.24
100002.24
100002.24
100002.24
100002.23
100002.23
100002.22
100002.21
100002.2
100002.19
100002.18
100002.16
100002.15
100002.14
100002.13
100002.11
100002.1
100002.08
100002.07
100002.06
100002.04
100002.02
100002.01
100001.99
100001.98
100001.96
100001.95
100001.93
100001.92
100001.9
100001.89
100001.87
100001.86
100001.84
100001.83
100001.81
100001.8
100001.78
100001.77
100001.75
100001.74
100001.73
100001.71
100001.7
100001.68
100001.67
100001.66
100001.64
100002.18
100002.19
100002.19
100002.2
100002.2
100002.2
100002.19
100002.19
100002.18
100002.17
100002.16
100002.16
100002.14
100002.14
100002.13
100002.12
100002.1
100002.09
100002.08
100002.06
100002.05
100002.04
100002.02
100002.01
100001.99
100001.98
100001.97
100001.95
100001.94
100001.92
100001.91
100001.89
100001.88
100001.86
100001.85
100001.83
100001.82
100001.8
100001.79
100001.78
100001.76
100001.75
100001.73
100001.72
100001.71
100001.69
100001.68
100001.67
100001.65
100001.64
100002.12
100002.13
100002.14
100002.15
100002.15
100002.15
100002.15
100002.15
100002.15
100002.14
100002.14
100002.13
100002.13
100002.12
100002.11
100002.1
100002.09
100002.08
100002.07
100002.06
100002.04
100002.03
100002.02
100002.01
100001.99
100001.98
100001.96
100001.95
100001.94
100001.92
100001.91
100001.89
100001.88
100001.87
100001.85
100001.84
100001.82
100001.81
100001.8
100001.78
100001.77
100001.75
100001.74
100001.73
100001.71
100001.7
100001.69
100001.67
100001.66
100001.65
100001.64
100002.07
100002.08
100002.09
100002.1
100002.1
100002.11
100002.11
100002.11
100002.11
100002.11
100002.1
100002.1
100002.1
100002.1
100002.09
100002.08
100002.06
100002.05
100002.04
100002.03
100002.02
100002.01
100002
100001.99
100001.97
100001.96
100001.95
100001.94
100001.92
100001.91
100001.9
100001.88
100001.87
100001.85
100001.84
100001.83
100001.81
100001.8
100001.79
100001.77
100001.76
100001.75
100001.73
100001.72
100001.71
100001.69
100001.68
100001.67
100001.66
100001.64
100001.63
100002.01
100002.03
100002.04
100002.05
100002.06
100002.06
100002.07
100002.07
100002.07
100002.07
100002.07
100002.07
100002.06
100002.06
100002.06
100002.05
100002.04
100002.03
100002.02
100002.01
100002
100001.99
100001.98
100001.97
100001.96
100001.94
100001.93
100001.92
100001.91
100001.89
100001.88
100001.87
100001.86
100001.84
100001.83
100001.82
100001.8
100001.79
100001.78
100001.76
100001.75
100001.74
100001.73
100001.71
100001.7
100001.69
100001.67
100001.66
100001.65
100001.64
100001.63
100001.96
100001.98
100001.99
100002
100002.01
100002.01
100002.02
100002.02
100002.03
100002.03
100002.03
100002.03
100002.03
100002.02
100002.02
100002.02
100002.01
100002
100001.99
100001.99
100001.98
100001.97
100001.96
100001.95
100001.94
100001.93
100001.91
100001.9
100001.89
100001.88
100001.87
100001.86
100001.84
100001.83
100001.82
100001.81
100001.79
100001.78
100001.77
100001.76
100001.74
100001.73
100001.72
100001.71
100001.69
100001.68
100001.67
100001.66
100001.65
100001.63
100001.62
100001.91
100001.92
100001.94
100001.95
100001.96
100001.97
100001.98
100001.98
100001.99
100001.99
100001.99
100001.99
100001.99
100001.99
100001.98
100001.98
100001.98
100001.97
100001.97
100001.96
100001.95
100001.94
100001.94
100001.92
100001.92
100001.91
100001.9
100001.89
100001.87
100001.86
100001.85
100001.84
100001.83
100001.82
100001.81
100001.79
100001.78
100001.77
100001.76
100001.75
100001.73
100001.72
100001.71
100001.7
100001.69
100001.67
100001.66
100001.65
100001.64
100001.63
100001.62
100001.86
100001.87
100001.89
100001.9
100001.91
100001.92
100001.93
100001.94
100001.94
100001.95
100001.95
100001.95
100001.95
100001.95
100001.95
100001.95
100001.94
100001.94
100001.93
100001.93
100001.93
100001.92
100001.91
100001.9
100001.89
100001.89
100001.88
100001.87
100001.86
100001.85
100001.84
100001.83
100001.81
100001.8
100001.79
100001.78
100001.77
100001.76
100001.75
100001.74
100001.72
100001.71
100001.7
100001.69
100001.68
100001.67
100001.66
100001.65
100001.64
100001.62
100001.61
100001.8
100001.82
100001.84
100001.85
100001.86
100001.87
100001.88
100001.89
100001.9
100001.9
100001.91
100001.91
100001.91
100001.92
100001.91
100001.91
100001.91
100001.91
100001.9
100001.9
100001.89
100001.89
100001.88
100001.88
100001.87
100001.86
100001.86
100001.85
100001.84
100001.83
100001.82
100001.81
100001.8
100001.79
100001.78
100001.77
100001.76
100001.75
100001.74
100001.72
100001.71
100001.7
100001.69
100001.68
100001.67
100001.66
100001.65
100001.64
100001.63
100001.62
100001.61
100001.75
100001.77
100001.79
100001.8
100001.82
100001.83
100001.84
100001.85
100001.86
100001.86
100001.87
100001.87
100001.88
100001.88
100001.88
100001.88
100001.88
100001.88
100001.87
100001.87
100001.87
100001.86
100001.86
100001.85
100001.85
100001.84
100001.83
100001.83
100001.82
100001.81
100001.8
100001.79
100001.78
100001.77
100001.76
100001.75
100001.74
100001.73
100001.72
100001.71
100001.7
100001.69
100001.68
100001.67
100001.66
100001.65
100001.64
100001.63
100001.63
100001.62
100001.61
100001.7
100001.72
100001.74
100001.75
100001.77
100001.78
100001.79
100001.8
100001.81
100001.82
100001.83
100001.83
100001.84
100001.84
100001.84
100001.84
100001.84
100001.84
100001.84
100001.84
100001.84
100001.84
100001.83
100001.83
100001.82
100001.82
100001.81
100001.8
100001.8
100001.79
100001.78
100001.77
100001.77
100001.76
100001.75
100001.74
100001.73
100001.72
100001.71
100001.7
100001.69
100001.68
100001.67
100001.67
100001.66
100001.65
100001.64
100001.63
100001.62
100001.61
100001.6
100001.66
100001.68
100001.69
100001.71
100001.72
100001.74
100001.75
100001.76
100001.77
100001.78
100001.78
100001.79
100001.8
100001.8
100001.8
100001.81
100001.81
100001.81
100001.81
100001.81
100001.81
100001.81
100001.8
100001.8
100001.8
100001.79
100001.79
100001.78
100001.78
100001.77
100001.76
100001.76
100001.75
100001.74
100001.73
100001.73
100001.72
100001.71
100001.7
100001.69
100001.68
100001.68
100001.67
100001.66
100001.65
100001.64
100001.63
100001.62
100001.61
100001.61
100001.6
100001.61
100001.63
100001.65
100001.66
100001.68
100001.69
100001.7
100001.71
100001.72
100001.73
100001.74
100001.75
100001.76
100001.76
100001.77
100001.77
100001.77
100001.77
100001.78
100001.78
100001.78
100001.78
100001.77
100001.77
100001.77
100001.77
100001.76
100001.76
100001.75
100001.75
100001.74
100001.73
100001.73
100001.72
100001.72
100001.71
100001.7
100001.69
100001.69
100001.68
100001.67
100001.66
100001.66
100001.65
100001.64
100001.63
100001.63
100001.62
100001.61
100001.6
100001.6
100001.57
100001.58
100001.6
100001.62
100001.63
100001.65
100001.66
100001.67
100001.68
100001.69
100001.7
100001.71
100001.72
100001.72
100001.73
100001.73
100001.74
100001.74
100001.74
100001.74
100001.74
100001.74
100001.74
100001.74
100001.74
100001.74
100001.73
100001.73
100001.73
100001.72
100001.72
100001.71
100001.71
100001.7
100001.7
100001.69
100001.68
100001.68
100001.67
100001.67
100001.66
100001.65
100001.65
100001.64
100001.63
100001.63
100001.62
100001.61
100001.61
100001.6
100001.59
100001.52
100001.54
100001.56
100001.57
100001.59
100001.6
100001.61
100001.63
100001.64
100001.65
100001.66
100001.67
100001.67
100001.68
100001.69
100001.69
100001.7
100001.7
100001.7
100001.71
100001.71
100001.71
100001.71
100001.71
100001.71
100001.71
100001.71
100001.7
100001.7
100001.7
100001.69
100001.69
100001.69
100001.68
100001.68
100001.67
100001.67
100001.66
100001.66
100001.65
100001.65
100001.64
100001.64
100001.63
100001.63
100001.62
100001.61
100001.61
100001.6
100001.6
100001.59
100001.48
100001.5
100001.51
100001.53
100001.54
100001.56
100001.57
100001.58
100001.59
100001.6
100001.61
100001.62
100001.63
100001.64
100001.64
100001.65
100001.66
100001.66
100001.66
100001.67
100001.67
100001.67
100001.67
100001.67
100001.67
100001.67
100001.67
100001.67
100001.67
100001.67
100001.67
100001.66
100001.66
100001.66
100001.65
100001.65
100001.65
100001.64
100001.64
100001.64
100001.63
100001.63
100001.62
100001.62
100001.61
100001.61
100001.6
100001.6
100001.6
100001.59
100001.59
100001.42
100001.44
100001.45
100001.47
100001.48
100001.49
100001.5
100001.52
100001.53
100001.54
100001.55
100001.56
100001.57
100001.57
100001.58
100001.59
100001.59
100001.6
100001.6
100001.61
100001.61
100001.61
100001.62
100001.62
100001.62
100001.62
100001.62
100001.62
100001.62
100001.62
100001.62
100001.62
100001.61
100001.61
100001.61
100001.61
100001.61
100001.6
100001.6
100001.6
100001.59
100001.59
100001.59
100001.58
100001.58
100001.58
100001.57
100001.57
100001.57
100001.56
100001.56
100001.44
100001.45
100001.46
100001.48
100001.49
100001.5
100001.52
100001.53
100001.54
100001.55
100001.56
100001.57
100001.58
100001.59
100001.6
100001.6
100001.61
100001.62
100001.62
100001.63
100001.63
100001.64
100001.64
100001.64
100001.64
100001.65
100001.65
100001.65
100001.65
100001.65
100001.65
100001.65
100001.65
100001.65
100001.65
100001.65
100001.64
100001.64
100001.64
100001.64
100001.64
100001.64
100001.63
100001.63
100001.63
100001.63
100001.62
100001.62
100001.62
100001.62
100001.61
100002.09
100002.11
100002.13
100002.15
100002.17
100002.19
100002.21
100002.23
100002.25
100002.27
100002.28
100002.3
100002.31
100002.33
100002.34
100002.35
100002.37
100002.38
100002.39
100002.4
100002.41
100002.41
100002.42
100002.43
100002.44
100002.44
100002.45
100002.45
100002.45
100002.46
100002.46
100002.46
100002.47
100002.47
100002.47
100002.47
100002.47
100002.47
100002.48
100002.48
100002.48
100002.48
100002.48
100002.48
100002.48
100002.48
100002.48
100002.48
100002.48
100002.47
100002.47
)
;

boundaryField
{
    inletLow
    {
        type            zeroGradient;
    }
    inletJet
    {
        type            zeroGradient;
    }
    inletHigh
    {
        type            zeroGradient;
    }
    outlet
    {
        type            fixedValue;
        value           nonuniform List<scalar> 0();
    }
    upperWall
    {
        type            totalPressure;
        rho             rho;
        psi             none;
        gamma           1;
        p0              uniform 100000;
        value           uniform 100000;
    }
    lowerWall
    {
        type            totalPressure;
        rho             rho;
        psi             none;
        gamma           1;
        p0              nonuniform List<scalar> 0();
        value           nonuniform List<scalar> 0();
    }
    frontAndBack
    {
        type            empty;
    }
    procBoundary2to0
    {
        type            processor;
        value           nonuniform List<scalar> 
66
(
100001.63
100001.63
100001.63
100001.63
100001.63
100001.63
100001.63
100001.63
100001.63
100001.63
100001.63
100001.63
100001.63
100001.63
100001.63
100001.64
100001.64
100001.64
100001.64
100001.64
100001.64
100001.64
100001.64
100001.64
100001.64
100001.66
100001.66
100001.66
100001.66
100001.66
100001.66
100001.66
100001.66
100001.66
100001.66
100001.66
100001.66
100001.66
100001.66
100001.66
100001.65
100001.65
100001.65
100001.65
100001.64
100001.64
100001.63
100001.63
100001.63
100001.62
100001.62
100001.61
100001.61
100001.61
100001.6
100001.6
100001.6
100001.59
100001.59
100001.59
100001.59
100001.58
100001.58
100001.56
100001.61
100002.47
)
;
    }
    procBoundary2to3
    {
        type            processor;
        value           nonuniform List<scalar> 
68
(
100003.28
100003.28
100003.27
100003.27
100003.27
100003.26
100003.26
100003.25
100003.25
100003.24
100003.23
100003.22
100003.21
100003.2
100003.19
100003.18
100003.16
100003.15
100003.13
100003.13
100003.17
100003.15
100003.13
100003.11
100003.11
100003.13
100003.1
100003.08
100003.05
100003.02
100002.99
100002.96
100002.93
100002.89
100002.86
100002.82
100002.78
100002.74
100002.7
100002.66
100002.62
100002.57
100002.53
100002.48
100002.43
100002.38
100002.33
100002.28
100002.23
100002.18
100002.18
100002.11
100002.06
100002
100001.94
100001.89
100001.84
100001.79
100001.73
100001.69
100001.64
100001.59
100001.55
100001.51
100001.46
100001.41
100001.42
100002.07
)
;
    }
    procBoundary2to5
    {
        type            processor;
        value           nonuniform List<scalar> 5(100001.71 100001.69 100001.68 100001.66 100001.64);
    }
    procBoundary2to6
    {
        type            processor;
        value           nonuniform List<scalar> 
44
(
100003.22
100003.16
100003.1
100003.04
100002.98
100002.93
100002.87
100002.82
100002.76
100002.71
100002.66
100002.61
100002.57
100002.52
100002.48
100002.44
100002.4
100002.36
100002.32
100002.29
100002.25
100002.22
100002.19
100002.16
100002.13
100002.1
100002.08
100002.05
100002.03
100002
100001.98
100001.96
100001.93
100001.91
100001.89
100001.87
100001.85
100001.83
100001.81
100001.8
100001.78
100001.76
100001.74
100001.73
)
;
    }
}


// ************************************************************************* //
