/*--------------------------------*- C++ -*----------------------------------*\
| =========                 |                                                 |
| \\      /  F ield         | OpenFOAM: The Open Source CFD Toolbox           |
|  \\    /   O peration     | Version:  2312                                  |
|   \\  /    A nd           | Website:  www.openfoam.com                      |
|    \\/     M anipulation  |                                                 |
\*---------------------------------------------------------------------------*/
FoamFile
{
    version     2.0;
    format      ascii;
    arch        "LSB;label=32;scalar=64";
    class       volScalarField;
    location    "0.05";
    object      Qdot;
}
// * * * * * * * * * * * * * * * * * * * * * * * * * * * * * * * * * * * * * //

dimensions      [1 -1 -3 0 0 0 0];

internalField   nonuniform List<scalar> 
3257
(
6.7864512
5.3222717
4.1632139
3.2483828
2.5283642
1.9632381
1.5208788
1.1755252
0.90659109
0.6976842
0.53580074
0.41064621
0.31410782
0.23980641
0.18274305
0.13900707
0.10555406
0.08001504
0.060555778
0.045754292
0.034516477
0.025997964
0.019552913
0.014682968
0.011009154
0.0082427611
0.0061617857
0.0045992131
0.0034273205
0.0025492141
0.0018935748
0.0014038313
0.0010383122
0.0007663918
0.00056403978
0.00041406459
0.00030325633
0.00022111628
0.00016045987
0.0001159941
8.3240047e-05
5.9308963e-05
4.1740549e-05
2.9110194e-05
1.9845725e-05
1.3331165e-05
8.714405e-06
5.4182189e-06
3.0625497e-06
1.4482007e-06
3.9602533e-07
6.991562
5.4793573
4.2831374
3.3396465
2.597597
2.0156007
1.5603609
1.2052048
0.92883656
0.71431212
0.54819102
0.41985591
0.3209342
0.24485197
0.18646207
0.14174231
0.10755988
0.081483113
0.061626103
0.046533676
0.035082022
0.026407452
0.01984884
0.014896123
0.011162858
0.0083523598
0.0062403726
0.0046546652
0.0034670493
0.0025784187
0.0019134314
0.0014174034
0.0010481023
0.00077286787
0.0005689343
0.00041756935
0.00030510947
0.00022262718
0.00016156072
0.00011653799
8.3487216e-05
5.9434931e-05
4.1891793e-05
2.9091882e-05
2.0000654e-05
1.3385197e-05
8.714405e-06
5.3768966e-06
3.0625497e-06
1.4634349e-06
3.9587881e-07
7.395057
5.7881576
4.518704
3.5187714
2.7333783
2.1182032
1.6376608
1.2632673
0.97232169
0.74678521
0.57237239
0.43781235
0.33423102
0.25467236
0.19369625
0.14705721
0.11145295
0.08432923
0.063701107
0.048042983
0.03617633
0.027200063
0.020421013
0.015307303
0.011457863
0.0085636055
0.006391307
0.0047623303
0.0035432303
0.0026316445
0.0019511765
0.0014440545
0.0010665941
0.00078651621
0.00057785263
0.00042352638
0.00030948631
0.00022533457
0.00016346391
0.00011761897
8.4423257e-05
6.0125152e-05
4.2271803e-05
2.9524578e-05
2.0205432e-05
1.3467636e-05
8.7017674e-06
5.4074239e-06
3.0626962e-06
1.4837736e-06
4.0060518e-07
8.0023194
6.2523135
4.8723231
3.787314
2.9366692
2.2716217
1.7530875
1.3498502
1.0370797
0.79507942
0.6082873
0.46444439
0.35392703
0.26919967
0.20438164
0.154895
0.1171899
0.088516048
0.066749552
0.050256617
0.037780959
0.028359155
0.021255289
0.015907708
0.011888142
0.0088717753
0.0066110893
0.0049184267
0.0036538809
0.0027099896
0.0020064368
0.00148324
0.001093789
0.00080498268
0.00059123371
0.00043296162
0.0003158744
0.0002296857
0.00016617116
0.00011981982
8.5960003e-05
6.0928498e-05
4.2992214e-05
2.9783886e-05
2.0408075e-05
1.3603609e-05
8.7621183e-06
5.4858534e-06
3.1336956e-06
1.4839201e-06
3.9448706e-07
8.8288956
6.8830102
5.3519847
4.1509331
3.2114414
2.4786112
1.9085356
1.4662451
1.1239738
0.85976095
0.65629967
0.49998338
0.38016279
0.28851322
0.21856357
0.1652807
0.12477798
0.094043063
0.070766777
0.053168658
0.039885714
0.029877524
0.022347905
0.016692049
0.012449437
0.009271978
0.00689571
0.0051207031
0.0037974939
0.002810826
0.0020776616
0.0015326829
0.0011285722
0.00082948357
0.00060812013
0.0004442505
0.00032377873
0.00023509358
0.0001698577
0.00012224935
8.7427298e-05
6.2028772e-05
4.352382e-05
3.0192303e-05
2.053141e-05
1.3732765e-05
8.9805304e-06
5.5133679e-06
3.0563774e-06
1.4821939e-06
3.9548388e-07
9.8989459
7.6977666
5.9703118
4.6186593
3.564121
2.7437057
2.1071853
1.6146544
1.2345212
0.94186947
0.7171088
0.54489568
0.413241
0.31281099
0.23636455
0.17828967
0.13425787
0.10093529
0.075763993
0.056783354
0.042494213
0.031755157
0.02369627
0.017657515
0.013139684
0.0097639723
0.0072455432
0.0053687676
0.0039726518
0.0029343144
0.0021644069
0.0015936491
0.0011710468
0.00085825913
0.00062821884
0.00045825251
0.00033343017
0.00024149965
0.00017449292
0.00012527087
8.9210715e-05
6.309128e-05
4.4339657e-05
3.0675346e-05
2.0870524e-05
1.4011029e-05
8.9742116e-06
5.578195e-06
3.1273768e-06
1.4957019e-06
3.9618992e-07
11.244204
8.7196174
6.7439209
5.2024102
4.0031896
3.0729104
2.3532533
1.7980215
1.3707607
1.0427992
0.79166845
0.599821
0.4535918
0.3423747
0.25796735
0.19403411
0.14570401
0.10923441
0.081767989
0.061115502
0.045612931
0.033994343
0.02529966
0.018802293
0.013956064
0.010344303
0.0076566734
0.0056591799
0.0041768374
0.0030787121
0.0022647347
0.0016637858
0.0012199711
0.00089254901
0.00065160561
0.00047416454
0.00034414355
0.00024882947
0.00017935747
0.00012835813
9.1683503e-05
6.4747732e-05
4.5439726e-05
3.1197501e-05
2.1366702e-05
1.4140684e-05
9.1165033e-06
5.6186669e-06
3.201682e-06
1.555066e-06
4.0398219e-07
12.903148
9.9764327
7.6928868
5.9165536
4.5388706
3.4734455
2.6518077
2.0198808
1.5351381
1.1642308
0.88111897
0.66552841
0.50172709
0.37754266
0.28359319
0.2126591
0.15920554
0.11899893
0.088810888
0.066182818
0.049250521
0.03659849
0.027159764
0.020128299
0.014897754
0.011011339
0.0081287093
0.0059920414
0.0044118129
0.0032423973
0.0023798487
0.0017437382
0.0012748788
0.00093119116
0.00067768706
0.00049222088
0.00035665313
0.0002571089
0.00018481422
0.0001324753
9.4117879e-05
6.6379553e-05
4.6242926e-05
3.1959453e-05
2.1610739e-05
1.4418948e-05
9.2521243e-06
5.6536704e-06
3.1985226e-06
1.5314214e-06
4.0885509e-07
14.920194
11.500283
8.8402142
6.7774974
5.1827899
3.9535029
3.0085759
2.2842117
1.7303919
1.3080387
0.9867338
0.74287626
0.55821556
0.41868916
0.31348486
0.23431899
0.17485904
0.13028527
0.096927254
0.072006243
0.053417709
0.039573521
0.029278762
0.021634976
0.015964867
0.011766627
0.0086603674
0.0063662379
0.0046734348
0.0034257247
0.0025075765
0.0018323923
0.0013369081
0.00097328672
0.00070708248
0.00051236965
0.00037016756
0.00026653115
0.00019091823
0.00013625677
9.6717134e-05
6.7999089e-05
4.762793e-05
3.2712306e-05
2.2175722e-05
1.4631041e-05
9.3816319e-06
5.7518323e-06
3.2353368e-06
1.5314214e-06
3.9842358e-07
17.344706
13.326646
10.21126
7.8032355
5.9476426
4.5219708
3.4297441
2.5952844
1.9594547
1.4762151
1.1098522
0.83275515
0.62365102
0.46619898
0.34788975
0.25916988
0.19276348
0.14315245
0.10615224
0.078604239
0.058125192
0.042924491
0.031657739
0.023318709
0.017154799
0.012605472
0.0092504886
0.0067798608
0.0049627233
0.003627508
0.0026479503
0.0019294462
0.0014038067
0.0010193014
0.00073862862
0.00053384853
0.00038455541
0.00027603662
0.00019775479
0.00014031068
9.9557294e-05
6.9781363e-05
4.8539546e-05
3.3395302e-05
2.2428858e-05
1.496284e-05
9.5117844e-06
5.8193204e-06
3.2624994e-06
1.6030036e-06
4.0771174e-07
20.229842
15.49354
11.833029
9.0128418
6.8467934
5.188154
3.921742
2.9575045
2.2253215
1.6707794
1.2518249
0.93606127
0.69861445
0.52045051
0.38704779
0.28736028
0.21300817
0.15765599
0.11651601
0.085991842
0.063379001
0.046651711
0.034296746
0.025182129
0.018467257
0.013527316
0.0098972249
0.0072318343
0.005277989
0.003846393
0.0027996705
0.0020339084
0.0014761693
0.0010687954
0.00077234983
0.0005564248
0.00040005675
0.00028665564
0.00020436378
0.00014511028
0.0001025482
7.1806184e-05
4.9778222e-05
3.4046759e-05
2.3051911e-05
1.5152845e-05
9.8023347e-06
5.9174823e-06
3.3346421e-06
1.5652681e-06
4.169999e-07
23.631095
18.040415
13.733387
10.42584
7.8938372
5.961442
4.4910015
3.3752516
2.5309378
1.8936961
1.4139481
1.053636
0.78364803
0.58178342
0.43116927
0.31901961
0.23566829
0.17383521
0.128039
0.094179036
0.069182435
0.050757097
0.037192419
0.027220681
0.019898776
0.014530678
0.010597489
0.0077200319
0.0056173766
0.0040813541
0.0029626468
0.0021462419
0.0015525301
0.001120983
0.00080796931
0.00058090027
0.00041650634
0.00029754604
0.00021144006
0.0001499874
0.00010551433
7.3697167e-05
5.1017249e-05
3.5039116e-05
2.3535451e-05
1.5573401e-05
9.9386595e-06
6.0161426e-06
3.364671e-06
1.5841736e-06
4.1735339e-07
27.604597
21.006907
15.940103
12.061555
9.1021051
6.8509631
5.1437172
3.8526778
2.8790691
2.1467845
1.5974038
1.1862384
0.87922732
0.65049168
0.48042986
0.35424727
0.26079894
0.19171671
0.14073338
0.10316775
0.075533332
0.055233215
0.040341113
0.029428825
0.021444513
0.015609707
0.011348541
0.0082421668
0.0059787966
0.0043319215
0.0031338969
0.0022642408
0.0016333279
0.0011758907
0.00084523101
0.00060624705
0.00043339745
0.00030867004
0.00021906675
0.00015474908
0.0001089542
7.589751e-05
5.2213448e-05
3.5697889e-05
2.3931231e-05
1.5773003e-05
1.0001145e-05
6.0912662e-06
3.402482e-06
1.6188962e-06
4.1318654e-07
32.205171
24.431406
18.479864
13.938362
10.484147
7.8651959
5.8855629
4.3935429
3.2721712
2.4316279
1.8031918
1.3344858
0.98572707
0.72679332
0.53495273
0.39310835
0.2884262
0.21130906
0.15459606
0.11295424
0.082423942
0.060073841
0.043733145
0.031801931
0.023100166
0.016762045
0.012148665
0.0087957967
0.0063617208
0.0045948114
0.0033153039
0.0023882731
0.0017184667
0.001233569
0.0008841498
0.00063202601
0.00045080198
0.00032007955
0.00022668116
0.00015992862
0.00011205416
7.8073575e-05
5.3706663e-05
3.6671289e-05
2.4562884e-05
1.6050623e-05
1.0204287e-05
6.1899265e-06
3.4737744e-06
1.614349e-06
4.3082647e-07
37.484255
28.349586
21.377167
16.072936
12.051184
9.0116126
6.7214473
5.0010261
3.7122702
2.7494838
2.0320805
1.4988331
1.1034032
0.8108245
0.59480024
0.435621
0.31855022
0.23260313
0.16961007
0.12351644
0.089838891
0.065265818
0.047360944
0.034330467
0.024858503
0.017981397
0.012993593
0.0093792255
0.0067621902
0.0048705639
0.0035038177
0.002516909
0.0018051725
0.0012934474
0.00092409529
0.0006586515
0.00046839779
0.00033219641
0.00023471357
0.00016509559
0.00011515306
7.9964558e-05
5.4932554e-05
3.7338018e-05
2.4943392e-05
1.6471678e-05
1.0333589e-05
6.2907494e-06
3.5006439e-06
1.6332545e-06
4.2491532e-07
43.487721
32.792834
24.653264
18.479487
13.81259
10.296306
7.6552618
5.6775573
4.2008425
3.1012278
2.2845553
1.6795341
1.2323678
0.90261418
0.65995897
0.48175599
0.3511347
0.25555944
0.18574555
0.13483212
0.097753434
0.070790658
0.051208476
0.037003649
0.026711548
0.019263563
0.013877416
0.0099869168
0.0071807593
0.0051566761
0.003698783
0.002649885
0.0018957503
0.0013537687
0.0009651532
0.0006864146
0.00048707392
0.00034430743
0.00024244188
0.0001699784
0.00011886487
8.2152264e-05
5.6426121e-05
3.8220525e-05
2.5426434e-05
1.6743272e-05
1.0463741e-05
6.3665179e-06
3.5406175e-06
1.6688275e-06
4.3339557e-07
50.253792
37.786797
28.32512
21.169045
15.775408
11.723661
8.6896553
6.4246781
4.7387307
3.4872714
2.5607845
1.8766082
1.3725723
1.0020867
0.73034601
0.53143492
0.38610784
0.28012337
0.20295495
0.1468608
0.10614306
0.07662764
0.05526041
0.039810657
0.028651062
0.020599963
0.014797134
0.01061864
0.0076123415
0.0054511371
0.0038988837
0.0027858323
0.0019877288
0.0014154439
0.001006464
0.0007141535
0.00050529963
0.00035654557
0.00025077151
0.00017513223
0.00012200795
8.4328329e-05
5.7665149e-05
3.8970191e-05
2.5910327e-05
1.7009397e-05
1.0754497e-05
6.4681911e-06
3.6096007e-06
1.6672478e-06
4.3515792e-07
57.811083
43.350045
32.4045
24.148863
17.943932
13.296084
9.8258623
7.2429134
5.3260562
3.9075246
2.8605758
2.0898367
1.5238016
1.1090487
0.80579829
0.58452017
0.42336606
0.30620608
0.22117359
0.15955462
0.11496757
0.082749772
0.059497367
0.04273575
0.030666771
0.021985796
0.015747578
0.011268045
0.0080558279
0.005753021
0.0041042481
0.0029245497
0.0020801139
0.0014783191
0.0010486715
0.00074189147
0.00052379187
0.00036864922
0.0002583475
0.00018060964
0.00012539157
8.6206176e-05
5.9024731e-05
3.9770611e-05
2.6466856e-05
1.7126267e-05
1.0889971e-05
6.5734901e-06
3.6096007e-06
1.6656681e-06
4.4185149e-07
66.176977
49.492934
36.897228
27.421889
20.319372
15.013788
11.06356
8.1316956
5.9621842
4.3613673
3.1833758
2.3187487
1.6856706
1.2231935
0.8860722
0.64082905
0.46276495
0.33370617
0.24032289
0.17285942
0.12419058
0.089126293
0.063897441
0.04576517
0.032747695
0.023411877
0.016722885
0.011933285
0.0085078009
0.0060597862
0.0043117223
0.0030643037
0.0021753352
0.0015414109
0.001090551
0.00076962987
0.00054228362
0.00038104539
0.00026624707
0.00018577653
0.00012853415
8.8230997e-05
6.0397244e-05
4.0519427e-05
2.7010396e-05
1.7492791e-05
1.1019626e-05
6.6414766e-06
3.6032819e-06
1.7179084e-06
4.4270179e-07
75.356318
56.216777
41.80262
30.98645
22.899661
16.874668
12.400805
9.0893336
6.6456846
4.8476436
3.5282611
2.5626261
1.8576233
1.344096
0.97085275
0.70012692
0.50413326
0.36249766
0.26031142
0.18670459
0.1337586
0.095724341
0.0684367
0.048881662
0.03488306
0.024871124
0.017717282
0.012609884
0.0089671727
0.0063706138
0.0045214121
0.0032051719
0.0022691358
0.0016041745
0.0011324305
0.00079767083
0.00056080121
0.00039271364
0.0002742789
0.00019049504
0.00013163419
9.0461882e-05
6.1471891e-05
4.1644976e-05
2.7336872e-05
1.7748968e-05
1.1155745e-05
6.5941874e-06
3.7067658e-06
1.6996613e-06
4.4270179e-07
85.340644
63.51335
47.113202
34.836048
25.679346
18.874257
13.834013
10.112995
7.3743673
5.3646603
3.8939513
2.8205007
2.0389432
1.4712303
1.059755
0.76213107
0.54726856
0.39243349
0.28103691
0.20101909
0.14362298
0.10250817
0.073091365
0.052067823
0.037058622
0.026353719
0.018725389
0.013293493
0.0094294291
0.0066828075
0.004731026
0.0033457723
0.0023637986
0.0016673773
0.0011737404
0.00082510717
0.00057842179
0.00040440788
0.00028189396
0.00019555345
0.00013491018
9.2322323e-05
6.2559675e-05
4.2176377e-05
2.7893402e-05
1.7948423e-05
1.1298535e-05
6.7333197e-06
3.6712684e-06
1.7013875e-06
4.4270179e-07
96.107846
71.36472
52.814654
38.95939
28.649622
21.005771
15.358003
11.198765
8.1452907
5.9102403
4.2788364
3.0911972
2.2287708
1.603975
1.1523305
0.82652097
0.59194491
0.42335182
0.3023858
0.21572611
0.15373016
0.10943951
0.077833435
0.055304958
0.039264641
0.027852631
0.019742186
0.013981576
0.0098936954
0.0069952668
0.0049407006
0.0034863628
0.0024567785
0.001729053
0.0012151018
0.00085230167
0.00059612874
0.00041582961
0.00028907738
0.00020017652
0.0001377372
9.4269123e-05
6.3931895e-05
4.2859227e-05
2.8234006e-05
1.8375298e-05
1.1361373e-05
6.8013061e-06
3.7833846e-06
1.7739665e-06
4.5115771e-07
107.62237
79.743469
58.885996
43.340553
31.798493
23.260231
16.966106
12.341718
8.9548411
6.4817453
4.6810041
3.3733371
2.4261231
1.7416279
1.2480789
0.89294958
0.63791226
0.45508284
0.32423866
0.23074138
0.16402327
0.11647963
0.082638818
0.058577003
0.041486927
0.029359863
0.020761488
0.01466932
0.010356485
0.0073058899
0.0051487338
0.0036253831
0.0025498339
0.001790538
0.0012552987
0.00087838262
0.00061355912
0.00042725083
0.00029631235
0.00020463579
0.00014060783
9.6021998e-05
6.5007685e-05
4.352382e-05
2.8642569e-05
1.8362661e-05
1.1563517e-05
6.9472557e-06
3.8135601e-06
1.7557194e-06
4.4924883e-07
119.83586
88.613222
65.30004
47.959328
35.11102
25.626666
18.650307
13.53603
9.7988157
7.0761523
5.0982956
3.6653836
2.6299085
1.8834218
1.3464677
0.96104042
0.68491484
0.48744997
0.346473
0.24597778
0.17444259
0.12358763
0.087477217
0.061864327
0.043715308
0.03086649
0.021777908
0.015353801
0.010816072
0.0076133782
0.0053543494
0.0037621405
0.0026400438
0.0018500735
0.0012950286
0.00090451512
0.00063041911
0.00043842574
0.00030352877
0.00020973289
0.00014331522
9.7761239e-05
6.6095468e-05
4.4055221e-05
2.8901379e-05
1.8567937e-05
1.1705809e-05
6.900113e-06
3.736242e-06
1.7503219e-06
4.6048825e-07
132.68832
97.929491
72.023999
52.791702
38.569709
28.092385
20.401445
14.775126
10.672509
7.6901153
5.5283445
3.9656708
2.8389604
2.0285392
1.4469281
1.0304006
0.73267996
0.52026169
0.36895844
0.26135247
0.18493037
0.13072744
0.092325406
0.065149981
0.045937039
0.032365401
0.022785697
0.016031273
0.011269627
0.0079169202
0.0055566764
0.0038965067
0.0027290258
0.0019084859
0.001333367
0.00092950893
0.00064673636
0.0004487344
0.00031031428
0.00021377374
0.00014603411
9.9556795e-05
6.7195244e-05
4.4598467e-05
2.9316115e-05
1.8994812e-05
1.1693318e-05
7.0089233e-06
3.8847059e-06
1.7336545e-06
4.6048825e-07
146.10951
107.64072
79.020323
57.810435
42.154901
30.643269
22.209428
16.051824
11.570837
8.3200559
5.9686334
4.2724404
3.0520567
2.176139
1.5488783
1.1006309
0.78093544
0.55333795
0.39157448
0.27678118
0.19543196
0.13785726
0.09715738
0.06841712
0.048140833
0.033849135
0.023783344
0.016697981
0.011715728
0.0082144284
0.0057541087
0.0040273176
0.0028157716
0.0019658864
0.0013706293
0.00095400919
0.00066248379
0.00045896035
0.00031672085
0.0002174355
0.00014876628
0.00010105563
6.7998591e-05
4.5440225e-05
2.9641448e-05
1.9108697e-05
1.1902631e-05
7.116065e-06
3.8815465e-06
1.7320748e-06
4.596984e-07
160.02076
117.6895
86.247564
62.98576
45.845285
33.26413
24.063482
17.358514
12.488454
8.9622249
6.4165589
4.5838849
3.2679507
2.3253618
1.6517306
1.1713335
0.82941174
0.58649133
0.41419629
0.29217748
0.2058887
0.1449436
0.10194911
0.071648866
0.050316446
0.035310508
0.024762951
0.01735343
0.012153005
0.0085039437
0.0059463545
0.0041545021
0.0028995307
0.0020211471
0.0014065256
0.00097739603
0.00067714374
0.0004682893
0.00032252707
0.00022136345
0.00015121429
0.00010298452
6.8801644e-05
4.5983472e-05
3.0062649e-05
1.9238849e-05
1.1971436e-05
7.035441e-06
3.8395793e-06
1.7692274e-06
4.4012527e-07
174.3367
128.01385
93.661378
68.286068
49.618396
35.939054
25.952384
18.687322
13.419856
9.6128052
6.8694716
4.8981841
3.4853939
2.4753544
1.7549061
1.2421137
0.87784248
0.61954791
0.43670334
0.30746682
0.21625148
0.15195113
0.10667726
0.074832247
0.052455556
0.036744202
0.02572058
0.017993035
0.012578655
0.0087874112
0.0061343746
0.0042773955
0.0029802426
0.0020742075
0.0014413603
0.00099969551
0.000692156
0.00047812983
0.0003288071
0.00022546791
0.00015383832
0.00010431321
6.9914702e-05
4.6527862e-05
3.040062e-05
1.9449946e-05
1.2114373e-05
7.1822088e-06
3.8752277e-06
1.7897126e-06
4.596984e-07
188.96656
138.54891
101.21548
73.678665
53.451125
38.651768
27.864718
20.030279
14.359507
10.267967
7.3247406
5.2135352
3.7031521
2.6252839
1.857843
1.3125937
0.92597526
0.6523359
0.45898383
0.32257456
0.22646903
0.15884832
0.11132089
0.077953746
0.054546724
0.038143089
0.02665569
0.018615624
0.012991368
0.0090607213
0.0063146443
0.0043968611
0.0030586491
0.0021250048
0.0014745119
0.0010214769
0.0007059947
0.00048680674
0.00033438419
0.00022915445
0.00015598284
0.00010524238
7.0717902e-05
4.678717e-05
3.0526735e-05
1.9526066e-05
1.2174577e-05
7.2160421e-06
3.8752277e-06
1.8032207e-06
4.596984e-07
203.81157
149.23137
108.86345
79.130556
57.320215
41.385945
29.789091
21.379469
15.301942
10.923946
7.779794
5.5281846
3.9200472
2.7743479
1.9599992
1.3824136
0.97356894
0.68469599
0.48093687
0.33742747
0.23649891
0.16560268
0.11586296
0.080998395
0.056586516
0.039504508
0.027562294
0.019217927
0.013391178
0.0093251032
0.0064883968
0.0045116468
0.0031337313
0.002173955
0.0015060328
0.0010421442
0.00071902267
0.00049553436
0.00033996951
0.00023225342
0.00015802557
0.00010676599
7.14004e-05
4.7330563e-05
3.0878487e-05
1.9721891e-05
1.2176712e-05
7.2128827e-06
3.9496795e-06
1.8048004e-06
4.5870158e-07
159.99281
116.56003
84.609409
61.202771
44.125552
31.714346
22.727181
16.241855
11.577124
8.2321609
5.8404568
4.1349402
2.9217883
2.0608722
1.4512391
1.0204034
0.71648778
0.50246134
0.35196893
0.24629867
0.1721943
0.12028474
0.083959334
0.058563395
0.040822293
0.028437857
0.0197987
0.013775113
0.0095787824
0.0066556125
0.0046215133
0.0032051719
0.0022207295
0.0015365407
0.0010611303
0.00073153225
0.00050309822
0.00034470585
0.00023523268
0.00015976466
0.00010770253
7.2065492e-05
4.7590516e-05
3.1156751e-05
1.9791693e-05
1.2237063e-05
7.2835301e-06
3.9496795e-06
1.7881329e-06
4.5870158e-07
170.78874
124.26289
90.083852
65.076573
46.855068
33.629743
24.066023
17.174188
12.224047
8.6795097
6.1487841
4.3467858
3.0669072
2.1599948
1.5187577
1.0662739
0.74757254
0.52347456
0.36614129
0.25583368
0.1785947
0.12457164
0.086825083
0.060474093
0.042094443
0.029281975
0.020358404
0.01414501
0.0098219018
0.0068161361
0.0047253204
0.0032737268
0.0022653286
0.0015653416
0.0010798888
0.00074385091
0.00051076325
0.00034946227
0.00023822409
0.00016154765
0.00010894156
7.2893469e-05
4.8310428e-05
3.1279588e-05
2.0082243e-05
1.2385673e-05
7.2805172e-06
3.9463736e-06
1.7834649e-06
4.596984e-07
181.53947
131.92605
95.522963
68.920236
49.559716
35.5251
25.389022
18.094192
12.861502
9.1196683
6.4517104
4.5546086
3.2090541
2.2569411
1.584693
1.1110019
0.77783418
0.54390046
0.37989282
0.2650722
0.18478797
0.12871396
0.089588601
0.06231353
0.043316676
0.030092422
0.020893542
0.014498589
0.010054359
0.0069678061
0.0048251191
0.0033390447
0.0023072087
0.0015925108
0.0010970266
0.00075497057
0.00051780906
0.00035423132
0.00024107688
0.00016315455
0.00010986546
7.343736e-05
4.8703076e-05
3.1706815e-05
2.0054188e-05
1.2528463e-05
7.3515166e-06
3.9422174e-06
1.8032207e-06
4.596984e-07
192.18416
139.5068
100.89747
72.713622
52.225645
37.39094
26.689723
18.997485
13.486537
9.5506601
6.7479164
4.7575341
3.3476523
2.3513311
1.648798
1.1544224
0.80716998
0.56366969
0.39318548
0.27398928
0.19075501
0.13269731
0.092243442
0.06407905
0.044487078
0.030866922
0.021404798
0.014834879
0.010275179
0.007112834
0.0049198418
0.0033998846
0.0023474818
0.0016180738
0.001113913
0.00076527916
0.00052433576
0.00035844912
0.00024397286
0.00016525997
0.00011095324
7.4114591e-05
4.8975022e-05
3.1754528e-05
2.0190161e-05
1.2373036e-05
7.3483572e-06
3.9463736e-06
1.801641e-06
4.596984e-07
202.66814
146.96614
106.18033
76.438134
54.840114
39.218571
27.962228
19.880097
14.096486
9.9707079
7.0362218
4.9547857
3.4821979
2.4428355
1.7108581
1.1963991
0.83548983
0.58272925
0.40598279
0.28256104
0.19648205
0.13651704
0.094785031
0.06576506
0.045604178
0.031604387
0.021891642
0.015154748
0.010485765
0.0072498075
0.0050090398
0.003457839
0.0023847689
0.0016425993
0.0011294439
0.00077506871
0.00053029272
0.0003623892
0.00024613529
0.00016657644
0.00011207894
7.4525642e-05
4.9247466e-05
3.196627e-05
2.0117319e-05
1.2515826e-05
7.381692e-06
3.9455233e-06
1.8033672e-06
4.5870158e-07
212.94127
154.26868
111.34702
80.07692
57.391618
41.000187
29.201268
20.738494
14.688987
10.378247
7.315598
5.1456899
3.6122486
2.5311717
1.7706897
1.2368167
0.86272351
0.60103388
0.41825448
0.29076933
0.20196115
0.14016558
0.097208557
0.067372851
0.046666991
0.032306005
0.022352861
0.015457961
0.01068369
0.0073795818
0.0050932565
0.0035127724
0.0024198192
0.0016648483
0.0011444209
0.00078431494
0.00053689518
0.00036592457
0.00024874718
0.00016808749
0.00011288214
7.5233415e-05
4.9506774e-05
3.2101744e-05
2.0335086e-05
1.2509009e-05
7.3451978e-06
3.9400548e-06
1.801641e-06
4.5984493e-07
222.95824
161.38277
116.37564
83.614979
59.869958
42.728891
30.402216
21.569576
15.261998
10.771927
7.5851607
5.3296719
3.7374337
2.6161001
1.8281464
1.2755826
0.88881133
0.61854497
0.42998012
0.29860412
0.20718321
0.14363765
0.099512426
0.068898453
0.047674226
0.032970086
0.022789011
0.015743453
0.010870523
0.007501388
0.0051721566
0.0035638619
0.0024526683
0.0016864135
0.0011574242
0.00079301721
0.00054171445
0.00036902923
0.00025077151
0.00016887805
0.00011369798
7.5612927e-05
4.965752e-05
3.2231897e-05
2.0402254e-05
1.2658118e-05
7.4466656e-06
4.0584898e-06
1.8775259e-06
4.5984493e-07
232.67891
168.28055
121.24704
87.03924
62.26628
44.398733
31.561091
22.370721
15.813779
11.150616
7.8441732
5.5062592
3.8574519
2.6974325
1.8831061
1.3126203
0.91370434
0.63523697
0.44114531
0.30605314
0.21214296
0.14693201
0.10169565
0.070341404
0.048627172
0.033596114
0.023200192
0.016012945
0.011046465
0.0076152767
0.0052466948
0.0036116994
0.0024839979
0.0017062345
0.0011699336
0.00080060634
0.00054720391
0.00037230571
0.00025254114
0.00017053443
0.00011422958
7.6018212e-05
5.0062805e-05
3.222508e-05
2.0538227e-05
1.2658118e-05
7.416842e-06
4.01436e-06
1.855461e-06
4.5884811e-07
242.06849
174.93801
125.94478
90.338543
64.573075
46.004692
32.674574
23.139732
16.342907
11.513389
8.0920482
5.6750752
3.9720693
2.7750185
1.9354778
1.347876
0.93737726
0.65109029
0.45173638
0.31311235
0.21683673
0.15004643
0.10375581
0.071703356
0.049523453
0.03418688
0.023587492
0.016266183
0.011211264
0.0077227003
0.0053159855
0.0036566257
0.0025125573
0.0017247268
0.0011818993
0.00080822075
0.0005515045
0.00037518905
0.00025445797
0.00017148887
0.00011476034
7.64419e-05
5.0201265e-05
3.2515982e-05
2.0538227e-05
1.2584631e-05
7.449825e-06
4.01436e-06
1.8373604e-06
4.5984493e-07
251.09754
181.33499
130.45514
93.503638
66.784147
47.542669
33.739966
23.874855
16.848243
11.859521
8.3283229
5.8358316
4.0811062
2.848756
1.9852003
1.3813133
0.9598048
0.66609405
0.46175114
0.31977876
0.22126497
0.15298002
0.10569694
0.072982536
0.050365396
0.034739423
0.023948585
0.016502231
0.011364858
0.0078224995
0.0053807585
0.0036979113
0.0025394751
0.0017415621
0.0011922079
0.00081505044
0.0005558814
0.00037787747
0.00025607651
0.00017212876
0.00011560145
7.670071e-05
5.0322113e-05
3.2591457e-05
2.0531908e-05
1.26513e-05
7.4881344e-06
4.01436e-06
1.855461e-06
4.5890855e-07
259.74192
187.45504
134.76701
96.527092
68.894583
49.00944
34.755173
24.574749
17.328938
12.188483
8.5526712
5.9883365
4.1844476
2.9185736
2.0322354
1.4129139
0.98097782
0.68024543
0.47118481
0.32605536
0.22543025
0.15573825
0.10751741
0.074182309
0.051154743
0.035256118
0.024288073
0.016723051
0.011508506
0.0079155653
0.0054411308
0.0037374497
0.0025645189
0.0017579546
0.0012025671
0.00082129985
0.00055966337
0.00038066538
0.00025754473
0.00017336245
0.00011586133
7.6973154e-05
5.0593913e-05
3.2721756e-05
2.0755642e-05
1.264548e-05
7.3395239e-06
4.01436e-06
1.858282e-06
4.5890855e-07
267.98255
193.28529
138.8718
99.403228
70.900669
50.402603
35.718673
25.238457
17.784405
12.499914
8.764882
6.1324632
4.2820258
2.9844396
2.0765666
1.4426696
1.0008984
0.69354681
0.48004425
0.33194232
0.22933265
0.15831895
0.10922092
0.075303963
0.051889981
0.035737954
0.024602392
0.016928374
0.011641759
0.0080017166
0.0054968486
0.0037727521
0.0025873375
0.0017717532
0.0012118127
0.00082728223
0.00056290095
0.00038282831
0.00025891717
0.0001741905
0.00011627181
7.7232462e-05
5.0594059e-05
3.270862e-05
2.0668028e-05
1.2727421e-05
7.4848285e-06
4.01436e-06
1.8377968e-06
4.5890855e-07
275.80519
198.81625
142.76327
102.128
72.799823
51.72054
36.629463
25.865377
18.214289
12.79362
8.9648541
6.2681648
4.3738236
3.0463514
2.1182046
1.4705918
1.0195734
0.70600691
0.48833587
0.33744601
0.23297657
0.16072735
0.11080799
0.076347043
0.052574678
0.036186121
0.024895005
0.017119053
0.011766084
0.0080813656
0.0055479748
0.0038056265
0.0026079801
0.0017852899
0.0012202736
0.00083239339
0.00056675866
0.0003847193
0.00026016883
0.00017487293
0.00011709509
7.7517046e-05
5.0866005e-05
3.2924399e-05
2.0661064e-05
1.2794237e-05
7.4848285e-06
4.0886653e-06
1.8362171e-06
4.5890855e-07
283.20004
204.04154
146.43734
104.69886
74.590499
52.962347
37.487037
26.455242
18.618465
13.069554
9.1525824
6.3954603
4.459867
3.1043359
2.1571661
1.4967007
1.0370224
0.71763638
0.4960702
0.34257604
0.23637168
0.16296818
0.11228292
0.077316789
0.053210547
0.036602892
0.025165329
0.01729468
0.011880034
0.0081556876
0.0055955704
0.0038364121
0.002627293
0.0017973166
0.0012281552
0.00083764145
0.00056945335
0.0003864464
0.00026122608
0.00017539204
0.00011749301
7.7801629e-05
5.0853367e-05
3.2835641e-05
2.0809675e-05
1.2787772e-05
7.4848285e-06
4.0112006e-06
1.8759462e-06
4.5890855e-07
290.16148
208.95768
149.89196
107.11465
76.272095
54.127744
38.291312
27.008067
18.996999
13.327797
9.328148
6.5144211
4.5402193
3.1584416
2.193495
1.5210263
1.0532657
0.72845535
0.50325707
0.34733829
0.23951892
0.16504422
0.11364983
0.078213675
0.053797294
0.036984551
0.02541562
0.017457025
0.011984349
0.008223674
0.0056393478
0.0038637974
0.0026451807
0.0018087025
0.0012352006
0.00084166482
0.0005727414
0.00038837522
0.00026216738
0.00017623315
0.00011762585
7.8073077e-05
5.1151087e-05
3.3060372e-05
2.0958285e-05
1.2787273e-05
7.4811707e-06
4.0523176e-06
1.8387936e-06
4.5890855e-07
296.68761
213.56377
153.12686
109.37547
77.844856
55.217053
39.0426
27.524139
19.350133
13.568551
9.4917089
6.6251712
4.6149693
3.208745
2.2272457
1.5436063
1.0683325
0.73848425
0.50991535
0.35174659
0.24243275
0.16696301
0.11491219
0.07904044
0.054337921
0.037338081
0.025644435
0.017606379
0.012080679
0.0082857032
0.0056793797
0.0038897138
0.0026612557
0.0018193384
0.0012417268
0.0008457492
0.00057524473
0.00039001946
0.00026328044
0.00017677705
0.00011816967
7.8047801e-05
5.1125812e-05
3.3053907e-05
2.0892114e-05
1.2787273e-05
7.4811707e-06
4.0855059e-06
1.855461e-06
4.5905508e-07
302.77989
217.8612
156.14338
111.48248
79.309793
56.231086
39.741555
28.003965
19.67826
13.792111
9.6434913
6.7278775
4.6842482
3.2553304
2.2584802
1.5644908
1.0822584
0.74774507
0.51605742
0.35581162
0.24511522
0.16872891
0.11607225
0.079801281
0.054835036
0.03766229
0.025855516
0.017742301
0.012169384
0.0083425092
0.0057154931
0.0039125319
0.0026762689
0.0018286103
0.0012477353
0.00084958214
0.00057706726
0.00039108197
0.00026408357
0.00017732051
0.00011860549
7.8332883e-05
5.1112529e-05
3.312903e-05
2.0952113e-05
1.2787772e-05
7.5631114e-06
4.0112006e-06
1.8373604e-06
4.5890855e-07
308.44275
221.85338
158.94428
113.43786
80.668565
57.17111
40.389126
28.448259
19.981901
13.998862
9.7837761
6.8227404
4.7481944
3.2983032
2.2872749
1.5837305
1.0950779
0.75626576
0.52170474
0.3595459
0.24757844
0.17035024
0.11713508
0.080496927
0.055289831
0.037958166
0.026048103
0.017866852
0.012248957
0.0083939116
0.0057481007
0.0039336821
0.0026901576
0.0018367429
0.001252846
0.00085284499
0.0005792686
0.00039244177
0.00026461539
0.00017759246
0.00011858079
7.8484127e-05
5.1422886e-05
3.312321e-05
2.0885297e-05
1.2787918e-05
7.5478404e-06
4.0113472e-06
1.8556076e-06
4.5890855e-07
313.68316
225.54544
161.53351
115.2446
81.923393
58.038765
40.986515
28.857891
20.261693
14.18926
9.9128859
6.909998
4.8069758
3.3377805
2.3137112
1.6013828
1.1068329
0.76407038
0.5268754
0.36296388
0.24983075
0.17183071
0.11810581
0.081132242
0.055704275
0.038227453
0.026222047
0.017979438
0.012321777
0.0084409534
0.0057783171
0.0039533742
0.0027021237
0.0018443326
0.0012575
0.00085580586
0.00058114175
0.00039323276
0.00026515929
0.00017785169
0.00011888271
7.8604331e-05
5.140975e-05
3.3256696e-05
2.0873157e-05
1.2781453e-05
7.4844766e-06
4.01436e-06
1.8576991e-06
4.5890855e-07
318.51015
228.94395
163.916
116.90638
83.076987
58.836015
41.53514
29.233875
20.518358
14.363821
10.031187
6.9899019
4.8607745
3.3738919
2.3378769
1.6175093
1.1175656
0.77119426
0.53159158
0.36607592
0.25188132
0.17317804
0.11898859
0.081708715
0.056079407
0.038471548
0.026380914
0.018082284
0.012387915
0.0084825153
0.0058052708
0.0039704757
0.0027126738
0.0018514279
0.0012618512
0.0008585869
0.00058253195
0.00039433325
0.00026615114
0.00017840872
0.00011870668
7.8591693e-05
5.1397611e-05
3.3271967e-05
2.0863707e-05
1.2781101e-05
7.4843301e-06
4.0112006e-06
1.8389401e-06
4.5805826e-07
322.93423
232.05671
166.09749
118.42752
84.132461
59.565086
42.03659
29.577344
20.752693
14.523106
10.139076
7.0627341
4.9097796
3.4067667
2.3598658
1.6321733
1.1273186
0.77766286
0.53587145
0.36890087
0.25373861
0.17439744
0.11978709
0.082229762
0.056418846
0.038692418
0.026523362
0.018174151
0.012447528
0.0085206134
0.0058294181
0.0039853774
0.0027215769
0.0018571698
0.0012656584
0.0008604342
0.00058416312
0.00039514859
0.00026623436
0.00017881401
0.00011925752
7.8755575e-05
5.1694832e-05
3.3265003e-05
2.0946292e-05
1.2787273e-05
7.4848285e-06
4.01436e-06
1.8387936e-06
4.5791173e-07
326.96646
234.89267
168.08428
119.81274
85.093231
60.228416
42.492581
29.889512
20.965556
14.667712
10.236966
7.1287813
4.9541982
3.4365494
2.3797738
1.6454427
1.1361394
0.78351022
0.53973677
0.37144787
0.25541374
0.17549724
0.12050665
0.082698545
0.056725219
0.038890395
0.026651822
0.018256278
0.01249969
0.0085551953
0.0058509576
0.0039989489
0.0027308988
0.0018628749
0.0012689212
0.00086320421
0.00058522563
0.0003956677
0.00026695434
0.00017895261
0.00011927585
7.8876775e-05
5.1694978e-05
3.317689e-05
2.0879124e-05
1.2787772e-05
7.4811707e-06
4.0553304e-06
1.8379433e-06
4.5890855e-07
330.61702
237.4621
169.88316
121.0671
85.962981
60.828604
42.904954
30.171656
21.157837
14.798263
10.325295
7.1883425
4.9942352
3.4633771
2.3976977
1.6573845
1.1440703
0.7887641
0.54320853
0.37373428
0.25691645
0.17648044
0.12114943
0.083118962
0.056997647
0.039067098
0.026765988
0.018330298
0.012547336
0.0085848425
0.0058702599
0.0040108897
0.0027387799
0.0018672013
0.0012722103
0.00086483596
0.00058633876
0.00039664216
0.00026734749
0.00017894005
0.00011939606
7.8876276e-05
5.1694978e-05
3.3265501e-05
2.0939475e-05
1.2787273e-05
7.5662708e-06
4.01436e-06
1.8387936e-06
4.5791173e-07
333.89314
239.77729
171.50179
122.19593
86.74556
61.368376
43.275607
30.425111
21.330464
14.915404
10.404507
7.2417275
5.0301015
3.4873974
2.4137377
1.6680639
1.1511611
0.79345744
0.54630653
0.37577625
0.25825723
0.17735899
0.12172279
0.083491588
0.057239566
0.039223204
0.026867202
0.01839497
0.012589267
0.0086108486
0.0058874487
0.0040218176
0.0027447481
0.0018718191
0.0012743353
0.00086646813
0.00058742655
0.00039720338
0.00026748602
0.00017934483
0.00011951676
7.8863639e-05
5.1682194e-05
3.317689e-05
2.0939827e-05
1.2787273e-05
7.4780113e-06
4.0553304e-06
1.8387936e-06
4.5890855e-07
241.84676
172.94844
123.20472
87.444941
61.850525
43.606494
30.651234
21.484382
15.019786
10.47505
7.2892463
5.0620084
3.5087561
2.4279908
1.6775476
1.1574523
0.79762091
0.54905318
0.37758121
0.25944185
0.1781345
0.12222855
0.083821237
0.057452842
0.039361353
0.0269564
0.018452078
0.012625707
0.0086345526
0.0059015389
0.0040311249
0.0027513511
0.0018753597
0.0012765357
0.00086753064
0.00058821184
0.00039760924
0.00026789088
0.00017935003
0.00011951733
7.916086e-05
5.138512e-05
3.3176743e-05
2.0878978e-05
1.2780954e-05
7.4780113e-06
4.01436e-06
1.8389401e-06
4.596984e-07
243.68661
174.23254
124.09915
88.065163
62.277895
43.899602
30.851399
21.620532
15.112061
10.537373
7.3312042
5.0901644
3.5275931
2.4405559
1.6859027
1.1629928
0.80128337
0.55146858
0.37917008
0.26048285
0.17881444
0.12267189
0.084109498
0.057639437
0.039482147
0.027033049
0.018501522
0.012657192
0.0086549791
0.0059142902
0.0040386634
0.0027561845
0.0018786477
0.0012781421
0.00086885975
0.00058905815
0.00039816527
0.00026817539
0.00017964725
0.00011951676
7.9161358e-05
5.1681842e-05
3.3249732e-05
2.0879124e-05
1.2781453e-05
7.4811707e-06
4.01436e-06
1.8389401e-06
4.5984493e-07
245.29777
175.36346
124.88515
88.610294
62.653338
44.156901
31.026963
21.739859
15.192882
10.591927
7.3679125
5.1147897
3.54406
2.4515313
1.6931968
1.1678265
0.80447719
0.55357126
0.38055161
0.26138847
0.17940493
0.12305636
0.0843586
0.057800378
0.039586624
0.027099937
0.018544539
0.012684069
0.0086720816
0.0059249262
0.0040457488
0.0027596746
0.0018807986
0.0012803688
0.00086970563
0.00058936113
0.0003982607
0.0002683145
0.00017976845
0.00011995258
7.9148222e-05
5.1518459e-05
3.3183062e-05
2.0946146e-05
1.2780954e-05
7.4816691e-06
4.01436e-06
1.8592788e-06
4.5890855e-07
176.34848
125.56873
89.084352
62.979663
44.380363
31.179321
21.843322
15.26291
10.639168
7.3996754
5.1360841
3.5582904
2.461012
1.6994924
1.1719949
0.80722819
0.55538189
0.38173881
0.26216277
0.17991206
0.123386
0.084571805
0.057938476
0.039674684
0.02715764
0.01858012
0.012707241
0.0086862834
0.0059347062
0.0040514648
0.0027635323
0.0018827075
0.0012814308
0.00087022482
0.00059017121
0.00039853314
0.0002684347
0.00017990129
0.00011981932
7.8863639e-05
5.1681842e-05
3.324356e-05
2.0951966e-05
1.2787772e-05
7.4816691e-06
4.0584898e-06
1.8608585e-06
4.5890855e-07
177.19842
126.15623
89.491349
63.259705
44.571944
31.309783
21.931815
15.322763
10.679511
7.4267896
5.1542478
3.5704191
2.4690861
1.7048515
1.1755389
0.80956464
0.55691783
0.38274561
0.26282325
0.18034004
0.12366382
0.084751188
0.058054314
0.039748603
0.027204363
0.018610894
0.01272681
0.008698465
0.0059420792
0.0040557654
0.0027661658
0.0018851491
0.0012822519
0.00087103482
0.00059071517
0.00039896897
0.00026842264
0.00017975531
0.00011995308
7.9148721e-05
5.1682341e-05
3.317689e-05
2.0946146e-05
1.2780954e-05
7.4848285e-06
4.0876685e-06
1.8759462e-06
4.596984e-07
177.91628
126.65362
89.835159
63.496101
44.733476
31.419627
22.006213
15.37304
10.713376
7.4495309
5.16947
3.580579
2.4758422
1.7093293
1.1784976
0.81151405
0.55819598
0.38358267
0.26336704
0.18069519
0.12389352
0.084899177
0.058149556
0.039810707
0.027243574
0.01863537
0.012741988
0.0087080395
0.0059477696
0.0040604343
0.0027693242
0.0018865648
0.0012833654
0.00087131253
0.00059068982
0.00039907696
0.00026857338
0.00017975581
0.00011995308
7.9148222e-05
5.1682341e-05
3.3177388e-05
2.0872659e-05
1.2853943e-05
7.5667692e-06
4.01436e-06
1.8387936e-06
4.5984493e-07
178.55238
127.09964
90.142134
63.706894
44.877287
31.517226
22.072183
15.417591
10.743351
7.4696395
5.1829215
3.5895468
2.481799
1.7132736
1.1810996
0.81322285
0.55931692
0.38431424
0.26384284
0.1810024
0.12409192
0.085026829
0.058232227
0.039862921
0.027276158
0.018656581
0.012755103
0.0087158443
0.005952906
0.0040634562
0.0027706034
0.0018873247
0.0012835563
0.00087188127
0.00059066512
0.00039895633
0.0002685302
0.00017962255
0.0001199653
7.916086e-05
5.1682194e-05
3.317689e-05
2.0879124e-05
1.2869712e-05
7.4811707e-06
4.0476949e-06
1.855461e-06
4.5890855e-07
127.47981
90.402422
63.885057
44.998498
31.599226
22.127388
15.454844
10.768383
7.4864097
5.1941237
3.597
2.4867423
1.7165379
1.183248
0.81463153
0.56023731
0.38491247
0.26423193
0.18125198
0.12425286
0.085129736
0.058296355
0.039903068
0.027302797
0.018672354
0.01276516
0.0087223962
0.0059563859
0.0040650627
0.0027722602
0.0018881969
0.0012847451
0.00087218419
0.00059069039
0.00039907696
0.00026869408
0.00017987659
0.00011981982
7.8997477e-05
5.1681842e-05
3.3183707e-05
2.0946146e-05
1.285409e-05
7.4848285e-06
4.01436e-06
1.8570407e-06
4.5984493e-07
127.76912
90.59708
64.017245
45.08797
31.659393
22.167572
15.481959
10.786573
7.4985724
5.2022275
3.6023804
2.4902973
1.7188762
1.1847788
0.8156312
0.56088606
0.38533056
0.26449993
0.18142559
0.12436278
0.085199938
0.058339867
0.039930968
0.02731853
0.018683283
0.012771143
0.0087262288
0.0059583201
0.0040667449
0.0027728037
0.0018887045
0.0012847199
0.000871856
0.00059066505
0.00039924091
0.00026842206
0.00017990129
0.00011981932
7.8996978e-05
5.1681842e-05
3.3332318e-05
2.0878978e-05
1.2936529e-05
7.3357196e-06
4.0166692e-06
1.8032207e-06
4.596984e-07
127.96327
90.72566
64.103257
45.145544
31.697623
22.192572
15.498876
10.79791
7.5061237
5.207238
3.605685
2.4924663
1.7202919
1.1856976
0.81622359
0.56126461
0.38557276
0.26465275
0.18152013
0.12442266
0.085236439
0.058362761
0.039944505
0.027326678
0.018687316
0.012773912
0.008727558
0.0059591301
0.004066453
0.0027728037
0.0018886797
0.0012844531
0.00087214788
0.00059069032
0.00039913235
0.00026858652
0.00017975588
0.00011995258
7.88515e-05
5.1561639e-05
3.3249878e-05
2.0945794e-05
1.2787273e-05
7.336218e-06
4.0584898e-06
1.8022238e-06
4.596984e-07
128.06097
90.788628
64.143788
45.171748
31.714297
22.20248
15.505708
10.802532
7.5091825
5.2092373
3.6069763
2.4932891
1.7208118
1.1860213
0.81642168
0.56138426
0.38564227
0.26469305
0.18154307
0.12443354
0.085241274
0.058363849
0.039943315
0.027325006
0.018685623
0.012772497
0.0087262293
0.005958612
0.0040655813
0.0027716911
0.0018882222
0.0012841755
0.00087188177
0.00059009538
0.0003989684
0.00026871928
0.00017976802
0.00011953516
7.8996978e-05
5.1681842e-05
3.3183062e-05
2.0878978e-05
1.2869712e-05
7.4178069e-06
4.0175194e-06
1.8032207e-06
4.596984e-07
)
;

boundaryField
{
    inletLow
    {
        type            calculated;
        value           nonuniform List<scalar> 0();
    }
    inletJet
    {
        type            calculated;
        value           nonuniform List<scalar> 0();
    }
    inletHigh
    {
        type            calculated;
        value           nonuniform List<scalar> 0();
    }
    outlet
    {
        type            calculated;
        value           uniform 0;
    }
    upperWall
    {
        type            calculated;
        value           nonuniform List<scalar> 0();
    }
    lowerWall
    {
        type            calculated;
        value           uniform 0;
    }
    frontAndBack
    {
        type            empty;
    }
    procBoundary4to0
    {
        type            processor;
        value           nonuniform List<scalar> 6(128.05788 90.790266 64.14419 45.171164 31.713957 22.204189);
    }
    procBoundary4to1
    {
        type            processor;
        value           nonuniform List<scalar> 
41
(
15.504444
10.801935
7.5089041
5.209084
3.6068881
2.4932381
1.7207815
1.1860026
0.81641015
0.56137773
0.38563851
0.26469092
0.18154209
0.1244325
0.08524079
0.058363899
0.039943367
0.027325057
0.018686001
0.012772558
0.0087256348
0.0059586726
0.0040655808
0.0027720183
0.0018878686
0.001284176
0.00087164029
0.00059036263
0.0003990891
0.00026842214
0.00017976795
0.00011951683
7.8864137e-05
5.1561639e-05
3.3250377e-05
2.0803356e-05
1.2869712e-05
7.4843301e-06
4.0476949e-06
1.801641e-06
4.5890855e-07
)
;
    }
    procBoundary4to5
    {
        type            processor;
        value           nonuniform List<scalar> 
69
(
8.6306236
8.8976906
9.4232026
10.215073
11.294765
12.695372
14.460371
16.642581
19.303144
22.510332
26.337994
30.86368
36.166309
42.323568
49.408975
57.488902
66.619559
76.844235
88.190895
100.67028
114.27464
128.97715
144.73208
161.47557
179.12711
197.59145
216.76084
236.51747
256.73616
277.29093
218.80337
218.80337
233.86217
248.86584
263.73715
278.39912
292.78
306.81474
320.44559
333.62234
346.30234
358.45039
370.03847
381.04539
391.45633
401.26235
410.45989
419.05012
427.03847
434.43398
441.24878
447.49766
453.19774
458.36879
463.03441
336.82548
336.82548
339.47942
341.80678
246.72
246.72
247.95639
248.99749
249.92821
179.10905
179.10905
179.53758
179.82127
179.96711
)
;
    }
}


// ************************************************************************* //
