/*--------------------------------*- C++ -*----------------------------------*\
| =========                 |                                                 |
| \\      /  F ield         | OpenFOAM: The Open Source CFD Toolbox           |
|  \\    /   O peration     | Version:  2312                                  |
|   \\  /    A nd           | Website:  www.openfoam.com                      |
|    \\/     M anipulation  |                                                 |
\*---------------------------------------------------------------------------*/
FoamFile
{
    version     2.0;
    format      ascii;
    arch        "LSB;label=32;scalar=64";
    class       volVectorField;
    location    "0.05";
    object      U;
}
// * * * * * * * * * * * * * * * * * * * * * * * * * * * * * * * * * * * * * //

dimensions      [0 1 -1 0 0 0 0];

internalField   nonuniform List<vector> 
3257
(
(0.16256977 -0.58597909 0)
(0.15568005 -0.57569863 0)
(0.14891261 -0.56555093 0)
(0.14226634 -0.55553076 0)
(0.13574032 -0.54563288 0)
(0.12933382 -0.53585211 0)
(0.12304625 -0.52618345 0)
(0.11687726 -0.51662206 0)
(0.11082666 -0.50716335 0)
(0.10489443 -0.49780301 0)
(0.099080725 -0.48853707 0)
(0.093385847 -0.47936193 0)
(0.087810229 -0.47027442 0)
(0.082354429 -0.46127185 0)
(0.07701911 -0.45235199 0)
(0.071805028 -0.44351318 0)
(0.066713013 -0.43475432 0)
(0.061743957 -0.42607491 0)
(0.056898794 -0.41747507 0)
(0.05217849 -0.40895558 0)
(0.047584023 -0.40051788 0)
(0.043116375 -0.3921641 0)
(0.038776514 -0.38389709 0)
(0.034565382 -0.37572038 0)
(0.030483887 -0.36763826 0)
(0.026532894 -0.35965574 0)
(0.02271321 -0.35177854 0)
(0.019025585 -0.34401314 0)
(0.015470703 -0.33636677 0)
(0.01204918 -0.32884736 0)
(0.0087615627 -0.32146361 0)
(0.0056083323 -0.31422495 0)
(0.0025899058 -0.30714156 0)
(-0.00029335308 -0.30022434 0)
(-0.0030411241 -0.293485 0)
(-0.0056531181 -0.286936 0)
(-0.0081290591 -0.28059064 0)
(-0.010468658 -0.27446311 0)
(-0.012671582 -0.26856853 0)
(-0.014737413 -0.26292313 0)
(-0.016665602 -0.25754437 0)
(-0.018455404 -0.25245117 0)
(-0.02010581 -0.24766419 0)
(-0.021615496 -0.24320625 0)
(-0.022982761 -0.23910298 0)
(-0.024205081 -0.23538371 0)
(-0.025278037 -0.23208227 0)
(-0.026196798 -0.22923767 0)
(-0.026970705 -0.22690183 0)
(-0.027640619 -0.22517543 0)
(-0.028164035 -0.22425678 0)
(0.16257552 -0.54916339 0)
(0.15561292 -0.53969284 0)
(0.14877499 -0.53035319 0)
(0.14206053 -0.52113892 0)
(0.13546857 -0.51204455 0)
(0.12899831 -0.50306471 0)
(0.12264916 -0.49419415 0)
(0.11642071 -0.48542785 0)
(0.11031273 -0.476761 0)
(0.10432519 -0.46818912 0)
(0.098458197 -0.45970805 0)
(0.092712015 -0.45131403 0)
(0.087087044 -0.44300372 0)
(0.081583805 -0.43477425 0)
(0.076202922 -0.42662325 0)
(0.070945112 -0.41854889 0)
(0.065811164 -0.41054994 0)
(0.060801925 -0.40262572 0)
(0.055918285 -0.39477622 0)
(0.051161161 -0.38700206 0)
(0.04653148 -0.37930455 0)
(0.042030166 -0.37168568 0)
(0.037658128 -0.36414814 0)
(0.033416243 -0.35669536 0)
(0.029305348 -0.34933147 0)
(0.025326224 -0.34206137 0)
(0.021479594 -0.33489067 0)
(0.017766107 -0.32782576 0)
(0.014186336 -0.32087377 0)
(0.010740769 -0.31404258 0)
(0.0074298111 -0.30734083 0)
(0.0042537745 -0.30077793 0)
(0.0012128833 -0.29436407 0)
(-0.0016927282 -0.28811021 0)
(-0.0044630144 -0.28202812 0)
(-0.0070980122 -0.27613041 0)
(-0.0095978378 -0.27043057 0)
(-0.011962684 -0.26494305 0)
(-0.014192819 -0.25968332 0)
(-0.016288589 -0.25466805 0)
(-0.01825043 -0.24991522 0)
(-0.020078887 -0.2454444 0)
(-0.021774686 -0.24127703 0)
(-0.023338921 -0.23743675 0)
(-0.024773336 -0.23394991 0)
(-0.026080043 -0.2308461 0)
(-0.027260212 -0.22815834 0)
(-0.028318792 -0.22592267 0)
(-0.029297413 -0.22418012 0)
(-0.030310623 -0.22298994 0)
(-0.031263356 -0.22243393 0)
(0.16321022 -0.52388015 0)
(0.15610853 -0.51493994 0)
(0.14913572 -0.50613049 0)
(0.14229056 -0.49744612 0)
(0.13557201 -0.48888119 0)
(0.12897921 -0.48043015 0)
(0.1225115 -0.47208763 0)
(0.1161684 -0.46384843 0)
(0.10994963 -0.45570762 0)
(0.10385508 -0.44766057 0)
(0.097884796 -0.43970299 0)
(0.092038974 -0.43183099 0)
(0.08631794 -0.4240411 0)
(0.080722138 -0.41633032 0)
(0.075252118 -0.40869617 0)
(0.069908511 -0.40113671 0)
(0.064692022 -0.39365054 0)
(0.059603409 -0.38623691 0)
(0.054643466 -0.37889565 0)
(0.049813009 -0.37162728 0)
(0.04511286 -0.36443297 0)
(0.040543828 -0.35731459 0)
(0.0361067 -0.3502747 0)
(0.031802221 -0.3433166 0)
(0.027631086 -0.33644432 0)
(0.023593919 -0.3296626 0)
(0.019691273 -0.32297695 0)
(0.015923606 -0.31639363 0)
(0.01229128 -0.30991966 0)
(0.0087945493 -0.30356279 0)
(0.0054335479 -0.29733157 0)
(0.0022082848 -0.2912353 0)
(-0.00088136728 -0.28528406 0)
(-0.0038356809 -0.27948872 0)
(-0.0066550859 -0.27386097 0)
(-0.0093401828 -0.2684133 0)
(-0.011891762 -0.26315913 0)
(-0.014310832 -0.25811275 0)
(-0.016598657 -0.25328951 0)
(-0.018756815 -0.24870583 0)
(-0.020787282 -0.24437937 0)
(-0.02269255 -0.24032918 0)
(-0.024475834 -0.23657584 0)
(-0.026141461 -0.23314161 0)
(-0.02769539 -0.23005056 0)
(-0.029144934 -0.22732851 0)
(-0.030496933 -0.22500242 0)
(-0.031763795 -0.22309867 0)
(-0.033006857 -0.22164197 0)
(-0.034380151 -0.22066209 0)
(-0.035725179 -0.22019992 0)
(0.16424368 -0.49982003 0)
(0.15694785 -0.49137794 0)
(0.14978677 -0.48306671 0)
(0.14275915 -0.4748805 0)
(0.13586386 -0.46681353 0)
(0.12909999 -0.4588601 0)
(0.12246677 -0.45101468 0)
(0.11596365 -0.44327195 0)
(0.10959026 -0.43562684 0)
(0.10334637 -0.42807458 0)
(0.097231955 -0.42061076 0)
(0.091247088 -0.41323137 0)
(0.08539199 -0.40593281 0)
(0.079666995 -0.39871196 0)
(0.074072529 -0.39156621 0)
(0.068609101 -0.38449349 0)
(0.063277286 -0.3774923 0)
(0.058077703 -0.37056173 0)
(0.053011002 -0.36370151 0)
(0.048077847 -0.35691201 0)
(0.043278898 -0.35019426 0)
(0.038614794 -0.34355001 0)
(0.034086137 -0.33698166 0)
(0.029693478 -0.33049238 0)
(0.025437299 -0.32408602 0)
(0.021317998 -0.3177672 0)
(0.017335876 -0.31154126 0)
(0.013491122 -0.30541429 0)
(0.0097837965 -0.29939313 0)
(0.0062138198 -0.29348538 0)
(0.0027809544 -0.2876994 0)
(-0.00051521028 -0.28204428 0)
(-0.0036752768 -0.27652991 0)
(-0.0067000611 -0.27116693 0)
(-0.0095906178 -0.26596676 0)
(-0.012348272 -0.26094162 0)
(-0.014974663 -0.25610457 0)
(-0.017471794 -0.25146948 0)
(-0.019842111 -0.24705115 0)
(-0.022088597 -0.24286531 0)
(-0.024214905 -0.23892867 0)
(-0.026225531 -0.235259 0)
(-0.028126077 -0.23187511 0)
(-0.029923704 -0.22879679 0)
(-0.031627692 -0.22604464 0)
(-0.033248913 -0.22363962 0)
(-0.034797113 -0.22160209 0)
(-0.03628701 -0.21994969 0)
(-0.037789187 -0.21869571 0)
(-0.039482458 -0.21785492 0)
(-0.041155437 -0.21745399 0)
(0.16556569 -0.47679758 0)
(0.15802831 -0.46882298 0)
(0.150633 -0.46097966 0)
(0.14337835 -0.45326163 0)
(0.13626319 -0.44566294 0)
(0.12928648 -0.43817776 0)
(0.12244736 -0.43080043 0)
(0.11574517 -0.42352548 0)
(0.10917942 -0.41634772 0)
(0.10274977 -0.40926226 0)
(0.096456037 -0.40226457 0)
(0.090298182 -0.3953505 0)
(0.084276277 -0.38851634 0)
(0.078390502 -0.38175885 0)
(0.072641131 -0.3750753 0)
(0.067028506 -0.36846348 0)
(0.06155303 -0.36192177 0)
(0.056215141 -0.35544913 0)
(0.0510153 -0.34904515 0)
(0.04595397 -0.34271005 0)
(0.041031601 -0.33644472 0)
(0.036248608 -0.33025074 0)
(0.031605358 -0.32413037 0)
(0.027102147 -0.31808659 0)
(0.022739189 -0.31212308 0)
(0.018516591 -0.30624426 0)
(0.014434341 -0.30045527 0)
(0.010492289 -0.294762 0)
(0.0066901238 -0.28917106 0)
(0.0030273592 -0.2836898 0)
(-0.00049669116 -0.27832631 0)
(-0.003882936 -0.27308941 0)
(-0.007132534 -0.26798865 0)
(-0.010246924 -0.26303431 0)
(-0.013227865 -0.25823742 0)
(-0.016077477 -0.2536097 0)
(-0.018798304 -0.24916363 0)
(-0.021393383 -0.24491242 0)
(-0.023866335 -0.24087 0)
(-0.026221486 -0.23705105 0)
(-0.028464006 -0.23347094 0)
(-0.030600096 -0.23014575 0)
(-0.032637232 -0.22709211 0)
(-0.034584594 -0.22432703 0)
(-0.036453549 -0.22186754 0)
(-0.038256822 -0.21973015 0)
(-0.040004875 -0.21792982 0)
(-0.04171179 -0.21647803 0)
(-0.043452705 -0.21538117 0)
(-0.045426256 -0.21464618 0)
(-0.047381399 -0.21429258 0)
(0.16708123 -0.45500272 0)
(0.15926215 -0.44746206 0)
(0.15159366 -0.44005332 0)
(0.14407428 -0.43277034 0)
(0.13670271 -0.42560704 0)
(0.12947782 -0.41855746 0)
(0.12239862 -0.4116158 0)
(0.11546431 -0.40477648 0)
(0.10867428 -0.39803418 0)
(0.10202802 -0.39138391 0)
(0.095525215 -0.38482101 0)
(0.089165641 -0.37834122 0)
(0.082949202 -0.37194071 0)
(0.076875896 -0.36561613 0)
(0.070945804 -0.35936461 0)
(0.06515907 -0.35318384 0)
(0.059515887 -0.34707205 0)
(0.054016473 -0.34102807 0)
(0.048661059 -0.33505134 0)
(0.043449867 -0.32914194 0)
(0.038383093 -0.32330061 0)
(0.033460886 -0.31752872 0)
(0.028683328 -0.31182839 0)
(0.02405042 -0.30620237 0)
(0.019562055 -0.30065416 0)
(0.015218005 -0.29518794 0)
(0.011017895 -0.28980862 0)
(0.0069611854 -0.28452183 0)
(0.0030471466 -0.27933389 0)
(-0.00072516254 -0.27425185 0)
(-0.0043569227 -0.26928345 0)
(-0.0078495828 -0.26443714 0)
(-0.011204893 -0.25972206 0)
(-0.014424943 -0.25514801 0)
(-0.017512207 -0.25072545 0)
(-0.020469598 -0.24646551 0)
(-0.023300531 -0.24237991 0)
(-0.026009005 -0.23848098 0)
(-0.028599692 -0.23478164 0)
(-0.031078062 -0.23129528 0)
(-0.033450509 -0.2280358 0)
(-0.035724513 -0.22501742 0)
(-0.037908839 -0.22225457 0)
(-0.040013896 -0.21976162 0)
(-0.042052132 -0.21755246 0)
(-0.044036952 -0.21563997 0)
(-0.045978357 -0.21403515 0)
(-0.047888542 -0.2127454 0)
(-0.04984502 -0.21177311 0)
(-0.052063589 -0.21112077 0)
(-0.054264019 -0.21080364 0)
(0.16870305 -0.43440968 0)
(0.16056886 -0.42727106 0)
(0.15259484 -0.4202651 0)
(0.14477939 -0.41338552 0)
(0.13712109 -0.40662609 0)
(0.12961868 -0.39998074 0)
(0.12227105 -0.39344356 0)
(0.11507724 -0.38700884 0)
(0.10803646 -0.38067118 0)
(0.10114805 -0.37442545 0)
(0.094411508 -0.36826689 0)
(0.087826416 -0.36219115 0)
(0.081392478 -0.35619428 0)
(0.07510948 -0.35027281 0)
(0.068977283 -0.34442377 0)
(0.062995798 -0.33864471 0)
(0.057164974 -0.33293373 0)
(0.05148478 -0.32728953 0)
(0.04595518 -0.3217114 0)
(0.040576121 -0.31619926 0)
(0.035347508 -0.31075366 0)
(0.030269189 -0.30537583 0)
(0.025340928 -0.30006765 0)
(0.020562389 -0.29483167 0)
(0.015933116 -0.28967116 0)
(0.011452507 -0.28459005 0)
(0.0071197908 -0.27959298 0)
(0.0029340089 -0.27468525 0)
(-0.0011060154 -0.26987288 0)
(-0.0050017019 -0.26516255 0)
(-0.0087547439 -0.2605616 0)
(-0.012367141 -0.25607803 0)
(-0.015841233 -0.25172048 0)
(-0.019179748 -0.24749819 0)
(-0.022385844 -0.24342099 0)
(-0.025463168 -0.23949927 0)
(-0.02841592 -0.23574392 0)
(-0.031248932 -0.23216631 0)
(-0.033967752 -0.22877822 0)
(-0.036578749 -0.22559174 0)
(-0.039089226 -0.22261924 0)
(-0.041507538 -0.21987319 0)
(-0.043843235 -0.21736597 0)
(-0.046107355 -0.21510964 0)
(-0.048312744 -0.21311553 0)
(-0.050472815 -0.21139375 0)
(-0.052596608 -0.20995244 0)
(-0.054694022 -0.20879643 0)
(-0.056843762 -0.20792576 0)
(-0.059276875 -0.20734022 0)
(-0.061692087 -0.20705221 0)
(0.17035342 -0.41496475 0)
(0.16187697 -0.40819835 0)
(0.15357113 -0.40156541 0)
(0.14543417 -0.3950595 0)
(0.13746456 -0.3886743 0)
(0.12966087 -0.38240361 0)
(0.12202183 -0.37624142 0)
(0.11454635 -0.37018195 0)
(0.10723342 -0.36421966 0)
(0.10008223 -0.35834934 0)
(0.093092026 -0.35256615 0)
(0.086262205 -0.34686562 0)
(0.079592238 -0.3412437 0)
(0.073081674 -0.33569682 0)
(0.066730124 -0.33022188 0)
(0.060537242 -0.32481633 0)
(0.054502708 -0.31947814 0)
(0.048626207 -0.31420586 0)
(0.042907414 -0.30899863 0)
(0.037345968 -0.3038562 0)
(0.03194146 -0.29877896 0)
(0.026693404 -0.29376793 0)
(0.021601221 -0.28882478 0)
(0.016664215 -0.28395185 0)
(0.011881553 -0.27915212 0)
(0.0072522373 -0.27442927 0)
(0.0027750847 -0.26978763 0)
(-0.0015512999 -0.26523217 0)
(-0.005728551 -0.26076853 0)
(-0.0097585716 -0.256403 0)
(-0.013643564 -0.25214248 0)
(-0.017386065 -0.24799446 0)
(-0.020988981 -0.24396704 0)
(-0.024455635 -0.24006884 0)
(-0.027789809 -0.236309 0)
(-0.030995804 -0.23269712 0)
(-0.034078493 -0.22924323 0)
(-0.037043395 -0.2259577 0)
(-0.039896747 -0.22285116 0)
(-0.042645591 -0.21993446 0)
(-0.045297858 -0.21721852 0)
(-0.047862447 -0.21471419 0)
(-0.050349322 -0.2124321 0)
(-0.052769744 -0.21038237 0)
(-0.055136543 -0.20857432 0)
(-0.057462803 -0.20701596 0)
(-0.059756466 -0.20571347 0)
(-0.062025106 -0.20467 0)
(-0.064347847 -0.20388423 0)
(-0.066969398 -0.20335415 0)
(-0.069574048 -0.20309009 0)
(0.17196467 -0.39661647 0)
(0.16312451 -0.39019444 0)
(0.15446611 -0.38390661 0)
(0.14598761 -0.37774648 0)
(0.13768733 -0.37170761 0)
(0.12956369 -0.36578372 0)
(0.12161525 -0.35996869 0)
(0.11384072 -0.35425666 0)
(0.10623891 -0.34864201 0)
(0.098808777 -0.34311946 0)
(0.09154937 -0.33768405 0)
(0.084459833 -0.33233123 0)
(0.077539393 -0.32705687 0)
(0.070787341 -0.32185729 0)
(0.064203017 -0.3167293 0)
(0.057785794 -0.3116702 0)
(0.051535058 -0.30667786 0)
(0.045450192 -0.30175068 0)
(0.039530552 -0.29688765 0)
(0.033775455 -0.29208836 0)
(0.028184149 -0.28735301 0)
(0.0227558 -0.28268241 0)
(0.017489465 -0.27807803 0)
(0.012384071 -0.27354195 0)
(0.007438392 -0.26907689 0)
(0.0026510262 -0.26468624 0)
(-0.0019796316 -0.26037399 0)
(-0.0064554151 -0.25614477 0)
(-0.010778415 -0.25200383 0)
(-0.014951006 -0.24795702 0)
(-0.018975884 -0.24401077 0)
(-0.022856092 -0.24017205 0)
(-0.026595065 -0.23644837 0)
(-0.030196666 -0.23284772 0)
(-0.033665231 -0.22937852 0)
(-0.03700562 -0.22604959 0)
(-0.040223267 -0.22287008 0)
(-0.043324239 -0.21984937 0)
(-0.046315296 -0.21699703 0)
(-0.049203957 -0.21432272 0)
(-0.051998559 -0.21183605 0)
(-0.054708304 -0.20954648 0)
(-0.057343312 -0.20746312 0)
(-0.059914813 -0.20559456 0)
(-0.062435397 -0.2039485 0)
(-0.064917677 -0.20253143 0)
(-0.067368543 -0.20134814 0)
(-0.069793353 -0.20040071 0)
(-0.072271052 -0.19968704 0)
(-0.075058624 -0.19920384 0)
(-0.077831436 -0.19895978 0)
(0.17347886 -0.3793091 0)
(0.16425873 -0.37320554 0)
(0.1552321 -0.36723686 0)
(0.14639695 -0.36139646 0)
(0.13775143 -0.35567783 0)
(0.1292938 -0.3500746 0)
(0.12102244 -0.3445806 0)
(0.11293586 -0.33918987 0)
(0.10503266 -0.33389674 0)
(0.097311553 -0.32869583 0)
(0.089771361 -0.32358212 0)
(0.082410971 -0.318551 0)
(0.075229344 -0.31359822 0)
(0.068225492 -0.30872003 0)
(0.061398468 -0.30391312 0)
(0.054747342 -0.29917471 0)
(0.048271191 -0.29450252 0)
(0.041969074 -0.28989482 0)
(0.035840017 -0.28535047 0)
(0.029882991 -0.28086887 0)
(0.024096892 -0.27645004 0)
(0.01848052 -0.2720946 0)
(0.013032557 -0.26780377 0)
(0.0077515448 -0.26357939 0)
(0.0026358594 -0.25942392 0)
(-0.0023163106 -0.25534042 0)
(-0.007106991 -0.25133255 0)
(-0.011738448 -0.24740459 0)
(-0.016213216 -0.24356137 0)
(-0.020534124 -0.2398083 0)
(-0.024704331 -0.23615131 0)
(-0.028727355 -0.23259686 0)
(-0.032607109 -0.22915185 0)
(-0.036347937 -0.22582364 0)
(-0.039954658 -0.22261994 0)
(-0.043432602 -0.2195488 0)
(-0.046787659 -0.2166185 0)
(-0.050026322 -0.21383753 0)
(-0.053155737 -0.21121446 0)
(-0.056183744 -0.20875784 0)
(-0.059118922 -0.20647617 0)
(-0.061970607 -0.20437767 0)
(-0.064748914 -0.20247024 0)
(-0.067464893 -0.20076118 0)
(-0.070130783 -0.19925697 0)
(-0.072758693 -0.19796294 0)
(-0.07535458 -0.19688293 0)
(-0.07792175 -0.19601835 0)
(-0.080538451 -0.19536665 0)
(-0.083472697 -0.19492353 0)
(-0.08639566 -0.19469633 0)
(0.17484747 -0.36298346 0)
(0.16523582 -0.35717442 0)
(0.15582982 -0.35150082 0)
(0.14662732 -0.34595599 0)
(0.13762629 -0.34053335 0)
(0.12882483 -0.33522646 0)
(0.1202211 -0.33002909 0)
(0.1118134 -0.32493522 0)
(0.1036001 -0.31993913 0)
(0.095579691 -0.31503539 0)
(0.087750719 -0.3102189 0)
(0.08011181 -0.30548497 0)
(0.072661642 -0.30082931 0)
(0.065398935 -0.29624806 0)
(0.058322437 -0.29173783 0)
(0.051430903 -0.28729573 0)
(0.044723084 -0.28291936 0)
(0.038197703 -0.27860688 0)
(0.03185344 -0.27435697 0)
(0.025688913 -0.2701689 0)
(0.019702654 -0.2660425 0)
(0.01389309 -0.26197816 0)
(0.0082585217 -0.2579769 0)
(0.0027971004 -0.25404029 0)
(-0.0024931948 -0.25017052 0)
(-0.0076145818 -0.24637034 0)
(-0.0125695 -0.24264308 0)
(-0.017360635 -0.23899262 0)
(-0.021990946 -0.23542341 0)
(-0.026463695 -0.2319404 0)
(-0.030782472 -0.22854904 0)
(-0.034951229 -0.22525525 0)
(-0.03897431 -0.22206536 0)
(-0.042856484 -0.21898609 0)
(-0.04660298 -0.21602447 0)
(-0.050219522 -0.21318781 0)
(-0.053712365 -0.2104836 0)
(-0.057088329 -0.20791948 0)
(-0.060354833 -0.20550309 0)
(-0.063519928 -0.20324205 0)
(-0.066592317 -0.20114384 0)
(-0.069581357 -0.19921567 0)
(-0.072497059 -0.19746439 0)
(-0.075350219 -0.19589629 0)
(-0.07815268 -0.19451691 0)
(-0.080916068 -0.19333071 0)
(-0.083645557 -0.19234083 0)
(-0.086342567 -0.19154831 0)
(-0.089084189 -0.19095032 0)
(-0.092148337 -0.19054179 0)
(-0.095206117 -0.19032889 0)
(0.17603091 -0.34757855 0)
(0.16602035 -0.34204206 0)
(0.15622794 -0.33664139 0)
(0.14665136 -0.33136983 0)
(0.13728841 -0.32622074 0)
(0.12813699 -0.32118765 0)
(0.11919505 -0.31626428 0)
(0.11046067 -0.31144458 0)
(0.10193199 -0.30672276 0)
(0.093607238 -0.30209335 0)
(0.085484689 -0.29755122 0)
(0.077562689 -0.2930916 0)
(0.069839625 -0.28871015 0)
(0.06231391 -0.28440292 0)
(0.054983976 -0.28016646 0)
(0.047848251 -0.27599777 0)
(0.04090515 -0.27189435 0)
(0.034153051 -0.26785423 0)
(0.02759028 -0.26387596 0)
(0.021215092 -0.25995864 0)
(0.015025651 -0.25610191 0)
(0.0090200063 -0.25230599 0)
(0.0031960773 -0.24857164 0)
(-0.0024483733 -0.24490021 0)
(-0.0079157606 -0.2412936 0)
(-0.013208701 -0.23775425 0)
(-0.018330035 -0.23428515 0)
(-0.023282851 -0.23088983 0)
(-0.028070516 -0.22757232 0)
(-0.032696692 -0.22433713 0)
(-0.037165371 -0.22118925 0)
(-0.041480899 -0.21813406 0)
(-0.045648007 -0.21517733 0)
(-0.049671833 -0.2123252 0)
(-0.053557958 -0.20958403 0)
(-0.057312432 -0.20696044 0)
(-0.060941798 -0.2044612 0)
(-0.064453125 -0.20209314 0)
(-0.067854024 -0.19986312 0)
(-0.071152671 -0.19777791 0)
(-0.074357814 -0.1958441 0)
(-0.077478764 -0.19406804 0)
(-0.080525374 -0.19245574 0)
(-0.08350815 -0.19101266 0)
(-0.086438539 -0.18974359 0)
(-0.089327725 -0.18865236 0)
(-0.092180252 -0.18774162 0)
(-0.094995815 -0.18701215 0)
(-0.097849932 -0.18646104 0)
(-0.10102938 -0.18608254 0)
(-0.10420888 -0.1858818 0)
(0.17699795 -0.3330329 0)
(0.16658482 -0.32774884 0)
(0.15640257 -0.32260082 0)
(0.14644869 -0.31758206 0)
(0.1367208 -0.31268592 0)
(0.12721659 -0.30790588 0)
(0.11793382 -0.30323563 0)
(0.10887031 -0.2986691 0)
(0.10002396 -0.29420048 0)
(0.091392732 -0.28982425 0)
(0.082974626 -0.28553524 0)
(0.074767694 -0.28132866 0)
(0.066770019 -0.27720009 0)
(0.058979701 -0.27314555 0)
(0.051394845 -0.26916148 0)
(0.044013546 -0.26524483 0)
(0.036833872 -0.26139298 0)
(0.029853853 -0.25760384 0)
(0.023071454 -0.25387585 0)
(0.016484565 -0.25020793 0)
(0.010090978 -0.24659957 0)
(0.0038883679 -0.24305079 0)
(-0.0021257275 -0.23956213 0)
(-0.0079539292 -0.23613469 0)
(-0.013599039 -0.2327701 0)
(-0.019064059 -0.22947051 0)
(-0.024352218 -0.22623857 0)
(-0.029466991 -0.22307747 0)
(-0.034412125 -0.21999082 0)
(-0.039191659 -0.21698273 0)
(-0.043809956 -0.21405771 0)
(-0.048271718 -0.21122065 0)
(-0.052582018 -0.2084768 0)
(-0.05674632 -0.2058317 0)
(-0.060770504 -0.20329113 0)
(-0.064660888 -0.20086107 0)
(-0.068424248 -0.19854759 0)
(-0.072067836 -0.19635684 0)
(-0.075599396 -0.19429495 0)
(-0.079027172 -0.19236793 0)
(-0.082359906 -0.19058166 0)
(-0.08560682 -0.18894173 0)
(-0.088777585 -0.18745343 0)
(-0.091882414 -0.18612158 0)
(-0.094932369 -0.18495038 0)
(-0.097938252 -0.18394316 0)
(-0.10090412 -0.18310221 0)
(-0.10382809 -0.18242821 0)
(-0.10678372 -0.18191823 0)
(-0.11006573 -0.18156592 0)
(-0.11335573 -0.18137552 0)
(0.17772511 -0.31928551 0)
(0.16690902 -0.31423563 0)
(0.15633665 -0.30932176 0)
(0.14600533 -0.30453714 0)
(0.13591246 -0.29987508 0)
(0.12605554 -0.29532907 0)
(0.1164321 -0.29089278 0)
(0.10703972 -0.28656013 0)
(0.097876043 -0.28232529 0)
(0.088938751 -0.27818274 0)
(0.080225565 -0.27412727 0)
(0.071734237 -0.27015405 0)
(0.063462538 -0.26625864 0)
(0.055408246 -0.26243699 0)
(0.047569135 -0.25868551 0)
(0.03994296 -0.25500104 0)
(0.032527442 -0.25138089 0)
(0.025320253 -0.24782287 0)
(0.018319 -0.24432527 0)
(0.011521205 -0.24088689 0)
(0.0049242912 -0.23750706 0)
(-0.0014744404 -0.23418559 0)
(-0.0076778274 -0.23092284 0)
(-0.013688868 -0.22771965 0)
(-0.019510739 -0.22457741 0)
(-0.025146818 -0.22149796 0)
(-0.030600704 -0.21848365 0)
(-0.035876239 -0.21553732 0)
(-0.04097753 -0.21266221 0)
(-0.045908967 -0.20986201 0)
(-0.05067525 -0.2071408 0)
(-0.055281409 -0.20450301 0)
(-0.059732819 -0.20195337 0)
(-0.06403523 -0.19949689 0)
(-0.068194777 -0.1971388 0)
(-0.072218001 -0.19488447 0)
(-0.076111864 -0.19273939 0)
(-0.079883758 -0.19070905 0)
(-0.083541514 -0.18879895 0)
(-0.087093403 -0.18701445 0)
(-0.090548133 -0.18536077 0)
(-0.093914816 -0.1838429 0)
(-0.097202933 -0.18246553 0)
(-0.10042241 -0.18123293 0)
(-0.10358396 -0.18014883 0)
(-0.10669806 -0.1792162 0)
(-0.10976839 -0.17843707 0)
(-0.11279166 -0.17781207 0)
(-0.1158391 -0.17733832 0)
(-0.11921249 -0.17700892 0)
(-0.1226034 -0.17682729 0)
(0.17819595 -0.30627678 0)
(0.16697936 -0.30144456 0)
(0.15601937 -0.2967481 0)
(0.14531311 -0.29218064 0)
(0.13485782 -0.28773551 0)
(0.12465076 -0.28340619 0)
(0.11468924 -0.27918637 0)
(0.10497059 -0.27506996 0)
(0.095492187 -0.27105113 0)
(0.086251435 -0.26712435 0)
(0.077245764 -0.26328442 0)
(0.06847262 -0.25952648 0)
(0.05992946 -0.25584606 0)
(0.051613734 -0.25223908 0)
(0.043522882 -0.24870188 0)
(0.035654316 -0.24523126 0)
(0.028005407 -0.24182445 0)
(0.02057347 -0.23847916 0)
(0.013355753 -0.23519357 0)
(0.0063494141 -0.23196634 0)
(-0.00044849153 -0.22879665 0)
(-0.0070410301 -0.22568414 0)
(-0.013431408 -0.22262896 0)
(-0.019622991 -0.21963174 0)
(-0.02561932 -0.21669361 0)
(-0.031424134 -0.21381615 0)
(-0.037041387 -0.21100142 0)
(-0.042475267 -0.20825189 0)
(-0.047730219 -0.20557049 0)
(-0.052810962 -0.2029605 0)
(-0.057722505 -0.20042559 0)
(-0.062470173 -0.19796974 0)
(-0.067059617 -0.19559723 0)
(-0.071496832 -0.19331258 0)
(-0.075788177 -0.19112048 0)
(-0.079940378 -0.18902579 0)
(-0.083960547 -0.18703342 0)
(-0.087856183 -0.18514832 0)
(-0.091635173 -0.18337539 0)
(-0.095305793 -0.18171946 0)
(-0.098876695 -0.18018516 0)
(-0.10235687 -0.17877696 0)
(-0.10575563 -0.17749904 0)
(-0.10908263 -0.17635525 0)
(-0.11234824 -0.17534893 0)
(-0.11556267 -0.17448275 0)
(-0.11872937 -0.17375856 0)
(-0.12184375 -0.17317699 0)
(-0.12497441 -0.17273526 0)
(-0.12842937 -0.17242597 0)
(-0.13191295 -0.17225175 0)
(0.17840044 -0.2939492 0)
(0.16678822 -0.28931976 0)
(0.15544545 -0.28482561 0)
(0.14436907 -0.28045998 0)
(0.13355612 -0.27621624 0)
(0.12300364 -0.27208789 0)
(0.11270869 -0.26806863 0)
(0.10266836 -0.26415239 0)
(0.092879765 -0.26033336 0)
(0.083340016 -0.25660603 0)
(0.07404625 -0.25296518 0)
(0.064995606 -0.24940596 0)
(0.05618522 -0.24592388 0)
(0.047612216 -0.24251484 0)
(0.039273697 -0.23917514 0)
(0.03116673 -0.23590153 0)
(0.023288337 -0.23269117 0)
(0.01563548 -0.22954168 0)
(0.008205048 -0.22645116 0)
(0.00099383866 -0.22341813 0)
(-0.0060014536 -0.22044164 0)
(-0.012784257 -0.21752116 0)
(-0.019358137 -0.21465666 0)
(-0.025726817 -0.21184856 0)
(-0.031894189 -0.20909776 0)
(-0.03786434 -0.20640558 0)
(-0.04364156 -0.20377379 0)
(-0.049230369 -0.20120457 0)
(-0.054635529 -0.19870049 0)
(-0.05986206 -0.19626449 0)
(-0.064915262 -0.19389985 0)
(-0.069800725 -0.19161014 0)
(-0.074524347 -0.1893992 0)
(-0.079092345 -0.1872711 0)
(-0.083511267 -0.18523007 0)
(-0.087788001 -0.18328046 0)
(-0.091929779 -0.1814267 0)
(-0.095944181 -0.17967323 0)
(-0.099839133 -0.17802444 0)
(-0.1036229 -0.17648465 0)
(-0.10730407 -0.17505803 0)
(-0.11089152 -0.17374857 0)
(-0.11439437 -0.17256006 0)
(-0.11782206 -0.17149594 0)
(-0.12118466 -0.17055926 0)
(-0.12449215 -0.16975245 0)
(-0.12774785 -0.16907725 0)
(-0.130946 -0.1685343 0)
(-0.13415224 -0.16812097 0)
(-0.13768013 -0.16782936 0)
(-0.14124932 -0.16766134 0)
(0.17833412 -0.28224785 0)
(0.16633325 -0.27780789 0)
(0.15461455 -0.27350248 0)
(0.1431748 -0.26932489 0)
(0.13201081 -0.26526853 0)
(0.12111941 -0.26132694 0)
(0.11049743 -0.25749385 0)
(0.1001417 -0.25376323 0)
(0.090049059 -0.2501293 0)
(0.080216335 -0.24658655 0)
(0.070640367 -0.24312981 0)
(0.061317984 -0.23975423 0)
(0.052246004 -0.2364553 0)
(0.043421221 -0.23322893 0)
(0.034840402 -0.23007138 0)
(0.026500273 -0.22697937 0)
(0.018397508 -0.22394999 0)
(0.010528719 -0.22098082 0)
(0.0028904396 -0.21806982 0)
(-0.0045208854 -0.21521547 0)
(-0.011708917 -0.21241663 0)
(-0.018677436 -0.20967265 0)
(-0.02543036 -0.20698333 0)
(-0.031971754 -0.20434889 0)
(-0.038305854 -0.20177001 0)
(-0.044437075 -0.19924779 0)
(-0.050370032 -0.19678371 0)
(-0.056109556 -0.19437969 0)
(-0.061660707 -0.19203796 0)
(-0.067028788 -0.18976115 0)
(-0.072219365 -0.18755217 0)
(-0.077238273 -0.18541421 0)
(-0.082091632 -0.18335072 0)
(-0.086785857 -0.18136534 0)
(-0.091327663 -0.17946188 0)
(-0.095724076 -0.17764425 0)
(-0.099982428 -0.17591642 0)
(-0.10411037 -0.17428239 0)
(-0.10811584 -0.1727461 0)
(-0.11200709 -0.17131143 0)
(-0.11579264 -0.16998211 0)
(-0.11948126 -0.16876177 0)
(-0.12308192 -0.16765379 0)
(-0.12660384 -0.16666134 0)
(-0.13005681 -0.1657872 0)
(-0.13345063 -0.16503362 0)
(-0.1367886 -0.16440221 0)
(-0.1400639 -0.16389371 0)
(-0.14333898 -0.16350563 0)
(-0.14693214 -0.16322961 0)
(-0.15058089 -0.16306672 0)
(0.17799755 -0.2711209 0)
(0.16561668 -0.26685852 0)
(0.15353059 -0.26272972 0)
(0.1417358 -0.25872782 0)
(0.13022895 -0.25484626 0)
(0.11900665 -0.25107865 0)
(0.10806547 -0.24741877 0)
(0.097401996 -0.24386063 0)
(0.087012783 -0.2403985 0)
(0.076894385 -0.2370269 0)
(0.067043338 -0.2337407 0)
(0.057456162 -0.23053505 0)
(0.048129356 -0.22740549 0)
(0.039059389 -0.22434789 0)
(0.030242693 -0.22135852 0)
(0.021675654 -0.21843406 0)
(0.013354604 -0.21557157 0)
(0.005275808 -0.21276856 0)
(-0.0025645468 -0.21002293 0)
(-0.010170364 -0.20733304 0)
(-0.017545651 -0.20469766 0)
(-0.024694533 -0.20211599 0)
(-0.031621267 -0.19958768 0)
(-0.038330251 -0.19711278 0)
(-0.044826048 -0.19469176 0)
(-0.051113391 -0.1923255 0)
(-0.057197203 -0.19001525 0)
(-0.063082609 -0.18776263 0)
(-0.068774949 -0.18556963 0)
(-0.074279791 -0.18343853 0)
(-0.079602947 -0.18137194 0)
(-0.084750478 -0.17937268 0)
(-0.089728706 -0.17744385 0)
(-0.094544223 -0.1755887 0)
(-0.099203895 -0.17381065 0)
(-0.10371487 -0.17211321 0)
(-0.10808456 -0.17049996 0)
(-0.11232066 -0.16897447 0)
(-0.11643115 -0.16754031 0)
(-0.12042423 -0.16620094 0)
(-0.12430838 -0.16495976 0)
(-0.12809227 -0.16382 0)
(-0.13178471 -0.16278478 0)
(-0.13539473 -0.16185697 0)
(-0.1389319 -0.16103915 0)
(-0.14240587 -0.16033341 0)
(-0.14581996 -0.15974129 0)
(-0.14916648 -0.1592636 0)
(-0.15250437 -0.15889802 0)
(-0.15615602 -0.15863575 0)
(-0.15987915 -0.15847704 0)
(0.17739544 -0.26051975 0)
(0.16464472 -0.25642441 0)
(0.15220108 -0.25246142 0)
(0.14006093 -0.24862417 0)
(0.12822067 -0.24490617 0)
(0.11667667 -0.24130109 0)
(0.10542529 -0.23780278 0)
(0.094462839 -0.23440531 0)
(0.08378561 -0.231103 0)
(0.073389867 -0.22789044 0)
(0.063271852 -0.22476252 0)
(0.053427776 -0.22171444 0)
(0.043853823 -0.21874174 0)
(0.034546136 -0.21584032 0)
(0.02550082 -0.21300646 0)
(0.016713925 -0.21023681 0)
(0.0081814465 -0.2075284 0)
(-0.00010069145 -0.20487869 0)
(-0.008136641 -0.20228554 0)
(-0.015930647 -0.1997472 0)
(-0.023487054 -0.19726235 0)
(-0.030810321 -0.19483008 0)
(-0.037905032 -0.19244988 0)
(-0.04477591 -0.19012165 0)
(-0.051427828 -0.18784569 0)
(-0.057865826 -0.18562266 0)
(-0.064095118 -0.18345359 0)
(-0.070121108 -0.18133987 0)
(-0.0759494 -0.17928321 0)
(-0.081585813 -0.17728562 0)
(-0.087036384 -0.17534938 0)
(-0.092307384 -0.17347702 0)
(-0.09740532 -0.17167129 0)
(-0.10233694 -0.16993511 0)
(-0.10710926 -0.16827154 0)
(-0.11172951 -0.16668372 0)
(-0.1162052 -0.16517487 0)
(-0.12054407 -0.1637482 0)
(-0.12475408 -0.16240692 0)
(-0.12884345 -0.16115415 0)
(-0.13282056 -0.15999295 0)
(-0.13669402 -0.15892627 0)
(-0.1404725 -0.15795693 0)
(-0.14416488 -0.15708759 0)
(-0.1477805 -0.15632063 0)
(-0.1513289 -0.15565802 0)
(-0.15481353 -0.15510124 0)
(-0.1582259 -0.15465118 0)
(-0.16162123 -0.15430572 0)
(-0.16532532 -0.1540556 0)
(-0.1691184 -0.15390023 0)
(0.17653616 -0.2503993 0)
(0.16342678 -0.24646167 0)
(0.1506366 -0.2426549 0)
(0.13816179 -0.23897249 0)
(0.12599854 -0.23540802 0)
(0.11414303 -0.23195524 0)
(0.10259136 -0.22860809 0)
(0.091339588 -0.2253607 0)
(0.080383734 -0.22220748 0)
(0.069719782 -0.21914306 0)
(0.059343677 -0.21616238 0)
(0.049251329 -0.21326071 0)
(0.039438607 -0.21043362 0)
(0.029901339 -0.20767702 0)
(0.020635302 -0.20498721 0)
(0.01163622 -0.20236083 0)
(0.0028997554 -0.19979491 0)
(-0.0055784979 -0.19728687 0)
(-0.013803027 -0.19483449 0)
(-0.021778405 -0.19243599 0)
(-0.029509307 -0.19008994 0)
(-0.037000512 -0.18779534 0)
(-0.044256925 -0.18555155 0)
(-0.051283575 -0.18335833 0)
(-0.05808564 -0.18121581 0)
(-0.064668447 -0.17912446 0)
(-0.07103749 -0.17708512 0)
(-0.077198437 -0.17509895 0)
(-0.083157144 -0.17316742 0)
(-0.088919658 -0.17129228 0)
(-0.094492233 -0.16947553 0)
(-0.099881331 -0.16771943 0)
(-0.10509363 -0.1660264 0)
(-0.11013604 -0.16439906 0)
(-0.11501566 -0.16284014 0)
(-0.11973986 -0.16135246 0)
(-0.1243162 -0.15993891 0)
(-0.12875245 -0.15860238 0)
(-0.13305659 -0.15734575 0)
(-0.13723681 -0.15617184 0)
(-0.14130145 -0.15508343 0)
(-0.14525902 -0.15408317 0)
(-0.14911812 -0.15317367 0)
(-0.15288744 -0.15235736 0)
(-0.15657617 -0.15163647 0)
(-0.16019373 -0.15101287 0)
(-0.16374378 -0.15048797 0)
(-0.16721716 -0.15006276 0)
(-0.17066516 -0.14973533 0)
(-0.17441628 -0.14949596 0)
(-0.17827551 -0.14934316 0)
(0.17543096 -0.24071801 0)
(0.16197507 -0.23692981 0)
(0.14885014 -0.23327079 0)
(0.13605218 -0.2297345 0)
(0.12357717 -0.22631465 0)
(0.11142105 -0.22300507 0)
(0.099579705 -0.21979979 0)
(0.088048928 -0.21669303 0)
(0.076824475 -0.21367927 0)
(0.06590205 -0.21075322 0)
(0.055277309 -0.20790991 0)
(0.044945863 -0.20514462 0)
(0.034903274 -0.202453 0)
(0.025145056 -0.199831 0)
(0.015666669 -0.19727491 0)
(0.0064635154 -0.19478141 0)
(-0.0024690645 -0.19234751 0)
(-0.011135802 -0.1899706 0)
(-0.019541508 -0.18764845 0)
(-0.027691077 -0.18537919 0)
(-0.035589499 -0.18316134 0)
(-0.04324187 -0.1809938 0)
(-0.050653395 -0.17887583 0)
(-0.057829406 -0.17680705 0)
(-0.064775366 -0.17478745 0)
(-0.071496882 -0.17281734 0)
(-0.077999711 -0.17089737 0)
(-0.084289774 -0.1690285 0)
(-0.090373159 -0.16721198 0)
(-0.096256137 -0.16544931 0)
(-0.10194516 -0.16374227 0)
(-0.10744686 -0.16209282 0)
(-0.1127681 -0.16050313 0)
(-0.11791589 -0.15897553 0)
(-0.12289748 -0.15751246 0)
(-0.1277203 -0.15611644 0)
(-0.13239197 -0.15479006 0)
(-0.13692031 -0.15353593 0)
(-0.14131331 -0.15235663 0)
(-0.14557912 -0.15125472 0)
(-0.14972606 -0.1502327 0)
(-0.15376256 -0.14929299 0)
(-0.15769713 -0.14843798 0)
(-0.16153833 -0.14766991 0)
(-0.1652952 -0.1469909 0)
(-0.16897707 -0.14640268 0)
(-0.17258786 -0.14590664 0)
(-0.17611786 -0.14550384 0)
(-0.17961426 -0.14519259 0)
(-0.18340753 -0.14496277 0)
(-0.18732966 -0.14481182 0)
(0.17409351 -0.2314378 0)
(0.16030387 -0.22779179 0)
(0.14685666 -0.22427301 0)
(0.13374765 -0.22087515 0)
(0.12097264 -0.21759202 0)
(0.10852737 -0.21441755 0)
(0.096407465 -0.21134586 0)
(0.084608481 -0.2083713 0)
(0.073125908 -0.20548842 0)
(0.061955176 -0.20269202 0)
(0.051091658 -0.1999772 0)
(0.04053067 -0.19733933 0)
(0.030267475 -0.19477409 0)
(0.02029728 -0.19227748 0)
(0.010615236 -0.18984585 0)
(0.0012164317 -0.18747587 0)
(-0.0079041072 -0.18516456 0)
(-0.016751428 -0.18290931 0)
(-0.025330653 -0.18070785 0)
(-0.03364699 -0.17855828 0)
(-0.041705735 -0.17645907 0)
(-0.049512283 -0.17440902 0)
(-0.057072138 -0.1724073 0)
(-0.064390914 -0.17045344 0)
(-0.071474352 -0.16854727 0)
(-0.078328322 -0.16668897 0)
(-0.084958837 -0.16487902 0)
(-0.091372052 -0.16311819 0)
(-0.097574282 -0.16140754 0)
(-0.103572 -0.15974837 0)
(-0.10937185 -0.15814221 0)
(-0.11498064 -0.1565908 0)
(-0.12040535 -0.15509605 0)
(-0.12565316 -0.15366003 0)
(-0.13073139 -0.15228491 0)
(-0.13564756 -0.15097297 0)
(-0.14040936 -0.14972651 0)
(-0.14502463 -0.14854787 0)
(-0.14950137 -0.14743939 0)
(-0.15384772 -0.14640338 0)
(-0.15807196 -0.14544209 0)
(-0.16218245 -0.14455775 0)
(-0.16618764 -0.14375251 0)
(-0.17009599 -0.14302848 0)
(-0.17391636 -0.14238763 0)
(-0.17765806 -0.14183162 0)
(-0.1813253 -0.14136178 0)
(-0.18490795 -0.14097925 0)
(-0.18844892 -0.14068259 0)
(-0.19227993 -0.14046123 0)
(-0.19626219 -0.14031151 0)
(0.1725393 -0.22252411 0)
(0.15842918 -0.21901387 0)
(0.14467254 -0.21562873 0)
(0.131265 -0.21236249 0)
(0.11820217 -0.20920907 0)
(0.10547954 -0.20616253 0)
(0.093092537 -0.20321711 0)
(0.081036458 -0.20036724 0)
(0.069306541 -0.19760759 0)
(0.057897945 -0.19493306 0)
(0.046805765 -0.19233882 0)
(0.036025032 -0.18982033 0)
(0.025550715 -0.18737334 0)
(0.015377726 -0.18499389 0)
(0.005500911 -0.18267839 0)
(-0.0040849427 -0.18042353 0)
(-0.013385117 -0.17822635 0)
(-0.022404963 -0.17608423 0)
(-0.031149907 -0.17399491 0)
(-0.039625457 -0.17195643 0)
(-0.047837205 -0.16996723 0)
(-0.055790836 -0.16802605 0)
(-0.063492135 -0.16613197 0)
(-0.070946993 -0.16428443 0)
(-0.078161413 -0.16248314 0)
(-0.08514152 -0.16072815 0)
(-0.091893564 -0.15901981 0)
(-0.09842393 -0.1573587 0)
(-0.10473914 -0.15574572 0)
(-0.11084587 -0.15418197 0)
(-0.11675093 -0.15266877 0)
(-0.12246129 -0.15120765 0)
(-0.12798408 -0.14980029 0)
(-0.13332658 -0.14844854 0)
(-0.13849623 -0.14715432 0)
(-0.14350061 -0.14591967 0)
(-0.14834745 -0.14474665 0)
(-0.15304465 -0.14363737 0)
(-0.1576002 -0.14259392 0)
(-0.16202224 -0.14161839 0)
(-0.166319 -0.14071283 0)
(-0.17049882 -0.13987924 0)
(-0.17457006 -0.13911962 0)
(-0.17854112 -0.13843592 0)
(-0.18242071 -0.13782998 0)
(-0.1862181 -0.13730339 0)
(-0.18993783 -0.13685742 0)
(-0.19356952 -0.13649328 0)
(-0.19715162 -0.13620978 0)
(-0.20101636 -0.13599597 0)
(-0.20505635 -0.13584688 0)
(0.17078523 -0.21394565 0)
(0.15636814 -0.21056556 0)
(0.14231523 -0.20730824 0)
(0.12862194 -0.2041676 0)
(0.11528366 -0.20113771 0)
(0.1022957 -0.19821274 0)
(0.089653243 -0.19538706 0)
(0.07735136 -0.19265522 0)
(0.065385033 -0.190012 0)
(0.05374916 -0.1874524 0)
(0.042438565 -0.18497169 0)
(0.031448002 -0.18256541 0)
(0.020772156 -0.18022938 0)
(0.010405648 -0.17795974 0)
(0.00034303437 -0.17575291 0)
(-0.0094211936 -0.17360564 0)
(-0.018892613 -0.171515 0)
(-0.02807687 -0.16947837 0)
(-0.036979684 -0.16749349 0)
(-0.04560685 -0.16555839 0)
(-0.053964247 -0.16367145 0)
(-0.062057838 -0.16183138 0)
(-0.069893679 -0.16003721 0)
(-0.077477924 -0.15828825 0)
(-0.084816828 -0.15658416 0)
(-0.091916758 -0.15492485 0)
(-0.098784193 -0.15331053 0)
(-0.10542573 -0.15174166 0)
(-0.1118481 -0.15021896 0)
(-0.11805815 -0.14874337 0)
(-0.12406287 -0.14731602 0)
(-0.12986938 -0.14593824 0)
(-0.13548493 -0.14461153 0)
(-0.14091691 -0.14333749 0)
(-0.14617286 -0.14211786 0)
(-0.15126043 -0.14095444 0)
(-0.1561874 -0.13984909 0)
(-0.1609617 -0.13880369 0)
(-0.16559133 -0.13782013 0)
(-0.17008442 -0.13690028 0)
(-0.17444919 -0.13604599 0)
(-0.17869392 -0.1352591 0)
(-0.18282693 -0.13454143 0)
(-0.18685653 -0.13389479 0)
(-0.19079136 -0.13332089 0)
(-0.1946406 -0.13282126 0)
(-0.1984092 -0.13239711 0)
(-0.20208661 -0.13204971 0)
(-0.20570675 -0.13177815 0)
(-0.20960155 -0.13157106 0)
(-0.21369723 -0.13142205 0)
(0.16884914 -0.20567431 0)
(0.15413876 -0.20241942 0)
(0.13980285 -0.19928477 0)
(0.12583667 -0.19626443 0)
(0.11223543 -0.19335258 0)
(0.098994236 -0.19054356 0)
(0.086108049 -0.18783184 0)
(0.073571707 -0.18521211 0)
(0.061379949 -0.18267927 0)
(0.04952742 -0.18022842 0)
(0.038008682 -0.17785495 0)
(0.026818219 -0.17555449 0)
(0.015950442 -0.17332294 0)
(0.0053996921 -0.17115652 0)
(-0.0048397562 -0.1690517 0)
(-0.014773696 -0.16700529 0)
(-0.02440799 -0.16501439 0)
(-0.033748568 -0.1630764 0)
(-0.042801429 -0.16118905 0)
(-0.05157265 -0.1593504 0)
(-0.060068381 -0.15755878 0)
(-0.068294853 -0.15581287 0)
(-0.076258381 -0.15411163 0)
(-0.083965371 -0.15245434 0)
(-0.09142232 -0.15084052 0)
(-0.098635823 -0.14927003 0)
(-0.10561258 -0.14774293 0)
(-0.11235939 -0.14625958 0)
(-0.11888318 -0.14482054 0)
(-0.12519096 -0.14342659 0)
(-0.13128989 -0.14207871 0)
(-0.13718722 -0.14077805 0)
(-0.14289033 -0.13952593 0)
(-0.14840673 -0.13832375 0)
(-0.15374402 -0.13717307 0)
(-0.15890993 -0.13607548 0)
(-0.1639123 -0.13503264 0)
(-0.16875906 -0.13404625 0)
(-0.17345825 -0.13311799 0)
(-0.17801798 -0.13224955 0)
(-0.18244646 -0.13144261 0)
(-0.18675194 -0.13069882 0)
(-0.19094268 -0.13001985 0)
(-0.19502696 -0.12940737 0)
(-0.19901329 -0.12886301 0)
(-0.20291084 -0.12838818 0)
(-0.20672495 -0.12798405 0)
(-0.21044506 -0.12765194 0)
(-0.21410046 -0.12739121 0)
(-0.21802192 -0.12719014 0)
(-0.22217153 -0.1270407 0)
(0.16674945 -0.19768495 0)
(0.15175947 -0.19455088 0)
(0.13715384 -0.19153437 0)
(0.12292764 -0.18862963 0)
(0.10907591 -0.18583099 0)
(0.095593555 -0.18313291 0)
(0.082475319 -0.18053003 0)
(0.069715818 -0.17801715 0)
(0.057309556 -0.1755893 0)
(0.045250932 -0.17324172 0)
(0.033534256 -0.17096989 0)
(0.022153753 -0.16876955 0)
(0.011103567 -0.16663669 0)
(0.00037777316 -0.16456761 0)
(-0.010029628 -0.16255885 0)
(-0.020124704 -0.16060728 0)
(-0.02991359 -0.15871003 0)
(-0.039402489 -0.15686454 0)
(-0.048597672 -0.15506856 0)
(-0.05750548 -0.15332014 0)
(-0.066132328 -0.15161761 0)
(-0.0744847 -0.14995962 0)
(-0.082569163 -0.14834508 0)
(-0.090392361 -0.14677321 0)
(-0.097961022 -0.14524349 0)
(-0.10528196 -0.14375564 0)
(-0.11236208 -0.14230967 0)
(-0.11920839 -0.1409058 0)
(-0.12582797 -0.13954447 0)
(-0.13222803 -0.13822632 0)
(-0.13841585 -0.1369522 0)
(-0.14439883 -0.13572308 0)
(-0.15018447 -0.13454012 0)
(-0.15578036 -0.13340457 0)
(-0.1611942 -0.13231778 0)
(-0.16643379 -0.13128119 0)
(-0.17150699 -0.13029628 0)
(-0.17642179 -0.12936455 0)
(-0.18118623 -0.12848752 0)
(-0.18580842 -0.1276667 0)
(-0.19029655 -0.12690361 0)
(-0.19465884 -0.12619974 0)
(-0.19890353 -0.12555661 0)
(-0.20303885 -0.12497576 0)
(-0.20707323 -0.1244587 0)
(-0.21101579 -0.12400678 0)
(-0.21487231 -0.1236211 0)
(-0.21863235 -0.123303 0)
(-0.22232048 -0.12305214 0)
(-0.22626546 -0.12285646 0)
(-0.23046746 -0.12270611 0)
(0.16450487 -0.18995519 0)
(0.14924889 -0.18693809 0)
(0.13438671 -0.1840357 0)
(0.11991327 -0.18124239 0)
(0.1058234 -0.17855264 0)
(0.092111838 -0.17596108 0)
(0.078773111 -0.17346248 0)
(0.065801623 -0.17105178 0)
(0.053191649 -0.16872415 0)
(0.040937356 -0.16647494 0)
(0.029032808 -0.16429976 0)
(0.017471983 -0.16219445 0)
(0.0062487697 -0.16015512 0)
(-0.004643016 -0.15817813 0)
(-0.015209634 -0.15626012 0)
(-0.025457415 -0.154398 0)
(-0.035392757 -0.15258896 0)
(-0.045022123 -0.15083049 0)
(-0.054352045 -0.14912035 0)
(-0.063389119 -0.1474566 0)
(-0.07214001 -0.14583758 0)
(-0.080611449 -0.14426191 0)
(-0.088810238 -0.14272848 0)
(-0.096743252 -0.14123645 0)
(-0.10441744 -0.13978525 0)
(-0.11183982 -0.13837454 0)
(-0.1190175 -0.13700422 0)
(-0.12595767 -0.13567441 0)
(-0.13266759 -0.13438546 0)
(-0.13915461 -0.13313789 0)
(-0.14542617 -0.13193239 0)
(-0.15148979 -0.13076982 0)
(-0.15735309 -0.12965117 0)
(-0.16302374 -0.12857755 0)
(-0.16850953 -0.12755015 0)
(-0.17381831 -0.12657024 0)
(-0.178958 -0.12563915 0)
(-0.18393661 -0.12475821 0)
(-0.1887622 -0.12392878 0)
(-0.19344287 -0.12315222 0)
(-0.19798681 -0.12242988 0)
(-0.20240222 -0.12176311 0)
(-0.20669732 -0.12115329 0)
(-0.21088028 -0.12060182 0)
(-0.21495947 -0.12011012 0)
(-0.21894399 -0.11967944 0)
(-0.22284003 -0.11931082 0)
(-0.22663743 -0.1190056 0)
(-0.23035601 -0.11876376 0)
(-0.23432156 -0.11857295 0)
(-0.23857464 -0.11842121 0)
(0.16213414 -0.18246522 0)
(0.14662554 -0.17956163 0)
(0.13151983 -0.1767698 0)
(0.11681172 -0.17408421 0)
(0.10249589 -0.17149954 0)
(0.08856687 -0.16901055 0)
(0.075019014 -0.16661216 0)
(0.061846511 -0.16429948 0)
(0.04904342 -0.16206779 0)
(0.036603682 -0.1599126 0)
(0.024521131 -0.15782962 0)
(0.012789503 -0.15581482 0)
(0.0014024451 -0.15386441 0)
(-0.0096464751 -0.15197483 0)
(-0.020363768 -0.15014281 0)
(-0.030756015 -0.14836533 0)
(-0.040829865 -0.14663964 0)
(-0.050592034 -0.14496327 0)
(-0.060049298 -0.14333402 0)
(-0.069208501 -0.14174996 0)
(-0.078076544 -0.14020945 0)
(-0.086660395 -0.13871109 0)
(-0.094967081 -0.13725375 0)
(-0.10300369 -0.13583657 0)
(-0.11077739 -0.1344589 0)
(-0.1182954 -0.13312037 0)
(-0.12556501 -0.13182079 0)
(-0.13259359 -0.1305602 0)
(-0.13938855 -0.12933885 0)
(-0.14595741 -0.12815715 0)
(-0.15230774 -0.12701568 0)
(-0.15844718 -0.12591517 0)
(-0.16438344 -0.12485649 0)
(-0.17012431 -0.1238406 0)
(-0.17567763 -0.12286856 0)
(-0.18105132 -0.12194148 0)
(-0.18625335 -0.12106055 0)
(-0.19129175 -0.12022695 0)
(-0.19617459 -0.11944189 0)
(-0.20090999 -0.11870659 0)
(-0.20550612 -0.11802225 0)
(-0.20997117 -0.11739008 0)
(-0.21431333 -0.11681133 0)
(-0.21854076 -0.11628726 0)
(-0.22266176 -0.11581919 0)
(-0.22668539 -0.11540829 0)
(-0.23061826 -0.11505551 0)
(-0.23445064 -0.11476219 0)
(-0.2381976 -0.11452862 0)
(-0.24218096 -0.11434222 0)
(-0.24648395 -0.11418865 0)
(0.15965571 -0.17519751 0)
(0.14390771 -0.17240437 0)
(0.12857118 -0.16971989 0)
(0.11364075 -0.16713873 0)
(0.099110855 -0.1646557 0)
(0.084975888 -0.16226576 0)
(0.071230007 -0.15996397 0)
(0.057867208 -0.15774559 0)
(0.044881343 -0.15560604 0)
(0.032266138 -0.15354097 0)
(0.020015205 -0.15154623 0)
(0.0081220503 -0.14961788 0)
(-0.003419909 -0.14775226 0)
(-0.014617343 -0.14594591 0)
(-0.025477001 -0.14419563 0)
(-0.036005705 -0.14249849 0)
(-0.046210343 -0.1408518 0)
(-0.056097868 -0.13925313 0)
(-0.065675297 -0.13770034 0)
(-0.074949704 -0.13619152 0)
(-0.083928219 -0.13472504 0)
(-0.092618032 -0.13329949 0)
(-0.10102639 -0.13191376 0)
(-0.10916059 -0.13056692 0)
(-0.11702799 -0.12925833 0)
(-0.124636 -0.12798752 0)
(-0.1319921 -0.12675428 0)
(-0.13910382 -0.12555856 0)
(-0.14597873 -0.12440051 0)
(-0.15262449 -0.12328048 0)
(-0.1590488 -0.12219892 0)
(-0.16525942 -0.12115647 0)
(-0.17126415 -0.12015386 0)
(-0.17707088 -0.11919194 0)
(-0.18268752 -0.11827164 0)
(-0.18812204 -0.11739394 0)
(-0.19338245 -0.11655989 0)
(-0.19847682 -0.11577055 0)
(-0.20341323 -0.11502698 0)
(-0.20819981 -0.11433027 0)
(-0.21284472 -0.11368149 0)
(-0.21735613 -0.1130817 0)
(-0.22174223 -0.11253203 0)
(-0.22601115 -0.11203362 0)
(-0.23017114 -0.11158767 0)
(-0.23423121 -0.11119527 0)
(-0.23819841 -0.11085727 0)
(-0.24206356 -0.11057498 0)
(-0.24583703 -0.110349 0)
(-0.24983556 -0.11016661 0)
(-0.25418743 -0.1100108 0)
(0.1570877 -0.16813668 0)
(0.14111314 -0.1654512 0)
(0.12555828 -0.1628712 0)
(0.11041752 -0.16039149 0)
(0.095685176 -0.15800705 0)
(0.081355456 -0.15571299 0)
(0.067422357 -0.15350455 0)
(0.053879685 -0.15137714 0)
(0.040721097 -0.14932633 0)
(0.027940115 -0.14734789 0)
(0.015530138 -0.14543782 0)
(0.0034844571 -0.14359231 0)
(-0.0082037326 -0.14180779 0)
(-0.019541327 -0.14008092 0)
(-0.030535303 -0.13840858 0)
(-0.041192709 -0.13678792 0)
(-0.051520664 -0.13521633 0)
(-0.061526349 -0.13369144 0)
(-0.071217004 -0.13221113 0)
(-0.080599926 -0.13077355 0)
(-0.089682463 -0.12937708 0)
(-0.098472016 -0.12802033 0)
(-0.10697604 -0.12670216 0)
(-0.11520202 -0.12542165 0)
(-0.12315752 -0.12417811 0)
(-0.13085013 -0.12297105 0)
(-0.13828749 -0.12180019 0)
(-0.14547728 -0.12066543 0)
(-0.15242725 -0.11956685 0)
(-0.15914518 -0.1185047 0)
(-0.16563888 -0.11747936 0)
(-0.17191624 -0.11649136 0)
(-0.17798515 -0.11554133 0)
(-0.18385358 -0.11463001 0)
(-0.18952951 -0.11375821 0)
(-0.19502097 -0.1129268 0)
(-0.20033601 -0.11213671 0)
(-0.20548273 -0.11138886 0)
(-0.21046922 -0.11068421 0)
(-0.21530362 -0.11002371 0)
(-0.21999409 -0.10940831 0)
(-0.22454879 -0.10883894 0)
(-0.22897589 -0.1083166 0)
(-0.23328351 -0.1078423 0)
(-0.23747986 -0.10741714 0)
(-0.2415739 -0.1070421 0)
(-0.24557309 -0.10671795 0)
(-0.24946894 -0.10644592 0)
(-0.2532672 -0.10622695 0)
(-0.25727838 -0.10604825 0)
(-0.26167821 -0.10588976 0)
(0.1382591 -0.1586889 0)
(0.12249794 -0.15621075 0)
(0.10715854 -0.15382979 0)
(0.092234998 -0.15154116 0)
(0.077721386 -0.14934014 0)
(0.063611538 -0.14722213 0)
(0.049899088 -0.14518269 0)
(0.036577506 -0.14321755 0)
(0.023640121 -0.14132262 0)
(0.011080131 -0.13949403 0)
(-0.0011093791 -0.1377281 0)
(-0.012935424 -0.13602138 0)
(-0.024405115 -0.13437062 0)
(-0.035525643 -0.13277281 0)
(-0.046304275 -0.13122518 0)
(-0.056748347 -0.12972518 0)
(-0.066865256 -0.12827053 0)
(-0.076662456 -0.12685915 0)
(-0.086147454 -0.12548923 0)
(-0.095327807 -0.12415917 0)
(-0.10421112 -0.12286759 0)
(-0.11280503 -0.12161337 0)
(-0.12111723 -0.12039558 0)
(-0.12915546 -0.11921349 0)
(-0.13692746 -0.1180666 0)
(-0.14444106 -0.11695457 0)
(-0.15170409 -0.11587726 0)
(-0.15872443 -0.11483469 0)
(-0.16550998 -0.11382703 0)
(-0.1720687 -0.11285458 0)
(-0.17840855 -0.1119178 0)
(-0.18453755 -0.11101721 0)
(-0.19046372 -0.11015346 0)
(-0.19619511 -0.10932726 0)
(-0.20173982 -0.10853937 0)
(-0.20710593 -0.10779061 0)
(-0.21230155 -0.10708179 0)
(-0.21733483 -0.10641376 0)
(-0.22221389 -0.10578735 0)
(-0.22694689 -0.10520337 0)
(-0.23154198 -0.10466267 0)
(-0.23600733 -0.1041661 0)
(-0.24035104 -0.10371455 0)
(-0.24458128 -0.103309 0)
(-0.24870696 -0.10295034 0)
(-0.25273594 -0.10263922 0)
(-0.25666054 -0.1023768 0)
(-0.26048203 -0.10216431 0)
(-0.26450347 -0.10198902 0)
(-0.26895043 -0.10182745 0)
(0.13536208 -0.15210589 0)
(0.11940633 -0.14972718 0)
(0.10387953 -0.14744251 0)
(0.088775672 -0.14524717 0)
(0.07408866 -0.1431366 0)
(0.059812177 -0.14110637 0)
(0.045939693 -0.13915219 0)
(0.032464504 -0.13726995 0)
(0.019379754 -0.1354557 0)
(0.006678453 -0.13370571 0)
(-0.0056465086 -0.13201643 0)
(-0.017602347 -0.13038452 0)
(-0.029196373 -0.12880685 0)
(-0.040435986 -0.1272805 0)
(-0.051328656 -0.12580278 0)
(-0.061881926 -0.12437125 0)
(-0.072103398 -0.12298366 0)
(-0.082000729 -0.12163801 0)
(-0.091581627 -0.12033252 0)
(-0.10085384 -0.11906563 0)
(-0.10982517 -0.11783598 0)
(-0.11850345 -0.11664246 0)
(-0.12689653 -0.11548413 0)
(-0.13501233 -0.11436026 0)
(-0.14285877 -0.11327031 0)
(-0.15044381 -0.11221393 0)
(-0.15777543 -0.11119092 0)
(-0.16486166 -0.11020124 0)
(-0.17171052 -0.10924502 0)
(-0.17833007 -0.10832249 0)
(-0.18472838 -0.10743401 0)
(-0.19091355 -0.10658004 0)
(-0.19689369 -0.10576114 0)
(-0.20267692 -0.10497793 0)
(-0.20827136 -0.10423107 0)
(-0.21368516 -0.10352128 0)
(-0.21892646 -0.10284927 0)
(-0.22400341 -0.10221579 0)
(-0.22892414 -0.10162156 0)
(-0.23369682 -0.10106729 0)
(-0.23832958 -0.10055369 0)
(-0.24283058 -0.10008151 0)
(-0.24720793 -0.099651506 0)
(-0.25146976 -0.099264534 0)
(-0.25562491 -0.098921382 0)
(-0.25968161 -0.098622589 0)
(-0.26363312 -0.098369182 0)
(-0.26747642 -0.098162721 0)
(-0.27150578 -0.097990614 0)
(-0.2759991 -0.097825561 0)
(0.13243777 -0.14569205 0)
(0.1162987 -0.14341056 0)
(0.10059539 -0.14121991 0)
(0.0853217 -0.13911554 0)
(0.070471396 -0.13709305 0)
(0.056038017 -0.13514817 0)
(0.042014879 -0.13327679 0)
(0.028395111 -0.13147493 0)
(0.015171687 -0.1297388 0)
(0.0023374375 -0.12806481 0)
(-0.01011493 -0.12644953 0)
(-0.022192821 -0.12488974 0)
(-0.033903738 -0.12338241 0)
(-0.045255271 -0.12192475 0)
(-0.056255088 -0.12051416 0)
(-0.066910926 -0.11914825 0)
(-0.077230581 -0.11782487 0)
(-0.087221903 -0.11654206 0)
(-0.096892788 -0.1152981 0)
(-0.10625117 -0.11409146 0)
(-0.11530504 -0.11292082 0)
(-0.12406239 -0.11178507 0)
(-0.13253126 -0.11068328 0)
(-0.14071971 -0.10961471 0)
(-0.14863584 -0.10857881 0)
(-0.15628774 -0.1075752 0)
(-0.16368354 -0.10660364 0)
(-0.17083139 -0.10566407 0)
(-0.17773943 -0.10475653 0)
(-0.18441583 -0.10388122 0)
(-0.19086876 -0.10303843 0)
(-0.19710639 -0.10222855 0)
(-0.20313693 -0.10145205 0)
(-0.20896853 -0.10070947 0)
(-0.2146094 -0.10000139 0)
(-0.22006769 -0.099328449 0)
(-0.22535159 -0.098691267 0)
(-0.23046926 -0.098090482 0)
(-0.23542886 -0.097526721 0)
(-0.24023852 -0.097000596 0)
(-0.2449064 -0.09651271 0)
(-0.24944063 -0.096063677 0)
(-0.25384932 -0.095654152 0)
(-0.25814056 -0.095284851 0)
(-0.26232314 -0.094956453 0)
(-0.26640561 -0.094669372 0)
(-0.2703823 -0.094424484 0)
(-0.27424612 -0.094223631 0)
(-0.27828114 -0.094054542 0)
(-0.28282009 -0.093885612 0)
(0.12950101 -0.13943852 0)
(0.11318951 -0.13725221 0)
(0.097320143 -0.13515347 0)
(0.081886706 -0.13313792 0)
(0.066882824 -0.13120133 0)
(0.052301903 -0.12933959 0)
(0.038137113 -0.12754873 0)
(0.024381431 -0.12582495 0)
(0.011027667 -0.12416461 0)
(-0.001931514 -0.12256423 0)
(-0.014503578 -0.12102054 0)
(-0.026696108 -0.11953043 0)
(-0.038516787 -0.11809098 0)
(-0.049973388 -0.1166995 0)
(-0.061073762 -0.11535348 0)
(-0.071825829 -0.11405064 0)
(-0.08223757 -0.11278888 0)
(-0.092317016 -0.11156631 0)
(-0.10207224 -0.11038126 0)
(-0.11151136 -0.10923225 0)
(-0.12064253 -0.10811798 0)
(-0.12947391 -0.10703735 0)
(-0.1380137 -0.10598946 0)
(-0.14627013 -0.10497357 0)
(-0.15425142 -0.1039891 0)
(-0.16196583 -0.10303567 0)
(-0.1694216 -0.10211301 0)
(-0.17662701 -0.10122101 0)
(-0.18359031 -0.10035968 0)
(-0.19031977 -0.099529163 0)
(-0.19682367 -0.098729693 0)
(-0.20311025 -0.097961598 0)
(-0.20918778 -0.097225284 0)
(-0.2150645 -0.096521216 0)
(-0.22074863 -0.095849906 0)
(-0.2262484 -0.095211894 0)
(-0.23157201 -0.094607733 0)
(-0.23672763 -0.094037972 0)
(-0.24172342 -0.093503147 0)
(-0.24656755 -0.093003771 0)
(-0.25126814 -0.092540344 0)
(-0.25583331 -0.092113367 0)
(-0.26027117 -0.091723369 0)
(-0.2645898 -0.091370938 0)
(-0.2687979 -0.091056633 0)
(-0.27290431 -0.090780736 0)
(-0.27690451 -0.090543938 0)
(-0.28078766 -0.090348331 0)
(-0.28482615 -0.09018214 0)
(-0.28941005 -0.09000894 0)
(0.12656582 -0.13333764 0)
(0.11009229 -0.13124457 0)
(0.094066932 -0.12923576 0)
(0.078483419 -0.12730703 0)
(0.063335274 -0.1254543 0)
(0.048615775 -0.12367363 0)
(0.034317958 -0.12196122 0)
(0.020434656 -0.1203134 0)
(0.0069585294 -0.11872669 0)
(-0.0061179145 -0.11719776 0)
(-0.018802304 -0.11572345 0)
(-0.031102388 -0.11430078 0)
(-0.043026019 -0.11292696 0)
(-0.054581142 -0.11159938 0)
(-0.065775781 -0.11031564 0)
(-0.076618031 -0.10907354 0)
(-0.087116042 -0.10787105 0)
(-0.097278019 -0.10670637 0)
(-0.10711221 -0.10557786 0)
(-0.11662688 -0.10448408 0)
(-0.12583036 -0.10342379 0)
(-0.13473097 -0.1023959 0)
(-0.14333707 -0.10139953 0)
(-0.15165701 -0.10043393 0)
(-0.15969917 -0.09949854 0)
(-0.16747194 -0.098592941 0)
(-0.17498368 -0.097716857 0)
(-0.18224279 -0.096870145 0)
(-0.18925763 -0.096052785 0)
(-0.19603657 -0.095264868 0)
(-0.20258796 -0.094506581 0)
(-0.20892015 -0.0937782 0)
(-0.21504146 -0.09308007 0)
(-0.22096019 -0.092412593 0)
(-0.22668462 -0.091776215 0)
(-0.23222301 -0.091171403 0)
(-0.23758358 -0.090598637 0)
(-0.24277453 -0.090058388 0)
(-0.24780403 -0.089551108 0)
(-0.25268023 -0.089077222 0)
(-0.25741126 -0.088637131 0)
(-0.26200524 -0.088231226 0)
(-0.26647025 -0.087859913 0)
(-0.27081436 -0.087523647 0)
(-0.27504618 -0.08722286 0)
(-0.27917479 -0.086957694 0)
(-0.28319692 -0.086728627 0)
(-0.28709833 -0.086537946 0)
(-0.29113813 -0.086374581 0)
(-0.29576631 -0.086196724 0)
(0.12364532 -0.12738273 0)
(0.10701975 -0.12538104 0)
(0.090848005 -0.12346031 0)
(0.07512368 -0.1216165 0)
(0.059840182 -0.11984573 0)
(0.044990679 -0.1181442 0)
(0.03056808 -0.11650829 0)
(0.016565086 -0.11493447 0)
(0.0029742163 -0.11341941 0)
(-0.010212168 -0.11195992 0)
(-0.023001847 -0.11055297 0)
(-0.035402725 -0.10919569 0)
(-0.047422814 -0.10788542 0)
(-0.059070219 -0.10661966 0)
(-0.070353128 -0.10539609 0)
(-0.081279798 -0.10421261 0)
(-0.091858542 -0.10306727 0)
(-0.10209773 -0.10195832 0)
(-0.11200575 -0.1008842 0)
(-0.12159106 -0.099843502 0)
(-0.13086212 -0.09883502 0)
(-0.13982739 -0.097857707 0)
(-0.14849539 -0.096910682 0)
(-0.15687461 -0.095993225 0)
(-0.16497357 -0.095104766 0)
(-0.17280075 -0.094244878 0)
(-0.18036468 -0.093413272 0)
(-0.18767382 -0.09260978 0)
(-0.19473667 -0.091834354 0)
(-0.20156169 -0.091087047 0)
(-0.2081573 -0.090368006 0)
(-0.21453193 -0.089677457 0)
(-0.22069398 -0.089015696 0)
(-0.22665179 -0.088383068 0)
(-0.2324137 -0.087779958 0)
(-0.237988 -0.087206774 0)
(-0.24338295 -0.086663926 0)
(-0.24860675 -0.086151817 0)
(-0.2536676 -0.085670824 0)
(-0.25857364 -0.085221288 0)
(-0.26333299 -0.084803519 0)
(-0.26795375 -0.084417801 0)
(-0.27244401 -0.084064421 0)
(-0.27681179 -0.083743698 0)
(-0.28106565 -0.083455932 0)
(-0.28521483 -0.083201115 0)
(-0.28925736 -0.082979481 0)
(-0.29317605 -0.082793448 0)
(-0.29721507 -0.082632889 0)
(-0.30188686 -0.082449993 0)
(0.12075174 -0.12156798 0)
(0.10398367 -0.11965589 0)
(0.087674738 -0.11782143 0)
(0.071818442 -0.11606076 0)
(0.056408104 -0.11437014 0)
(0.041436783 -0.11274595 0)
(0.026897272 -0.1111847 0)
(0.01278215 -0.10968305 0)
(-0.00091619519 -0.10823779 0)
(-0.014205538 -0.10684588 0)
(-0.0270938 -0.1055044 0)
(-0.039589032 -0.10421064 0)
(-0.051699393 -0.10296202 0)
(-0.063433141 -0.10175615 0)
(-0.074798615 -0.10059084 0)
(-0.085804224 -0.099464037 0)
(-0.096458436 -0.098373894 0)
(-0.10676977 -0.097318723 0)
(-0.11674677 -0.096297015 0)
(-0.12639803 -0.095307427 0)
(-0.13573216 -0.094348784 0)
(-0.14475777 -0.093420072 0)
(-0.1534835 -0.092520431 0)
(-0.16191799 -0.091649155 0)
(-0.17006986 -0.090805678 0)
(-0.17794774 -0.089989572 0)
(-0.18556024 -0.089200534 0)
(-0.19291596 -0.088438383 0)
(-0.20002348 -0.087703043 0)
(-0.20689134 -0.086994538 0)
(-0.21352806 -0.086312979 0)
(-0.21994215 -0.085658553 0)
(-0.22614205 -0.085031509 0)
(-0.23213617 -0.084432144 0)
(-0.2379329 -0.083860791 0)
(-0.24354056 -0.083317802 0)
(-0.24896744 -0.082803528 0)
(-0.25422177 -0.082318311 0)
(-0.25931174 -0.081862457 0)
(-0.2642455 -0.081436236 0)
(-0.26903116 -0.081039868 0)
(-0.27367682 -0.08067354 0)
(-0.27819053 -0.08033742 0)
(-0.28258032 -0.080031692 0)
(-0.28685462 -0.079756515 0)
(-0.29102282 -0.079511726 0)
(-0.2950843 -0.079297289 0)
(-0.29901939 -0.079115665 0)
(-0.30305556 -0.078957943 0)
(-0.30777029 -0.078769633 0)
(0.11789643 -0.11588832 0)
(0.10099498 -0.1140641 0)
(0.08455762 -0.11231419 0)
(0.068577796 -0.11063493 0)
(0.053048735 -0.10902273 0)
(0.0379634 -0.10747415 0)
(0.023314479 -0.10598585 0)
(0.0090944357 -0.10455464 0)
(-0.0047044611 -0.10317745 0)
(-0.018090114 -0.10185137 0)
(-0.031070576 -0.10057364 0)
(-0.043654033 -0.099341625 0)
(-0.055848784 -0.098152893 0)
(-0.067663226 -0.097005161 0)
(-0.079105842 -0.095896316 0)
(-0.090185184 -0.094824413 0)
(-0.10090986 -0.093787674 0)
(-0.11128853 -0.092784484 0)
(-0.12132989 -0.091813393 0)
(-0.13104267 -0.09087311 0)
(-0.1404356 -0.089962503 0)
(-0.14951744 -0.08908059 0)
(-0.15829695 -0.088226537 0)
(-0.16678289 -0.087399654 0)
(-0.17498401 -0.086599384 0)
(-0.18290905 -0.085825299 0)
(-0.19056673 -0.085077092 0)
(-0.19796574 -0.084354567 0)
(-0.20511476 -0.083657629 0)
(-0.21202241 -0.082986278 0)
(-0.21869731 -0.082340595 0)
(-0.22514802 -0.081720732 0)
(-0.23138305 -0.081126898 0)
(-0.23741086 -0.080559349 0)
(-0.2432399 -0.080018372 0)
(-0.24887851 -0.079504268 0)
(-0.25433501 -0.079017341 0)
(-0.25961766 -0.078557872 0)
(-0.26473466 -0.078126111 0)
(-0.26969415 -0.077722255 0)
(-0.27450425 -0.077346451 0)
(-0.27917301 -0.076998789 0)
(-0.2837085 -0.076679323 0)
(-0.2881187 -0.076388104 0)
(-0.29241196 -0.076125144 0)
(-0.29659774 -0.075890121 0)
(-0.30067675 -0.075682705 0)
(-0.30462746 -0.075505287 0)
(-0.30865873 -0.075350488 0)
(-0.31341572 -0.0751564 0)
(0.11508988 -0.1103393 0)
(0.098063722 -0.10860126 0)
(0.081506301 -0.10693424 0)
(0.065410986 -0.10533472 0)
(0.049770935 -0.1037993 0)
(0.03457902 -0.10232468 0)
(0.019827831 -0.10090769 0)
(0.0055097268 -0.099545272 0)
(-0.0083831343 -0.09823452 0)
(-0.021858773 -0.096972646 0)
(-0.034925365 -0.095757005 0)
(-0.047591221 -0.094585109 0)
(-0.059864771 -0.093454626 0)
(-0.071754542 -0.09236338 0)
(-0.083269151 -0.091309359 0)
(-0.094417282 -0.090290703 0)
(-0.10520768 -0.089305715 0)
(-0.11564913 -0.08835285 0)
(-0.12575047 -0.087430719 0)
(-0.13552055 -0.086538085 0)
(-0.14496824 -0.085673858 0)
(-0.15410241 -0.084837092 0)
(-0.16293196 -0.084026982 0)
(-0.17146575 -0.083242855 0)
(-0.17971265 -0.082484167 0)
(-0.18768151 -0.081750494 0)
(-0.19538114 -0.081041527 0)
(-0.20282034 -0.08035706 0)
(-0.21000786 -0.079696985 0)
(-0.21695243 -0.079061282 0)
(-0.22366273 -0.078450005 0)
(-0.23014738 -0.077863277 0)
(-0.23641496 -0.077301275 0)
(-0.242474 -0.076764216 0)
(-0.24833296 -0.076252349 0)
(-0.25400024 -0.075765933 0)
(-0.25948419 -0.075305224 0)
(-0.26479309 -0.074870455 0)
(-0.26993513 -0.074461823 0)
(-0.27491848 -0.074079465 0)
(-0.27975123 -0.073723455 0)
(-0.28444144 -0.073393797 0)
(-0.28899712 -0.073090439 0)
(-0.29342625 -0.072813296 0)
(-0.29773707 -0.072562233 0)
(-0.30193907 -0.072336763 0)
(-0.30603423 -0.072136247 0)
(-0.30999986 -0.071962872 0)
(-0.31402423 -0.071811139 0)
(-0.31882277 -0.071610924 0)
(0.11234172 -0.10491703 0)
(0.09519913 -0.10326352 0)
(0.078529595 -0.10167774 0)
(0.062326446 -0.10015635 0)
(0.046582762 -0.098696107 0)
(0.031291339 -0.097293867 0)
(0.016444676 -0.09594661 0)
(0.0020350363 -0.094651434 0)
(-0.011945526 -0.093405562 0)
(-0.025505139 -0.09220634 0)
(-0.038652093 -0.091051253 0)
(-0.051394815 -0.089937932 0)
(-0.063741855 -0.088864159 0)
(-0.075701863 -0.087827864 0)
(-0.087283578 -0.08682713 0)
(-0.098495809 -0.085860187 0)
(-0.10934743 -0.084925415 0)
(-0.11984734 -0.084021342 0)
(-0.13000451 -0.08314664 0)
(-0.1398279 -0.082300125 0)
(-0.14932652 -0.081480752 0)
(-0.15850934 -0.080687612 0)
(-0.16738538 -0.079919931 0)
(-0.17596361 -0.079177055 0)
(-0.18425301 -0.078458456 0)
(-0.19226252 -0.077763718 0)
(-0.20000106 -0.077092531 0)
(-0.20747751 -0.076444685 0)
(-0.21470072 -0.075820061 0)
(-0.22167948 -0.075218622 0)
(-0.22842254 -0.074640403 0)
(-0.23493861 -0.074085501 0)
(-0.24123632 -0.073554064 0)
(-0.24732424 -0.073046279 0)
(-0.25321088 -0.072562359 0)
(-0.25890469 -0.072102526 0)
(-0.26441403 -0.071666996 0)
(-0.26974721 -0.071255961 0)
(-0.27491244 -0.07086957 0)
(-0.27991788 -0.070507906 0)
(-0.28477161 -0.070170981 0)
(-0.28948167 -0.06985872 0)
(-0.29405606 -0.069570969 0)
(-0.29850273 -0.069307515 0)
(-0.30282981 -0.069068075 0)
(-0.30704674 -0.068851989 0)
(-0.31115674 -0.068658309 0)
(-0.31513667 -0.068488849 0)
(-0.31915218 -0.068340388 0)
(-0.32399152 -0.068133719 0)
(0.10966076 -0.099618073 0)
(0.092409602 -0.098047459 0)
(0.075635535 -0.096541322 0)
(0.059331826 -0.095096483 0)
(0.043491508 -0.093709859 0)
(0.0281073 -0.092378465 0)
(0.013171622 -0.091099428 0)
(-0.0013233524 -0.08986999 0)
(-0.015385664 -0.088687511 0)
(-0.029023542 -0.087549467 0)
(-0.042245381 -0.086453468 0)
(-0.055059716 -0.085397264 0)
(-0.067475208 -0.08437875 0)
(-0.079500621 -0.083395962 0)
(-0.091144808 -0.082447075 0)
(-0.10241669 -0.08153041 0)
(-0.11332526 -0.080644424 0)
(-0.12387955 -0.079787715 0)
(-0.13408861 -0.078959018 0)
(-0.14396155 -0.078157203 0)
(-0.15350746 -0.077381271 0)
(-0.16273546 -0.076630352 0)
(-0.17165463 -0.0759037 0)
(-0.18027408 -0.075200687 0)
(-0.18860287 -0.074520801 0)
(-0.19665005 -0.073863635 0)
(-0.20442462 -0.073228883 0)
(-0.21193555 -0.072616334 0)
(-0.21919177 -0.072025861 0)
(-0.22620215 -0.071457414 0)
(-0.23297551 -0.070911011 0)
(-0.23952061 -0.070386729 0)
(-0.24584614 -0.069884691 0)
(-0.25196074 -0.069405057 0)
(-0.25787295 -0.06894801 0)
(-0.26359125 -0.068513741 0)
(-0.26912405 -0.06810243 0)
(-0.27447966 -0.067714234 0)
(-0.27966631 -0.06734926 0)
(-0.28469217 -0.067007547 0)
(-0.28956531 -0.066689048 0)
(-0.29429374 -0.06639362 0)
(-0.29888545 -0.066121017 0)
(-0.30334834 -0.065870903 0)
(-0.30769045 -0.065642846 0)
(-0.31192113 -0.065436016 0)
(-0.31604468 -0.065249161 0)
(-0.3200384 -0.065083528 0)
(-0.32404311 -0.064938612 0)
(-0.32892246 -0.064725193 0)
(0.10705504 -0.094439382 0)
(0.089702801 -0.092950047 0)
(0.072831382 -0.091521969 0)
(0.056434035 -0.090152133 0)
(0.040503731 -0.088837611 0)
(0.025033129 -0.08757557 0)
(0.010014572 -0.086363284 0)
(-0.0045598461 -0.085198137 0)
(-0.018698255 -0.084077621 0)
(-0.032408977 -0.08299934 0)
(-0.045700502 -0.081961029 0)
(-0.058581466 -0.080960556 0)
(-0.071060632 -0.079995926 0)
(-0.083146868 -0.079065277 0)
(-0.094849134 -0.078166882 0)
(-0.10617646 -0.077299145 0)
(-0.11713794 -0.076460603 0)
(-0.12774272 -0.075649923 0)
(-0.13799996 -0.074865903 0)
(-0.14791887 -0.074107465 0)
(-0.15750865 -0.073373659 0)
(-0.16677851 -0.072663653 0)
(-0.17573766 -0.071976732 0)
(-0.18439528 -0.071312295 0)
(-0.19276053 -0.070669846 0)
(-0.20084255 -0.070048992 0)
(-0.20865044 -0.069449433 0)
(-0.21619323 -0.068870957 0)
(-0.22347994 -0.068313432 0)
(-0.23051951 -0.067776801 0)
(-0.23732083 -0.067261067 0)
(-0.24389271 -0.06676629 0)
(-0.25024391 -0.066292573 0)
(-0.2563831 -0.065840052 0)
(-0.26231888 -0.065408885 0)
(-0.26805977 -0.064999234 0)
(-0.27361419 -0.064611252 0)
(-0.27899048 -0.064245062 0)
(-0.28419689 -0.063900738 0)
(-0.28924159 -0.06357828 0)
(-0.29413265 -0.063277592 0)
(-0.29887806 -0.062998471 0)
(-0.30348578 -0.062740589 0)
(-0.30796366 -0.062503493 0)
(-0.31231966 -0.062286614 0)
(-0.31656298 -0.062088943 0)
(-0.32069884 -0.061908955 0)
(-0.32470591 -0.061747098 0)
(-0.32869792 -0.061606071 0)
(-0.33361645 -0.061385651 0)
(0.10453184 -0.089378231 0)
(0.087085609 -0.087968569 0)
(0.070123686 -0.086616989 0)
(0.053639269 -0.085320629 0)
(0.037625298 -0.084076718 0)
(0.022074372 -0.082882572 0)
(0.0069787656 -0.081735607 0)
(-0.007669503 -0.080633346 0)
(-0.021878643 -0.079573409 0)
(-0.035657063 -0.078553529 0)
(-0.049013341 -0.077571562 0)
(-0.061956205 -0.076625494 0)
(-0.074494513 -0.075713436 0)
(-0.086637229 -0.074833629 0)
(-0.098393409 -0.073984438 0)
(-0.10977219 -0.073164354 0)
(-0.12078275 -0.07237199 0)
(-0.13143435 -0.071606084 0)
(-0.14173625 -0.070865492 0)
(-0.15169775 -0.070149194 0)
(-0.16132815 -0.069456284 0)
(-0.17063677 -0.06878597 0)
(-0.17963289 -0.06813757 0)
(-0.1883258 -0.06751051 0)
(-0.19672475 -0.066904313 0)
(-0.20483895 -0.0663186 0)
(-0.21267759 -0.065753078 0)
(-0.22024978 -0.065207539 0)
(-0.2275646 -0.064681849 0)
(-0.23463107 -0.064175943 0)
(-0.24145814 -0.063689815 0)
(-0.24805468 -0.063223509 0)
(-0.2544295 -0.062777112 0)
(-0.26059133 -0.06235074 0)
(-0.26654879 -0.061944529 0)
(-0.27231045 -0.061558617 0)
(-0.27788476 -0.061193133 0)
(-0.28328009 -0.060848174 0)
(-0.2885047 -0.060523782 0)
(-0.29356675 -0.060219927 0)
(-0.29847432 -0.059936473 0)
(-0.3032354 -0.059673163 0)
(-0.30785788 -0.059429599 0)
(-0.31234961 -0.059205227 0)
(-0.31671842 -0.05899934 0)
(-0.32097336 -0.058810759 0)
(-0.32512034 -0.058637727 0)
(-0.3291404 -0.058479637 0)
(-0.33311789 -0.058342916 0)
(-0.33807469 -0.058115307 0)
(0.10209771 -0.084432165 0)
(0.08456425 -0.083100581 0)
(0.067518297 -0.081823946 0)
(0.050953056 -0.080599557 0)
(0.034861418 -0.07942479 0)
(0.019235933 -0.078297107 0)
(0.004068813 -0.077214064 0)
(-0.010647993 -0.076173319 0)
(-0.024922771 -0.075172619 0)
(-0.038764004 -0.074209821 0)
(-0.052180355 -0.073282902 0)
(-0.065180634 -0.072389962 0)
(-0.077773785 -0.071529219 0)
(-0.089968862 -0.070699014 0)
(-0.10177501 -0.069897803 0)
(-0.11320146 -0.06912416 0)
(-0.12425748 -0.068376776 0)
(-0.13495242 -0.067654454 0)
(-0.14529564 -0.066956115 0)
(-0.15529654 -0.06628079 0)
(-0.16496449 -0.065627619 0)
(-0.17430892 -0.064995853 0)
(-0.18333919 -0.064384842 0)
(-0.19206467 -0.063794037 0)
(-0.2004947 -0.063222984 0)
(-0.20863857 -0.062671318 0)
(-0.21650553 -0.062138757 0)
(-0.22410479 -0.061625097 0)
(-0.23144549 -0.061130204 0)
(-0.2385367 -0.060654008 0)
(-0.24538744 -0.060196494 0)
(-0.25200665 -0.059757697 0)
(-0.25840316 -0.059337689 0)
(-0.26458577 -0.058936568 0)
(-0.27056314 -0.058554452 0)
(-0.27634387 -0.058191459 0)
(-0.28193644 -0.057847697 0)
(-0.28734925 -0.057523239 0)
(-0.29259056 -0.057218106 0)
(-0.29766857 -0.056932239 0)
(-0.30259133 -0.056665472 0)
(-0.30736682 -0.056417503 0)
(-0.31200292 -0.056187877 0)
(-0.31650741 -0.055975946 0)
(-0.32088802 -0.055780889 0)
(-0.32515365 -0.055601345 0)
(-0.32931059 -0.055435402 0)
(-0.33334339 -0.055281109 0)
(-0.33730457 -0.055149193 0)
(-0.34229868 -0.05491429 0)
(0.099758525 -0.07959895 0)
(0.082144232 -0.078343852 0)
(0.065020426 -0.077140626 0)
(0.048380284 -0.075986715 0)
(0.032216679 -0.074879644 0)
(0.016522112 -0.073817015 0)
(0.0012887369 -0.072796523 0)
(-0.013491563 -0.071815954 0)
(-0.027827142 -0.070873181 0)
(-0.041726554 -0.069966183 0)
(-0.055198536 -0.069093056 0)
(-0.068251975 -0.068252012 0)
(-0.080895893 -0.067441373 0)
(-0.093139426 -0.066659578 0)
(-0.1049918 -0.065905174 0)
(-0.11646233 -0.065176816 0)
(-0.12756038 -0.064473268 0)
(-0.13829537 -0.063793404 0)
(-0.14867676 -0.063136202 0)
(-0.15871402 -0.062500746 0)
(-0.16841663 -0.061886225 0)
(-0.17779408 -0.061291927 0)
(-0.18685582 -0.060717237 0)
(-0.19561131 -0.060161634 0)
(-0.20406995 -0.059624686 0)
(-0.21224111 -0.059106043 0)
(-0.22013412 -0.058605435 0)
(-0.22775826 -0.058122663 0)
(-0.23512271 -0.057657596 0)
(-0.24223663 -0.057210161 0)
(-0.24910909 -0.056780337 0)
(-0.25574906 -0.05636815 0)
(-0.26216547 -0.055973658 0)
(-0.26836711 -0.055596949 0)
(-0.27436271 -0.055238122 0)
(-0.2801609 -0.05489728 0)
(-0.2857702 -0.05457451 0)
(-0.29119901 -0.05426987 0)
(-0.29645564 -0.053983361 0)
(-0.30154827 -0.053714901 0)
(-0.30648497 -0.053464301 0)
(-0.3112737 -0.053231225 0)
(-0.3159223 -0.053015169 0)
(-0.32043854 -0.052815411 0)
(-0.32483001 -0.052631027 0)
(-0.32910549 -0.052460481 0)
(-0.33327128 -0.052301796 0)
(-0.33731664 -0.052151376 0)
(-0.34125981 -0.052024837 0)
(-0.34629019 -0.051782654 0)
(0.097519514 -0.074876534 0)
(0.079830477 -0.073696339 0)
(0.062634653 -0.072564991 0)
(0.045925242 -0.07148008 0)
(0.029695086 -0.070439272 0)
(0.01393664 -0.069440309 0)
(-0.0013579958 -0.068481016 0)
(-0.016196999 -0.067559308 0)
(-0.030588787 -0.066673179 0)
(-0.044541978 -0.065820731 0)
(-0.058065375 -0.065000175 0)
(-0.071167936 -0.064209831 0)
(-0.083858755 -0.063448126 0)
(-0.096147039 -0.062713593 0)
(-0.1080421 -0.062004867 0)
(-0.11955331 -0.061320685 0)
(-0.13069013 -0.060659882 0)
(-0.14146205 -0.060021398 0)
(-0.15187862 -0.05940427 0)
(-0.16194938 -0.058807635 0)
(-0.1716839 -0.058230728 0)
(-0.18109174 -0.057672877 0)
(-0.19018242 -0.0571335 0)
(-0.19896549 -0.056612105 0)
(-0.20745041 -0.056108282 0)
(-0.21564663 -0.055621697 0)
(-0.22356354 -0.055152094 0)
(-0.23121047 -0.05469928 0)
(-0.23859669 -0.054263127 0)
(-0.2457314 -0.053843562 0)
(-0.25262373 -0.05344056 0)
(-0.2592827 -0.053054138 0)
(-0.26571727 -0.052684348 0)
(-0.27193631 -0.052331262 0)
(-0.27794857 -0.051994967 0)
(-0.28376271 -0.051675552 0)
(-0.28938727 -0.051373091 0)
(-0.2948307 -0.051087623 0)
(-0.30010132 -0.050819136 0)
(-0.30520732 -0.050567532 0)
(-0.31015678 -0.050332602 0)
(-0.31495764 -0.050113987 0)
(-0.31961771 -0.049911146 0)
(-0.32414474 -0.049723295 0)
(-0.32854619 -0.049549436 0)
(-0.33283074 -0.049387851 0)
(-0.33700432 -0.049236624 0)
(-0.34106216 -0.049090196 0)
(-0.34498571 -0.04896968 0)
(-0.35005125 -0.048720383 0)
(0.095385283 -0.070263012 0)
(0.077627259 -0.069156139 0)
(0.060364986 -0.068095151 0)
(0.043591653 -0.067077771 0)
(0.027300091 -0.066101808 0)
(0.011482712 -0.065165136 0)
(-0.0038684386 -0.064265711 0)
(-0.018761595 -0.063401569 0)
(-0.03320523 -0.062570828 0)
(-0.047208022 -0.061771706 0)
(-0.060778833 -0.061002527 0)
(-0.073926683 -0.060261721 0)
(-0.08666073 -0.059547813 0)
(-0.098990252 -0.058859431 0)
(-0.11092462 -0.058195295 0)
(-0.1224733 -0.057554219 0)
(-0.1336458 -0.056935112 0)
(-0.1444517 -0.056336975 0)
(-0.15490062 -0.055758905 0)
(-0.16500217 -0.05520009 0)
(-0.174766 -0.054659811 0)
(-0.18420173 -0.054137434 0)
(-0.19331897 -0.053632413 0)
(-0.20212732 -0.053144283 0)
(-0.21063632 -0.052672657 0)
(-0.21885548 -0.052217219 0)
(-0.22679425 -0.051777724 0)
(-0.23446203 -0.051353991 0)
(-0.24186814 -0.050945893 0)
(-0.24902184 -0.050553359 0)
(-0.25593229 -0.050176361 0)
(-0.26260859 -0.049814912 0)
(-0.26905973 -0.049469053 0)
(-0.27529461 -0.049138847 0)
(-0.28132203 -0.048824372 0)
(-0.28715069 -0.048525703 0)
(-0.29278916 -0.048242902 0)
(-0.2982459 -0.047975997 0)
(-0.30352926 -0.047724962 0)
(-0.30864745 -0.047489689 0)
(-0.31360853 -0.047269954 0)
(-0.31842047 -0.047065382 0)
(-0.32309104 -0.046875408 0)
(-0.32762795 -0.046699202 0)
(-0.33203854 -0.046535716 0)
(-0.33633148 -0.046383054 0)
(-0.34051182 -0.046239497 0)
(-0.34458214 -0.046097229 0)
(-0.34848461 -0.045983439 0)
(-0.35358412 -0.0457274 0)
(0.093359861 -0.065756594 0)
(0.075538334 -0.064721472 0)
(0.058214872 -0.063729332 0)
(0.041382707 -0.062778027 0)
(0.025034632 -0.061865502 0)
(0.0091630211 -0.06098976 0)
(-0.0062401336 -0.060148885 0)
(-0.021183118 -0.059341035 0)
(-0.035674457 -0.058564444 0)
(-0.04972288 -0.057817447 0)
(-0.063337305 -0.05709848 0)
(-0.076526803 -0.056406076 0)
(-0.089300594 -0.05573886 0)
(-0.10166801 -0.055095549 0)
(-0.1136385 -0.054474947 0)
(-0.12522158 -0.053875945 0)
(-0.13642684 -0.05329752 0)
(-0.14726392 -0.052738736 0)
(-0.1577425 -0.052198747 0)
(-0.16787228 -0.051676793 0)
(-0.17766295 -0.051172197 0)
(-0.18712422 -0.050684367 0)
(-0.19626576 -0.050212789 0)
(-0.20509722 -0.049757027 0)
(-0.21362822 -0.049316715 0)
(-0.22186832 -0.048891558 0)
(-0.22982704 -0.048481323 0)
(-0.23751382 -0.048085838 0)
(-0.24493805 -0.047704982 0)
(-0.25210902 -0.047338685 0)
(-0.25903597 -0.046986919 0)
(-0.26572801 -0.046649691 0)
(-0.2721942 -0.046327036 0)
(-0.27844347 -0.04601901 0)
(-0.28448466 -0.045725681 0)
(-0.29032649 -0.045447114 0)
(-0.29597758 -0.04518336 0)
(-0.3014464 -0.044934438 0)
(-0.30674132 -0.044700313 0)
(-0.31187057 -0.044480867 0)
(-0.31684223 -0.044275871 0)
(-0.32166425 -0.044084937 0)
(-0.32634438 -0.04390749 0)
(-0.33089033 -0.043742664 0)
(-0.33530927 -0.043589395 0)
(-0.33960996 -0.043445605 0)
(-0.34379612 -0.043309936 0)
(-0.34787899 -0.043172039 0)
(-0.35175905 -0.043065717 0)
(-0.35689128 -0.042803578 0)
(0.091446726 -0.061355594 0)
(0.073566882 -0.060390649 0)
(0.05618726 -0.059465857 0)
(0.039301094 -0.058579179 0)
(0.022901163 -0.057728693 0)
(0.0069797911 -0.056912534 0)
(-0.0084710782 -0.056128907 0)
(-0.02345978 -0.055376088 0)
(-0.037994884 -0.054652429 0)
(-0.052085168 -0.053956378 0)
(-0.065739593 -0.053286478 0)
(-0.078967282 -0.052641366 0)
(-0.091777503 -0.052019761 0)
(-0.10417965 -0.05142047 0)
(-0.11618322 -0.050842377 0)
(-0.1277978 -0.050284446 0)
(-0.13903303 -0.049745723 0)
(-0.14989863 -0.049225332 0)
(-0.16040433 -0.048722483 0)
(-0.1705599 -0.048236464 0)
(-0.18037509 -0.047766645 0)
(-0.18985966 -0.047312471 0)
(-0.19902336 -0.046873462 0)
(-0.20787589 -0.046449208 0)
(-0.21642692 -0.046039369 0)
(-0.22468608 -0.045643667 0)
(-0.23266294 -0.045261884 0)
(-0.24036698 -0.044893856 0)
(-0.24780766 -0.044539469 0)
(-0.2549943 -0.044198656 0)
(-0.2619362 -0.043871387 0)
(-0.26864251 -0.043557668 0)
(-0.27512232 -0.043257528 0)
(-0.28138461 -0.042971018 0)
(-0.28743825 -0.042698197 0)
(-0.29329199 -0.04243912 0)
(-0.29895447 -0.042193831 0)
(-0.30443421 -0.041962341 0)
(-0.30973959 -0.041744608 0)
(-0.31487885 -0.041540508 0)
(-0.31986008 -0.04134981 0)
(-0.32469123 -0.041172121 0)
(-0.32938004 -0.041006864 0)
(-0.33393422 -0.040853151 0)
(-0.33836076 -0.040709932 0)
(-0.34266865 -0.040574949 0)
(-0.34685969 -0.040447367 0)
(-0.35095527 -0.040314106 0)
(-0.3548118 -0.040215994 0)
(-0.35997542 -0.039948745 0)
(0.089648854 -0.057058383 0)
(0.071715635 -0.056162064 0)
(0.054284606 -0.055303123 0)
(0.03734905 -0.054479632 0)
(0.02090169 -0.053689797 0)
(0.0049348113 -0.052931883 0)
(-0.010559693 -0.052204214 0)
(-0.025590204 -0.051505182 0)
(-0.040165331 -0.050833253 0)
(-0.054293889 -0.050186986 0)
(-0.067984881 -0.04956503 0)
(-0.08124747 -0.04896612 0)
(-0.094090974 -0.04838907 0)
(-0.10652484 -0.047832772 0)
(-0.11855861 -0.047296188 0)
(-0.13020192 -0.046778354 0)
(-0.1414645 -0.046278379 0)
(-0.15235609 -0.04579545 0)
(-0.16288649 -0.045328828 0)
(-0.17306554 -0.044877853 0)
(-0.18290303 -0.044441936 0)
(-0.1924088 -0.04402056 0)
(-0.20159263 -0.043613279 0)
(-0.21046429 -0.043219711 0)
(-0.2190335 -0.042839538 0)
(-0.22730994 -0.042472501 0)
(-0.23530322 -0.042118395 0)
(-0.2430229 -0.041777068 0)
(-0.25047845 -0.041448412 0)
(-0.25767926 -0.041132364 0)
(-0.26463465 -0.040828895 0)
(-0.27135383 -0.040538008 0)
(-0.27784593 -0.04025973 0)
(-0.28411995 -0.039994103 0)
(-0.2901848 -0.03974118 0)
(-0.29604926 -0.039501012 0)
(-0.30172201 -0.039273633 0)
(-0.30721157 -0.039059048 0)
(-0.31252636 -0.038857211 0)
(-0.31767463 -0.038667997 0)
(-0.32266448 -0.038491172 0)
(-0.32750388 -0.038326347 0)
(-0.33220054 -0.038172947 0)
(-0.33676217 -0.038030078 0)
(-0.34119559 -0.037896727 0)
(-0.34551016 -0.037770466 0)
(-0.34970525 -0.037651135 0)
(-0.3538137 -0.037522824 0)
(-0.35764584 -0.037433613 0)
(-0.36283947 -0.037162691 0)
(0.087968749 -0.052863417 0)
(0.069986833 -0.052034157 0)
(0.052508953 -0.051239586 0)
(0.035528384 -0.050477848 0)
(0.019037812 -0.049747284 0)
(0.0030294727 -0.049046286 0)
(-0.012504788 -0.048373297 0)
(-0.027573391 -0.047726822 0)
(-0.042184981 -0.047105437 0)
(-0.056348405 -0.046507809 0)
(-0.070072699 -0.045932691 0)
(-0.083367064 -0.045378915 0)
(-0.096240856 -0.044845385 0)
(-0.10870357 -0.044331075 0)
(-0.1207648 -0.043835023 0)
(-0.13243423 -0.043356333 0)
(-0.14372164 -0.04289418 0)
(-0.15463683 -0.042447805 0)
(-0.16518965 -0.042016527 0)
(-0.17538998 -0.041599729 0)
(-0.1852477 -0.041196868 0)
(-0.19477265 -0.040807461 0)
(-0.20397471 -0.040431098 0)
(-0.21286366 -0.040067421 0)
(-0.2214493 -0.039716138 0)
(-0.22974134 -0.039377005 0)
(-0.23774944 -0.039049836 0)
(-0.2454832 -0.038734484 0)
(-0.25295215 -0.038430855 0)
(-0.2601657 -0.038138885 0)
(-0.26713323 -0.03785855 0)
(-0.27386398 -0.037589848 0)
(-0.2803671 -0.037332804 0)
(-0.28665165 -0.037087456 0)
(-0.29272655 -0.036853853 0)
(-0.29860062 -0.036632035 0)
(-0.30428256 -0.036422036 0)
(-0.30978093 -0.036223853 0)
(-0.31510415 -0.03603744 0)
(-0.3202605 -0.035862667 0)
(-0.32525809 -0.035699307 0)
(-0.33010488 -0.035546972 0)
(-0.3348086 -0.035405104 0)
(-0.33937695 -0.035272805 0)
(-0.34381658 -0.035149128 0)
(-0.34813735 -0.035031481 0)
(-0.35233568 -0.034920508 0)
(-0.35645719 -0.034797517 0)
(-0.36026438 -0.034717772 0)
(-0.36548659 -0.034445178 0)
(0.086408507 -0.048769171 0)
(0.068382368 -0.048005432 0)
(0.050861939 -0.047273738 0)
(0.033840536 -0.046572331 0)
(0.017310761 -0.045899664 0)
(0.001264808 -0.045254266 0)
(-0.014305521 -0.044634691 0)
(-0.029408684 -0.044039555 0)
(-0.044053354 -0.043467543 0)
(-0.058248406 -0.042917426 0)
(-0.0720029 -0.042388057 0)
(-0.085326067 -0.041878364 0)
(-0.098227303 -0.041387337 0)
(-0.11071614 -0.04091403 0)
(-0.12280223 -0.040457552 0)
(-0.13449529 -0.040017077 0)
(-0.14580515 -0.039591838 0)
(-0.15674167 -0.039181136 0)
(-0.16731474 -0.038784338 0)
(-0.1775343 -0.038400877 0)
(-0.18741025 -0.038030247 0)
(-0.19695251 -0.037672008 0)
(-0.20617097 -0.037325775 0)
(-0.2150755 -0.036991223 0)
(-0.22367591 -0.036668078 0)
(-0.23198197 -0.036356119 0)
(-0.24000338 -0.036055171 0)
(-0.24774978 -0.035765102 0)
(-0.25523073 -0.035485821 0)
(-0.26245571 -0.035217271 0)
(-0.2694341 -0.034959427 0)
(-0.27617518 -0.034712291 0)
(-0.28268816 -0.034475881 0)
(-0.2889821 -0.034250235 0)
(-0.29506598 -0.034035392 0)
(-0.30094863 -0.033831395 0)
(-0.30663877 -0.033638266 0)
(-0.31214499 -0.033456005 0)
(-0.31747573 -0.033284557 0)
(-0.32263928 -0.033123801 0)
(-0.32764378 -0.032973509 0)
(-0.33249718 -0.032833307 0)
(-0.3372072 -0.032702647 0)
(-0.3417816 -0.032580644 0)
(-0.34622677 -0.032466431 0)
(-0.35055328 -0.032357273 0)
(-0.35475412 -0.032254684 0)
(-0.35888883 -0.032137444 0)
(-0.36267088 -0.032067502 0)
(-0.36792022 -0.031795952 0)
(0.084969849 -0.044774221 0)
(0.066903743 -0.0440744 0)
(0.049344896 -0.043404103 0)
(0.032286614 -0.042761607 0)
(0.015721448 -0.042145476 0)
(-0.00035846504 -0.041554372 0)
(-0.01596136 -0.040986957 0)
(-0.031095729 -0.040441956 0)
(-0.045770269 -0.03991816 0)
(-0.059993871 -0.039414442 0)
(-0.073775618 -0.038929751 0)
(-0.087124767 -0.038463104 0)
(-0.10005075 -0.038013582 0)
(-0.11256313 -0.037580309 0)
(-0.1246716 -0.037162468 0)
(-0.13638594 -0.036759294 0)
(-0.147716 -0.036370082 0)
(-0.1586717 -0.035994188 0)
(-0.16926297 -0.03563103 0)
(-0.17949979 -0.035280083 0)
(-0.18939211 -0.034940885 0)
(-0.19894989 -0.03461303 0)
(-0.20818307 -0.034296166 0)
(-0.21710155 -0.033989995 0)
(-0.22571519 -0.033694264 0)
(-0.23403379 -0.033408771 0)
(-0.24206709 -0.033133356 0)
(-0.24982478 -0.032867897 0)
(-0.25731644 -0.03261231 0)
(-0.26455159 -0.032366543 0)
(-0.27153966 -0.032130576 0)
(-0.27828995 -0.031904407 0)
(-0.28481169 -0.031688056 0)
(-0.29111399 -0.031481554 0)
(-0.29720584 -0.03128494 0)
(-0.3030961 -0.03109825 0)
(-0.30879352 -0.030921505 0)
(-0.31430671 -0.0307547 0)
(-0.31964413 -0.030597783 0)
(-0.32481408 -0.030450632 0)
(-0.32982471 -0.030313029 0)
(-0.334684 -0.030184606 0)
(-0.33939963 -0.030064844 0)
(-0.34397942 -0.029952863 0)
(-0.3484295 -0.029847892 0)
(-0.3527613 -0.029747082 0)
(-0.35696401 -0.02965281 0)
(-0.36111194 -0.029541815 0)
(-0.3648691 -0.029481664 0)
(-0.3701441 -0.02921474 0)
(0.083654202 -0.040877028 0)
(0.065552269 -0.040239613 0)
(0.047958857 -0.039629205 0)
(0.03086746 -0.039044217 0)
(0.014270515 -0.038483274 0)
(-0.0018398919 -0.03794517 0)
(-0.017472031 -0.037428676 0)
(-0.032634427 -0.036932621 0)
(-0.047335792 -0.036455899 0)
(-0.061585031 -0.035997482 0)
(-0.075391239 -0.03555641 0)
(-0.088763696 -0.035131792 0)
(-0.10171186 -0.034722789 0)
(-0.11424534 -0.034328599 0)
(-0.12637386 -0.033948471 0)
(-0.13810724 -0.033581703 0)
(-0.14945538 -0.033227647 0)
(-0.16042823 -0.032885714 0)
(-0.17103578 -0.03255537 0)
(-0.18128802 -0.032236136 0)
(-0.19119496 -0.031927588 0)
(-0.2007666 -0.031629357 0)
(-0.2100129 -0.031341121 0)
(-0.21894381 -0.031062607 0)
(-0.22756923 -0.030793586 0)
(-0.23589899 -0.030533873 0)
(-0.24394287 -0.030283321 0)
(-0.25171059 -0.030041821 0)
(-0.25921176 -0.029809296 0)
(-0.26645595 -0.029585699 0)
(-0.27345259 -0.029371013 0)
(-0.28021104 -0.029165236 0)
(-0.28674054 -0.028968386 0)
(-0.29305024 -0.028780494 0)
(-0.29914914 -0.028601594 0)
(-0.30504614 -0.028431719 0)
(-0.31075001 -0.028270888 0)
(-0.31626936 -0.028119093 0)
(-0.32161269 -0.027976283 0)
(-0.32678831 -0.027842343 0)
(-0.33180437 -0.02771706 0)
(-0.33666886 -0.027600082 0)
(-0.34138945 -0.027490909 0)
(-0.34597403 -0.027388684 0)
(-0.35042843 -0.027292722 0)
(-0.35476507 -0.027200117 0)
(-0.35896907 -0.027113981 0)
(-0.36313005 -0.027009803 0)
(-0.36686311 -0.026958917 0)
(-0.37216229 -0.026701278 0)
(0.064328969 -0.036499537 0)
(0.046704662 -0.035947574 0)
(0.029583684 -0.035418705 0)
(0.012958381 -0.034911619 0)
(-0.0031792391 -0.034425238 0)
(-0.018837481 -0.033958439 0)
(-0.034024896 -0.033510155 0)
(-0.048750209 -0.033079378 0)
(-0.06302233 -0.032665178 0)
(-0.076850361 -0.032266684 0)
(-0.0902436 -0.031883089 0)
(-0.10321154 -0.031513635 0)
(-0.11576381 -0.031157591 0)
(-0.12791018 -0.030814267 0)
(-0.1396605 -0.030483023 0)
(-0.15102473 -0.030163267 0)
(-0.16201283 -0.029854464 0)
(-0.17263484 -0.029556126 0)
(-0.18290078 -0.02926782 0)
(-0.19282071 -0.028989159 0)
(-0.20240464 -0.028719807 0)
(-0.2116626 -0.028459475 0)
(-0.22060454 -0.028207912 0)
(-0.22924039 -0.027964914 0)
(-0.23758004 -0.027730312 0)
(-0.24563329 -0.027503974 0)
(-0.25340988 -0.027285802 0)
(-0.26091947 -0.027075725 0)
(-0.26817164 -0.026873703 0)
(-0.27517586 -0.026679723 0)
(-0.28194152 -0.026493781 0)
(-0.28847788 -0.026315896 0)
(-0.2947941 -0.026146095 0)
(-0.30089923 -0.025984413 0)
(-0.30680218 -0.025830877 0)
(-0.31251173 -0.025685506 0)
(-0.31803653 -0.02554829 0)
(-0.32338507 -0.025419183 0)
(-0.32856569 -0.02529807 0)
(-0.33358655 -0.025184753 0)
(-0.33845564 -0.025078892 0)
(-0.34318061 -0.024980014 0)
(-0.34776942 -0.024887286 0)
(-0.3522276 -0.024800099 0)
(-0.35656862 -0.024715555 0)
(-0.36077343 -0.024637264 0)
(-0.36494698 -0.024540567 0)
(-0.36865734 -0.024497732 0)
(-0.37397919 -0.024255273 0)
(0.063234694 -0.032852694 0)
(0.045582948 -0.032357729 0)
(0.028435754 -0.031883613 0)
(0.011785322 -0.031429073 0)
(-0.0043764153 -0.030993151 0)
(-0.020057795 -0.030574837 0)
(-0.035267395 -0.030173161 0)
(-0.050013947 -0.029787216 0)
(-0.064306357 -0.029416163 0)
(-0.078153726 -0.029059219 0)
(-0.091565373 -0.028715657 0)
(-0.10455081 -0.028384796 0)
(-0.11711971 -0.02806597 0)
(-0.12928187 -0.027758555 0)
(-0.14104718 -0.027461966 0)
(-0.15242562 -0.02717567 0)
(-0.16342721 -0.026899179 0)
(-0.174062 -0.026632055 0)
(-0.18434006 -0.026373904 0)
(-0.19427146 -0.02612438 0)
(-0.20386626 -0.02588318 0)
(-0.2131345 -0.025650041 0)
(-0.22208617 -0.025424741 0)
(-0.23073125 -0.025207095 0)
(-0.23907963 -0.024996952 0)
(-0.24714114 -0.024794195 0)
(-0.25492556 -0.024598735 0)
(-0.26244258 -0.024410511 0)
(-0.26970179 -0.024229485 0)
(-0.2767127 -0.024055651 0)
(-0.28348471 -0.023889004 0)
(-0.29002712 -0.023729563 0)
(-0.2963491 -0.023577354 0)
(-0.30245972 -0.023432407 0)
(-0.30836792 -0.023294752 0)
(-0.31408249 -0.023164402 0)
(-0.31961209 -0.023041351 0)
(-0.32496524 -0.022925552 0)
(-0.33015029 -0.0228169 0)
(-0.33517539 -0.022715205 0)
(-0.34004855 -0.022620148 0)
(-0.3447774 -0.022531279 0)
(-0.34936994 -0.022447801 0)
(-0.35383142 -0.022369156 0)
(-0.35817633 -0.022292549 0)
(-0.36238161 -0.02222171 0)
(-0.36656681 -0.022133259 0)
(-0.37025661 -0.022096373 0)
(-0.37559944 -0.021876455 0)
(0.06226999 -0.029297575 0)
(0.044594232 -0.0288582 0)
(0.027423964 -0.028437477 0)
(0.010751446 -0.02803419 0)
(-0.0054314952 -0.027647485 0)
(-0.021133228 -0.027276459 0)
(-0.036362351 -0.026920245 0)
(-0.0511276 -0.026578031 0)
(-0.06543787 -0.026249071 0)
(-0.079302253 -0.025932661 0)
(-0.092730086 -0.025628155 0)
(-0.1057309 -0.025334943 0)
(-0.11831441 -0.025052423 0)
(-0.13049044 -0.024780031 0)
(-0.14226893 -0.024517242 0)
(-0.15365986 -0.024263574 0)
(-0.16467331 -0.024018591 0)
(-0.17531933 -0.023781898 0)
(-0.18560804 -0.023553144 0)
(-0.19554953 -0.02333202 0)
(-0.20515389 -0.023118255 0)
(-0.21443118 -0.022911615 0)
(-0.22339144 -0.022711902 0)
(-0.23204463 -0.022518952 0)
(-0.24040069 -0.022332631 0)
(-0.24846949 -0.022152836 0)
(-0.25626082 -0.021979489 0)
(-0.26378439 -0.021812537 0)
(-0.27104981 -0.021651945 0)
(-0.27806663 -0.021497713 0)
(-0.28484425 -0.021349836 0)
(-0.291392 -0.021208332 0)
(-0.29771908 -0.021073228 0)
(-0.30383456 -0.020944552 0)
(-0.3097474 -0.020822331 0)
(-0.31546643 -0.020706579 0)
(-0.3210003 -0.020597288 0)
(-0.32635754 -0.020494419 0)
(-0.33154652 -0.020397871 0)
(-0.33657539 -0.020307469 0)
(-0.34145218 -0.020222912 0)
(-0.34618446 -0.020143779 0)
(-0.35078031 -0.020069318 0)
(-0.35524466 -0.019998989 0)
(-0.35959297 -0.019930224 0)
(-0.36379853 -0.019866365 0)
(-0.36799392 -0.019787059 0)
(-0.37166611 -0.019752841 0)
(-0.37702803 -0.019564778 0)
(0.04373907 -0.025447476 0)
(0.026548669 -0.025078817 0)
(0.0098569146 -0.024725517 0)
(-0.0063444974 -0.024386803 0)
(-0.022063975 -0.024061886 0)
(-0.037310134 -0.023750004 0)
(-0.052091709 -0.023450434 0)
(-0.066417574 -0.023162526 0)
(-0.080296806 -0.02288565 0)
(-0.093738758 -0.022619234 0)
(-0.10675299 -0.022362737 0)
(-0.11934924 -0.022115619 0)
(-0.13153738 -0.021877378 0)
(-0.14332736 -0.021647542 0)
(-0.15472921 -0.021425684 0)
(-0.16575302 -0.021211413 0)
(-0.17640888 -0.021004381 0)
(-0.18670692 -0.020804278 0)
(-0.19665726 -0.020610829 0)
(-0.20627 -0.020423795 0)
(-0.21555525 -0.02024297 0)
(-0.22452304 -0.020068182 0)
(-0.23318338 -0.019899284 0)
(-0.24154622 -0.019736162 0)
(-0.24962145 -0.019578723 0)
(-0.25741888 -0.019426902 0)
(-0.26494824 -0.019280655 0)
(-0.27221918 -0.019139954 0)
(-0.27924123 -0.019004789 0)
(-0.28602384 -0.018875169 0)
(-0.29257635 -0.018751111 0)
(-0.29890796 -0.01863264 0)
(-0.30502779 -0.018519782 0)
(-0.31094479 -0.018412563 0)
(-0.31666779 -0.018310996 0)
(-0.32220549 -0.018215077 0)
(-0.32756642 -0.018124769 0)
(-0.33275893 -0.018039981 0)
(-0.3377912 -0.017960552 0)
(-0.34267124 -0.017886205 0)
(-0.34740662 -0.017816546 0)
(-0.35200542 -0.017750884 0)
(-0.35647232 -0.017688657 0)
(-0.36082353 -0.017627677 0)
(-0.3650294 -0.017570281 0)
(-0.36923276 -0.017501184 0)
(-0.37289146 -0.01746468 0)
(-0.37826955 -0.017321157 0)
(0.043017562 -0.022124004 0)
(0.025809791 -0.021806136 0)
(0.0091014813 -0.02150158 0)
(-0.0071158426 -0.021209654 0)
(-0.022850629 -0.020929686 0)
(-0.038111505 -0.020661019 0)
(-0.052907201 -0.020403024 0)
(-0.067246559 -0.020155142 0)
(-0.081138631 -0.019916811 0)
(-0.094592788 -0.019687533 0)
(-0.10761862 -0.019466829 0)
(-0.1202259 -0.019254223 0)
(-0.13242451 -0.019049269 0)
(-0.14422446 -0.018851552 0)
(-0.1556358 -0.018660694 0)
(-0.16666862 -0.018476353 0)
(-0.17733305 -0.018298224 0)
(-0.18763923 -0.018126035 0)
(-0.19759731 -0.017959547 0)
(-0.20721741 -0.017798553 0)
(-0.21650964 -0.017642873 0)
(-0.22548406 -0.017492358 0)
(-0.23415071 -0.017346882 0)
(-0.24251954 -0.017206346 0)
(-0.25060047 -0.017070672 0)
(-0.25840333 -0.016939803 0)
(-0.26593785 -0.016813706 0)
(-0.2732137 -0.016692365 0)
(-0.28024044 -0.016575744 0)
(-0.28702753 -0.016463882 0)
(-0.29358432 -0.01635679 0)
(-0.29992004 -0.016254491 0)
(-0.30604379 -0.016157011 0)
(-0.31196456 -0.016064373 0)
(-0.31769119 -0.015976593 0)
(-0.32323238 -0.015893666 0)
(-0.32859666 -0.015815561 0)
(-0.33379241 -0.015742198 0)
(-0.3388278 -0.015673433 0)
(-0.34371082 -0.015609014 0)
(-0.34844903 -0.015548576 0)
(-0.35305051 -0.015491507 0)
(-0.35751974 -0.015437183 0)
(-0.36187335 -0.015383971 0)
(-0.36607981 -0.01533254 0)
(-0.37028799 -0.015274862 0)
(-0.37393907 -0.015229445 0)
(-0.37932849 -0.015146571 0)
(0.042430437 -0.018886339 0)
(0.025207971 -0.018617958 0)
(0.0084856342 -0.018360915 0)
(-0.0077452093 -0.018114582 0)
(-0.023493034 -0.017878414 0)
(-0.038766469 -0.017651857 0)
(-0.05357424 -0.017434376 0)
(-0.067925143 -0.017225503 0)
(-0.081828196 -0.017024737 0)
(-0.09529279 -0.01683165 0)
(-0.10832855 -0.016645823 0)
(-0.12094528 -0.016466844 0)
(-0.1331529 -0.016294321 0)
(-0.14496143 -0.016127893 0)
(-0.15638095 -0.015967233 0)
(-0.16742158 -0.015812044 0)
(-0.17809345 -0.015662064 0)
(-0.18840672 -0.015517061 0)
(-0.19837157 -0.015376828 0)
(-0.20799811 -0.015241189 0)
(-0.21729649 -0.015109991 0)
(-0.22627678 -0.014983106 0)
(-0.23494902 -0.014860429 0)
(-0.2433232 -0.014741877 0)
(-0.25140922 -0.014627384 0)
(-0.25921694 -0.014516904 0)
(-0.26675612 -0.01441041 0)
(-0.27403643 -0.014307894 0)
(-0.28106743 -0.014209321 0)
(-0.28785861 -0.014114733 0)
(-0.29441933 -0.014024141 0)
(-0.30075881 -0.013937567 0)
(-0.3068862 -0.013855037 0)
(-0.31281046 -0.013776573 0)
(-0.31854046 -0.013702191 0)
(-0.32408491 -0.013631891 0)
(-0.32945233 -0.013565645 0)
(-0.33465112 -0.013503387 0)
(-0.33968943 -0.013444988 0)
(-0.34457527 -0.01339023 0)
(-0.34931614 -0.013338774 0)
(-0.35392012 -0.013290105 0)
(-0.35839156 -0.013243521 0)
(-0.36274713 -0.013198035 0)
(-0.36695476 -0.013152387 0)
(-0.37116357 -0.013106592 0)
(-0.37481547 -0.013049114 0)
(-0.38020763 -0.01303291 0)
(0.041932665 -0.01548319 0)
(0.024697091 -0.015266821 0)
(0.0079621663 -0.015059708 0)
(-0.008280848 -0.0148613 0)
(-0.024040445 -0.014671169 0)
(-0.039325248 -0.014488871 0)
(-0.054143977 -0.014313971 0)
(-0.068505364 -0.014146103 0)
(-0.082418378 -0.013984822 0)
(-0.095892437 -0.013829772 0)
(-0.10893721 -0.0136806 0)
(-0.12156253 -0.013536956 0)
(-0.13377837 -0.013398509 0)
(-0.14559475 -0.013264955 0)
(-0.15702178 -0.013136019 0)
(-0.16806959 -0.013011455 0)
(-0.17874834 -0.012891045 0)
(-0.1890682 -0.012774595 0)
(-0.19903934 -0.012661938 0)
(-0.20867192 -0.012552928 0)
(-0.21797608 -0.01244744 0)
(-0.2269619 -0.01234537 0)
(-0.23563944 -0.012246634 0)
(-0.2440187 -0.012151164 0)
(-0.2521096 -0.012058909 0)
(-0.259922 -0.011969834 0)
(-0.26746568 -0.011883918 0)
(-0.2747503 -0.011801151 0)
(-0.28178546 -0.011721533 0)
(-0.28858064 -0.011645076 0)
(-0.29514521 -0.011571802 0)
(-0.30148842 -0.011501731 0)
(-0.3076194 -0.011434889 0)
(-0.31354715 -0.011371299 0)
(-0.31928051 -0.011310977 0)
(-0.32482821 -0.011253927 0)
(-0.3301988 -0.011200128 0)
(-0.33540064 -0.011149527 0)
(-0.3404419 -0.011102015 0)
(-0.34533057 -0.01105741 0)
(-0.35007414 -0.011015415 0)
(-0.35468063 -0.010975607 0)
(-0.35915433 -0.010937287 0)
(-0.36351161 -0.01089991 0)
(-0.36772109 -0.010861193 0)
(-0.37192664 -0.010825835 0)
(-0.37558767 -0.010767069 0)
(-0.38097481 -0.010789254 0)
(0.024267312 -0.011709148 0)
(0.0075215493 -0.011555057 0)
(-0.008731955 -0.011407552 0)
(-0.024501721 -0.011266315 0)
(-0.039796366 -0.011131021 0)
(-0.054624604 -0.011001343 0)
(-0.068995079 -0.010877033 0)
(-0.082916683 -0.010757685 0)
(-0.09639888 -0.010643029 0)
(-0.10945139 -0.010532777 0)
(-0.1220841 -0.01042665 0)
(-0.13430699 -0.010324379 0)
(-0.14613013 -0.01022572 0)
(-0.15756363 -0.010130458 0)
(-0.16861763 -0.010038397 0)
(-0.17930231 -0.0099493682 0)
(-0.18962786 -0.009863221 0)
(-0.19960445 -0.0097798255 0)
(-0.20924225 -0.0096990695 0)
(-0.21855141 -0.0096208586 0)
(-0.22754203 -0.0095451136 0)
(-0.23622418 -0.0094717717 0)
(-0.24460786 -0.0094007832 0)
(-0.25270301 -0.0093321122 0)
(-0.26051949 -0.0092657344 0)
(-0.26806709 -0.0092016369 0)
(-0.27535549 -0.0091398135 0)
(-0.28239429 -0.0090802805 0)
(-0.28919298 -0.0090230406 0)
(-0.29576094 -0.0089681164 0)
(-0.30210742 -0.0089155308 0)
(-0.30824156 -0.0088653086 0)
(-0.31417236 -0.0088174725 0)
(-0.3199087 -0.0087720407 0)
(-0.32545927 -0.0087290197 0)
(-0.33083264 -0.0086883991 0)
(-0.33603718 -0.0086501393 0)
(-0.34108105 -0.0086141592 0)
(-0.34597223 -0.0085803147 0)
(-0.35071818 -0.0085483692 0)
(-0.35532685 -0.0085179832 0)
(-0.35980254 -0.0084885783 0)
(-0.36416119 -0.0084597488 0)
(-0.36837232 -0.0084295171 0)
(-0.37257441 -0.0084024245 0)
(-0.37624399 -0.0083575918 0)
(-0.38162716 -0.0083767739 0)
(0.023942656 -0.0081492535 0)
(0.0071886005 -0.0080482456 0)
(-0.0090729538 -0.0079516953 0)
(-0.024850546 -0.0078593994 0)
(-0.040152783 -0.0077711466 0)
(-0.054988388 -0.0076867245 0)
(-0.069365878 -0.0076060128 0)
(-0.08329405 -0.0075286289 0)
(-0.096782433 -0.0074543897 0)
(-0.10984081 -0.0073830794 0)
(-0.12247912 -0.0073144841 0)
(-0.13470736 -0.0072483995 0)
(-0.14653561 -0.0071846459 0)
(-0.157974 -0.0071230629 0)
(-0.1690327 -0.0070635106 0)
(-0.17972188 -0.0070058657 0)
(-0.19005174 -0.0069500224 0)
(-0.20003246 -0.006895888 0)
(-0.20967423 -0.0068433851 0)
(-0.21898719 -0.0067924475 0)
(-0.22798145 -0.0067430232 0)
(-0.2366671 -0.0066950693 0)
(-0.24505414 -0.0066485557 0)
(-0.25315251 -0.0066034595 0)
(-0.2609721 -0.0065597696 0)
(-0.26852268 -0.0065174798 0)
(-0.27581395 -0.0064765931 0)
(-0.28285551 -0.0064371266 0)
(-0.28965687 -0.0063990884 0)
(-0.2962274 -0.0063624989 0)
(-0.30257636 -0.0063273829 0)
(-0.30871291 -0.0062937632 0)
(-0.31464604 -0.0062616644 0)
(-0.32038462 -0.0062311044 0)
(-0.32593739 -0.0062020964 0)
(-0.33131288 -0.0061746374 0)
(-0.33651947 -0.0061487066 0)
(-0.34156533 -0.0061242485 0)
(-0.34645842 -0.0061011652 0)
(-0.35120617 -0.0060792854 0)
(-0.3558165 -0.0060583635 0)
(-0.36029367 -0.0060379756 0)
(-0.3646533 -0.0060178148 0)
(-0.36886557 -0.0059964922 0)
(-0.37306551 -0.0059773092 0)
(-0.37674021 -0.005947654 0)
(-0.38212335 -0.0059576474 0)
(0.023723823 -0.0045878541 0)
(0.0069640798 -0.0045399726 0)
(-0.0093030639 -0.0044944182 0)
(-0.025086127 -0.004451101 0)
(-0.0403937 -0.0044099202 0)
(-0.055234517 -0.0043707829 0)
(-0.069616941 -0.0043337029 0)
(-0.083549643 -0.0042982952 0)
(-0.09704225 -0.0042644856 0)
(-0.11010462 -0.0042321267 0)
(-0.12274673 -0.0042010684 0)
(-0.13497859 -0.0041711739 0)
(-0.14681032 -0.0041423255 0)
(-0.15825205 -0.0041144224 0)
(-0.16931394 -0.0040873766 0)
(-0.18000618 -0.0040611143 0)
(-0.19033897 -0.0040355711 0)
(-0.2003225 -0.0040106943 0)
(-0.20996697 -0.0039864386 0)
(-0.21928252 -0.0039627696 0)
(-0.22827927 -0.0039396583 0)
(-0.2369673 -0.0039170858 0)
(-0.24535663 -0.0038950375 0)
(-0.2534572 -0.0038735078 0)
(-0.26127889 -0.0038524945 0)
(-0.26883151 -0.003832003 0)
(-0.27612473 -0.0038120405 0)
(-0.28316818 -0.0037926287 0)
(-0.28997136 -0.0037737775 0)
(-0.29654364 -0.0037555102 0)
(-0.3028943 -0.0037378483 0)
(-0.30903249 -0.0037208176 0)
(-0.31496721 -0.0037044399 0)
(-0.32070733 -0.0036887382 0)
(-0.32626159 -0.0036737273 0)
(-0.33163853 -0.0036594173 0)
(-0.33684653 -0.0036458023 0)
(-0.34189374 -0.0036328601 0)
(-0.34678813 -0.0036205359 0)
(-0.35153712 -0.0036087353 0)
(-0.35614858 -0.0035973106 0)
(-0.36062674 -0.0035860103 0)
(-0.36498703 -0.0035746449 0)
(-0.36920005 -0.0035623973 0)
(-0.37339878 -0.003551275 0)
(-0.37707647 -0.0035346092 0)
(-0.38246071 -0.0035392256 0)
(0.023610871 -0.0010256302 0)
(0.0068480489 -0.0010308905 0)
(-0.0094222149 -0.001036358 0)
(-0.025208392 -0.0010420516 0)
(-0.040519039 -0.0010479706 0)
(-0.055362907 -0.0010541401 0)
(-0.069748165 -0.0010607225 0)
(-0.083683351 -0.0010672905 0)
(-0.09717822 -0.0010739173 0)
(-0.11024271 -0.001080512 0)
(-0.12288682 -0.0010869909 0)
(-0.13512061 -0.001093284 0)
(-0.14695417 -0.0010993389 0)
(-0.15839766 -0.001105112 0)
(-0.16946123 -0.00111057 0)
(-0.18015509 -0.0011156856 0)
(-0.19048944 -0.001120439 0)
(-0.20047447 -0.0011248142 0)
(-0.21012037 -0.0011288017 0)
(-0.21943729 -0.0011323942 0)
(-0.22843536 -0.0011355907 0)
(-0.23712466 -0.0011383913 0)
(-0.24551521 -0.001140802 0)
(-0.25361695 -0.0011428294 0)
(-0.26143977 -0.0011444853 0)
(-0.26899346 -0.0011457814 0)
(-0.27628773 -0.0011467344 0)
(-0.28333219 -0.0011473654 0)
(-0.29013633 -0.0011476913 0)
(-0.29670954 -0.0011477329 0)
(-0.3030611 -0.0011475146 0)
(-0.30920016 -0.0011470588 0)
(-0.31513572 -0.0011463909 0)
(-0.32087667 -0.0011455326 0)
(-0.32643171 -0.0011445072 0)
(-0.33180942 -0.001143332 0)
(-0.33701817 -0.0011420228 0)
(-0.3420661 -0.0011405851 0)
(-0.34696118 -0.0011390168 0)
(-0.35171083 -0.0011372967 0)
(-0.35632289 -0.0011353883 0)
(-0.36080159 -0.0011332142 0)
(-0.36516225 -0.001130718 0)
(-0.36937566 -0.0011276325 0)
(-0.37357389 -0.00112463 0)
(-0.37725302 -0.0011196209 0)
(-0.38263817 -0.0011210503 0)
)
;

boundaryField
{
    inletLow
    {
        type            fixedValue;
        value           nonuniform List<vector> 0();
    }
    inletJet
    {
        type            fixedValue;
        value           nonuniform List<vector> 0();
    }
    inletHigh
    {
        type            fixedValue;
        value           nonuniform List<vector> 0();
    }
    outlet
    {
        type            zeroGradient;
    }
    upperWall
    {
        type            pressureInletOutletVelocity;
        value           nonuniform List<vector> 0();
    }
    lowerWall
    {
        type            pressureInletOutletVelocity;
        value           nonuniform List<vector> 
51
(
(0.16256977 -0.58597909 0)
(0.15568005 -0.57569863 0)
(0.14891261 -0.56555093 0)
(0.14226634 -0.55553076 0)
(0.13574032 -0.54563288 0)
(0.12933382 -0.53585211 0)
(0.12304625 -0.52618345 0)
(0.11687726 -0.51662206 0)
(0.11082666 -0.50716335 0)
(0.10489443 -0.49780301 0)
(0.099080725 -0.48853707 0)
(0.093385847 -0.47936193 0)
(0.087810229 -0.47027442 0)
(0.082354429 -0.46127185 0)
(0.07701911 -0.45235199 0)
(0.071805028 -0.44351318 0)
(0.066713013 -0.43475432 0)
(0.061743957 -0.42607491 0)
(0.056898794 -0.41747507 0)
(0.05217849 -0.40895558 0)
(0.047584023 -0.40051788 0)
(0.043116375 -0.3921641 0)
(0.038776514 -0.38389709 0)
(0.034565382 -0.37572038 0)
(0.030483887 -0.36763826 0)
(0.026532894 -0.35965574 0)
(0.02271321 -0.35177854 0)
(0.019025585 -0.34401314 0)
(0.015470703 -0.33636677 0)
(0.01204918 -0.32884736 0)
(0.0087615627 -0.32146361 0)
(0.0056083323 -0.31422495 0)
(0.0025899058 -0.30714156 0)
(-0.00029335308 -0.30022434 0)
(-0.0030411241 -0.293485 0)
(-0.0056531181 -0.286936 0)
(-0.0081290591 -0.28059064 0)
(-0.010468658 -0.27446311 0)
(-0.012671582 -0.26856853 0)
(-0.014737413 -0.26292313 0)
(-0.016665602 -0.25754437 0)
(-0.018455404 -0.25245117 0)
(-0.02010581 -0.24766419 0)
(-0.021615496 -0.24320625 0)
(-0.022982761 -0.23910298 0)
(-0.024205081 -0.23538371 0)
(-0.025278037 -0.23208227 0)
(-0.026196798 -0.22923767 0)
(-0.026970705 -0.22690183 0)
(-0.027640619 -0.22517543 0)
(-0.028164035 -0.22425678 0)
)
;
    }
    frontAndBack
    {
        type            empty;
    }
    procBoundary4to0
    {
        type            processor;
        value           nonuniform List<vector> 6((0.023603992 0.0025369727 0) (0.0068406949 0.0024785523 0) (-0.0094302294 0.0024220382 0) (-0.025217164 0.002367306 0) (-0.04052863 0.0023142485 0) (-0.055373367 0.0022627333 0));
    }
    procBoundary4to1
    {
        type            processor;
        value           nonuniform List<vector> 
41
(
(-0.069759329 0.0022125122 0)
(-0.083694949 0.0021639703 0)
(-0.097190124 0.0021169039 0)
(-0.11025486 0.0020713583 0)
(-0.12289919 0.0020273476 0)
(-0.13513318 0.0019848708 0)
(-0.14696695 0.0019439176 0)
(-0.15841063 0.0019044711 0)
(-0.16947439 0.0018665133 0)
(-0.18016844 0.0018300217 0)
(-0.19050297 0.001794975 0)
(-0.20048817 0.001761349 0)
(-0.21013424 0.0017291218 0)
(-0.21945133 0.0016982686 0)
(-0.22844956 0.0016687679 0)
(-0.23713902 0.0016405949 0)
(-0.24552971 0.0016137288 0)
(-0.2536316 0.0015881453 0)
(-0.26145455 0.0015638242 0)
(-0.26900838 0.0015407415 0)
(-0.27630278 0.0015188775 0)
(-0.28334735 0.0014982051 0)
(-0.29015161 0.001478707 0)
(-0.29672494 0.0014603584 0)
(-0.3030766 0.0014431386 0)
(-0.30921576 0.0014270215 0)
(-0.31515142 0.0014119856 0)
(-0.32089246 0.0013980028 0)
(-0.3264476 0.0013850489 0)
(-0.3318254 0.0013730919 0)
(-0.33703423 0.0013621012 0)
(-0.34208225 0.0013520359 0)
(-0.34697741 0.0013428524 0)
(-0.35172714 0.0013344895 0)
(-0.35633929 0.0013268779 0)
(-0.36081807 0.0013199116 0)
(-0.36517881 0.0013135166 0)
(-0.36939231 0.0013074123 0)
(-0.37359063 0.0013022812 0)
(-0.37726984 0.0012960283 0)
(-0.38265511 0.0012972972 0)
)
;
    }
    procBoundary4to5
    {
        type            processor;
        value           nonuniform List<vector> 
69
(
(0.16958326 -0.59639759 0)
(0.16966434 -0.55877033 0)
(0.17044232 -0.53295677 0)
(0.17167583 -0.50839883 0)
(0.17324675 -0.48490949 0)
(0.17505262 -0.46268147 0)
(0.1769992 -0.4416873 0)
(0.17900239 -0.42187105 0)
(0.18098862 -0.40317929 0)
(0.18289463 -0.38555424 0)
(0.18466708 -0.36893469 0)
(0.18626207 -0.3532577 0)
(0.18764455 -0.33845984 0)
(0.18878766 -0.32447828 0)
(0.18967206 -0.31125166 0)
(0.19028518 -0.29872078 0)
(0.19062044 -0.28682921 0)
(0.19067658 -0.27552361 0)
(0.19045689 -0.26475413 0)
(0.18996849 -0.25447444 0)
(0.18922176 -0.24464188 0)
(0.18822965 -0.23521748 0)
(0.18700718 -0.22616574 0)
(0.18557091 -0.21745467 0)
(0.18393855 -0.20905548 0)
(0.18212848 -0.20094246 0)
(0.1801595 -0.19309276 0)
(0.17805049 -0.18548612 0)
(0.17582021 -0.17810471 0)
(0.17348706 -0.17093286 0)
(0.15444769 -0.16126927 0)
(0.15444769 -0.16126927 0)
(0.15175256 -0.15458349 0)
(0.14901842 -0.14806901 0)
(0.14626059 -0.14171685 0)
(0.14349353 -0.13551926 0)
(0.1407308 -0.12946948 0)
(0.13798509 -0.12356164 0)
(0.1352682 -0.11779062 0)
(0.13259105 -0.11215195 0)
(0.12996369 -0.1066417 0)
(0.12739536 -0.10125643 0)
(0.12489449 -0.095993077 0)
(0.12246875 -0.09084892 0)
(0.12012506 -0.085821493 0)
(0.11786965 -0.080908565 0)
(0.11570809 -0.07610808 0)
(0.1136453 -0.071418133 0)
(0.11168561 -0.066836934 0)
(0.10983279 -0.062362785 0)
(0.10809008 -0.057994061 0)
(0.10646023 -0.053729185 0)
(0.10494556 -0.049566626 0)
(0.10354801 -0.045504859 0)
(0.10226915 -0.041542352 0)
(0.082462729 -0.03707599 0)
(0.082462729 -0.03707599 0)
(0.081396464 -0.033369545 0)
(0.080456219 -0.029756172 0)
(0.061435566 -0.025832602 0)
(0.061435566 -0.025832602 0)
(0.060731694 -0.022456196 0)
(0.060159417 -0.01916684 0)
(0.059674834 -0.015709309 0)
(0.041513959 -0.011870271 0)
(0.041513959 -0.011870271 0)
(0.041197549 -0.0082550564 0)
(0.040984238 -0.0046382596 0)
(0.040874129 -0.0010206034 0)
)
;
    }
}


// ************************************************************************* //
