/*--------------------------------*- C++ -*----------------------------------*\
| =========                 |                                                 |
| \\      /  F ield         | OpenFOAM: The Open Source CFD Toolbox           |
|  \\    /   O peration     | Version:  2312                                  |
|   \\  /    A nd           | Website:  www.openfoam.com                      |
|    \\/     M anipulation  |                                                 |
\*---------------------------------------------------------------------------*/
FoamFile
{
    version     2.0;
    format      ascii;
    arch        "LSB;label=32;scalar=64";
    note        "nPoints:6798  nCells:3272  nFaces:13214  nInternalFaces:6418";
    class       labelList;
    location    "constant/polyMesh";
    object      owner;
}
// * * * * * * * * * * * * * * * * * * * * * * * * * * * * * * * * * * * * * //


13214
(
0
0
1
1
2
2
3
3
4
4
5
5
6
6
7
7
8
8
9
9
10
10
11
11
12
12
13
13
14
14
15
15
16
16
17
17
18
18
19
19
20
20
21
21
22
22
23
23
24
24
25
25
26
26
27
27
28
28
29
29
30
30
31
31
32
32
33
33
34
34
35
35
36
36
37
37
38
38
39
39
40
40
41
41
42
42
43
43
44
44
45
45
46
46
47
47
48
48
49
49
50
50
51
51
52
53
53
54
54
55
55
56
56
57
57
58
58
59
59
60
60
61
61
62
62
63
63
64
64
65
65
66
66
67
67
68
68
69
69
70
70
71
71
72
72
73
73
74
74
75
75
76
76
77
77
78
78
79
79
80
80
81
81
82
82
83
83
84
84
85
85
86
86
87
87
88
88
89
89
90
90
91
91
92
92
93
93
94
94
95
95
96
96
97
97
98
98
99
99
100
100
101
101
102
102
103
103
104
104
105
106
106
107
107
108
108
109
109
110
110
111
111
112
112
113
113
114
114
115
115
116
116
117
117
118
118
119
119
120
120
121
121
122
122
123
123
124
124
125
125
126
126
127
127
128
128
129
129
130
130
131
131
132
132
133
133
134
134
135
135
136
136
137
137
138
138
139
139
140
140
141
141
142
142
143
143
144
144
145
145
146
146
147
147
148
148
149
149
150
150
151
151
152
152
153
153
154
154
155
155
156
156
157
157
158
159
159
160
160
161
161
162
162
163
163
164
164
165
165
166
166
167
167
168
168
169
169
170
170
171
171
172
172
173
173
174
174
175
175
176
176
177
177
178
178
179
179
180
180
181
181
182
182
183
183
184
184
185
185
186
186
187
187
188
188
189
189
190
190
191
191
192
192
193
193
194
194
195
195
196
196
197
197
198
198
199
199
200
200
201
201
202
202
203
203
204
204
205
205
206
206
207
207
208
208
209
209
210
210
211
212
212
213
213
214
214
215
215
216
216
217
217
218
218
219
219
220
220
221
221
222
222
223
223
224
224
225
225
226
226
227
227
228
228
229
229
230
230
231
231
232
232
233
233
234
234
235
235
236
236
237
237
238
238
239
239
240
240
241
241
242
242
243
243
244
244
245
245
246
246
247
247
248
248
249
249
250
250
251
251
252
252
253
253
254
254
255
255
256
256
257
257
258
258
259
259
260
260
261
261
262
262
263
263
264
265
265
266
266
267
267
268
268
269
269
270
270
271
271
272
272
273
273
274
274
275
275
276
276
277
277
278
278
279
279
280
280
281
281
282
282
283
283
284
284
285
285
286
286
287
287
288
288
289
289
290
290
291
291
292
292
293
293
294
294
295
295
296
296
297
297
298
298
299
299
300
300
301
301
302
302
303
303
304
304
305
305
306
306
307
307
308
308
309
309
310
310
311
311
312
312
313
313
314
314
315
315
316
316
317
318
318
319
319
320
320
321
321
322
322
323
323
324
324
325
325
326
326
327
327
328
328
329
329
330
330
331
331
332
332
333
333
334
334
335
335
336
336
337
337
338
338
339
339
340
340
341
341
342
342
343
343
344
344
345
345
346
346
347
347
348
348
349
349
350
350
351
351
352
352
353
353
354
354
355
355
356
356
357
357
358
358
359
359
360
360
361
361
362
362
363
363
364
364
365
365
366
366
367
367
368
368
369
369
370
371
371
372
372
373
373
374
374
375
375
376
376
377
377
378
378
379
379
380
380
381
381
382
382
383
383
384
384
385
385
386
386
387
387
388
388
389
389
390
390
391
391
392
392
393
393
394
394
395
395
396
396
397
397
398
398
399
399
400
400
401
401
402
402
403
403
404
404
405
405
406
406
407
407
408
408
409
409
410
410
411
411
412
412
413
413
414
414
415
415
416
416
417
417
418
418
419
419
420
420
421
421
422
422
423
424
424
425
425
426
426
427
427
428
428
429
429
430
430
431
431
432
432
433
433
434
434
435
435
436
436
437
437
438
438
439
439
440
440
441
441
442
442
443
443
444
444
445
445
446
446
447
447
448
448
449
449
450
450
451
451
452
452
453
453
454
454
455
455
456
456
457
457
458
458
459
459
460
460
461
461
462
462
463
463
464
464
465
465
466
466
467
467
468
468
469
469
470
470
471
471
472
472
473
473
474
474
475
477
477
478
478
479
479
480
480
481
481
482
482
483
483
484
484
485
485
486
486
487
487
488
488
489
489
490
490
491
491
492
492
493
493
494
494
495
495
496
496
497
497
498
498
499
499
500
500
501
501
502
502
503
503
504
504
505
505
506
506
507
507
508
508
509
509
510
510
511
511
512
512
513
513
514
514
515
515
516
516
517
517
518
518
519
519
520
520
521
521
522
522
523
523
524
524
525
525
526
526
527
528
528
529
529
530
530
531
531
532
532
533
533
534
534
535
535
536
536
537
537
538
538
539
539
540
540
541
541
542
542
543
543
544
544
545
545
546
546
547
547
548
548
549
549
550
550
551
551
552
552
553
553
554
554
555
555
556
556
557
557
558
558
559
559
560
560
561
561
562
562
563
563
564
564
565
565
566
566
567
567
568
568
569
569
570
570
571
571
572
572
573
573
574
574
575
575
576
576
577
577
578
579
579
580
580
581
581
582
582
583
583
584
584
585
585
586
586
587
587
588
588
589
589
590
590
591
591
592
592
593
593
594
594
595
595
596
596
597
597
598
598
599
599
600
600
601
601
602
602
603
603
604
604
605
605
606
606
607
607
608
608
609
609
610
610
611
611
612
612
613
613
614
614
615
615
616
616
617
617
618
618
619
619
620
620
621
621
622
622
623
623
624
624
625
625
626
626
627
627
628
628
629
630
630
631
631
632
632
633
633
634
634
635
635
636
636
637
637
638
638
639
639
640
640
641
641
642
642
643
643
644
644
645
645
646
646
647
647
648
648
649
649
650
650
651
651
652
652
653
653
654
654
655
655
656
656
657
657
658
658
659
659
660
660
661
661
662
662
663
663
664
664
665
665
666
666
667
667
668
668
669
669
670
670
671
671
672
672
673
673
674
674
675
675
676
676
677
677
678
678
679
679
680
681
681
682
682
683
683
684
684
685
685
686
686
687
687
688
688
689
689
690
690
691
691
692
692
693
693
694
694
695
695
696
696
697
697
698
698
699
699
700
700
701
701
702
702
703
703
704
704
705
705
706
706
707
707
708
708
709
709
710
710
711
711
712
712
713
713
714
714
715
715
716
716
717
717
718
718
719
719
720
720
721
721
722
722
723
723
724
724
725
725
726
726
727
727
728
728
729
729
730
730
731
732
732
733
733
734
734
735
735
736
736
737
737
738
738
739
739
740
740
741
741
742
742
743
743
744
744
745
745
746
746
747
747
748
748
749
749
750
750
751
751
752
752
753
753
754
754
755
755
756
756
757
757
758
758
759
759
760
760
761
761
762
762
763
763
764
764
765
765
766
766
767
767
768
768
769
769
770
770
771
771
772
772
773
773
774
774
775
775
776
776
777
777
778
778
779
779
780
780
781
781
782
783
783
784
784
785
785
786
786
787
787
788
788
789
789
790
790
791
791
792
792
793
793
794
794
795
795
796
796
797
797
798
798
799
799
800
800
801
801
802
802
803
803
804
804
805
805
806
806
807
807
808
808
809
809
810
810
811
811
812
812
813
813
814
814
815
815
816
816
817
817
818
818
819
819
820
820
821
821
822
822
823
823
824
824
825
825
826
826
827
827
828
828
829
829
830
830
831
831
832
832
833
834
834
835
835
836
836
837
837
838
838
839
839
840
840
841
841
842
842
843
843
844
844
845
845
846
846
847
847
848
848
849
849
850
850
851
851
852
852
853
853
854
854
855
855
856
856
857
857
858
858
859
859
860
860
861
861
862
862
863
863
864
864
865
865
866
866
867
867
868
868
869
869
870
870
871
871
872
872
873
873
874
874
875
875
876
876
877
877
878
878
879
879
880
880
881
881
882
882
883
883
884
885
885
886
886
887
887
888
888
889
889
890
890
891
891
892
892
893
893
894
894
895
895
896
896
897
897
898
898
899
899
900
900
901
901
902
902
903
903
904
904
905
905
906
906
907
907
908
908
909
909
910
910
911
911
912
912
913
913
914
914
915
915
916
916
917
917
918
918
919
919
920
920
921
921
922
922
923
923
924
924
925
925
926
926
927
927
928
928
929
929
930
930
931
931
932
932
933
933
934
934
936
936
937
937
938
938
939
939
940
940
941
941
942
942
943
943
944
944
945
945
946
946
947
947
948
948
949
949
950
950
951
951
952
952
953
953
954
954
955
955
956
956
957
957
958
958
959
959
960
960
961
961
962
962
963
963
964
964
965
965
966
966
967
967
968
968
969
969
970
970
971
971
972
972
973
973
974
974
975
975
976
976
977
977
978
978
979
979
980
980
981
981
982
982
983
983
984
984
985
986
986
987
987
988
988
989
989
990
990
991
991
992
992
993
993
994
994
995
995
996
996
997
997
998
998
999
999
1000
1000
1001
1001
1002
1002
1003
1003
1004
1004
1005
1005
1006
1006
1007
1007
1008
1008
1009
1009
1010
1010
1011
1011
1012
1012
1013
1013
1014
1014
1015
1015
1016
1016
1017
1017
1018
1018
1019
1019
1020
1020
1021
1021
1022
1022
1023
1023
1024
1024
1025
1025
1026
1026
1027
1027
1028
1028
1029
1029
1030
1030
1031
1031
1032
1032
1033
1033
1034
1034
1035
1036
1036
1037
1037
1038
1038
1039
1039
1040
1040
1041
1041
1042
1042
1043
1043
1044
1044
1045
1045
1046
1046
1047
1047
1048
1048
1049
1049
1050
1050
1051
1051
1052
1052
1053
1053
1054
1054
1055
1055
1056
1056
1057
1057
1058
1058
1059
1059
1060
1060
1061
1061
1062
1062
1063
1063
1064
1064
1065
1065
1066
1066
1067
1067
1068
1068
1069
1069
1070
1070
1071
1071
1072
1072
1073
1073
1074
1074
1075
1075
1076
1076
1077
1077
1078
1078
1079
1079
1080
1080
1081
1081
1082
1082
1083
1083
1084
1084
1085
1086
1086
1087
1087
1088
1088
1089
1089
1090
1090
1091
1091
1092
1092
1093
1093
1094
1094
1095
1095
1096
1096
1097
1097
1098
1098
1099
1099
1100
1100
1101
1101
1102
1102
1103
1103
1104
1104
1105
1105
1106
1106
1107
1107
1108
1108
1109
1109
1110
1110
1111
1111
1112
1112
1113
1113
1114
1114
1115
1115
1116
1116
1117
1117
1118
1118
1119
1119
1120
1120
1121
1121
1122
1122
1123
1123
1124
1124
1125
1125
1126
1126
1127
1127
1128
1128
1129
1129
1130
1130
1131
1131
1132
1132
1133
1133
1134
1134
1136
1136
1137
1137
1138
1138
1139
1139
1140
1140
1141
1141
1142
1142
1143
1143
1144
1144
1145
1145
1146
1146
1147
1147
1148
1148
1149
1149
1150
1150
1151
1151
1152
1152
1153
1153
1154
1154
1155
1155
1156
1156
1157
1157
1158
1158
1159
1159
1160
1160
1161
1161
1162
1162
1163
1163
1164
1164
1165
1165
1166
1166
1167
1167
1168
1168
1169
1169
1170
1170
1171
1171
1172
1172
1173
1173
1174
1174
1175
1175
1176
1176
1177
1177
1178
1178
1179
1179
1180
1180
1181
1181
1182
1182
1183
1183
1184
1185
1185
1186
1186
1187
1187
1188
1188
1189
1189
1190
1190
1191
1191
1192
1192
1193
1193
1194
1194
1195
1195
1196
1196
1197
1197
1198
1198
1199
1199
1200
1200
1201
1201
1202
1202
1203
1203
1204
1204
1205
1205
1206
1206
1207
1207
1208
1208
1209
1209
1210
1210
1211
1211
1212
1212
1213
1213
1214
1214
1215
1215
1216
1216
1217
1217
1218
1218
1219
1219
1220
1220
1221
1221
1222
1222
1223
1223
1224
1224
1225
1225
1226
1226
1227
1227
1228
1228
1229
1229
1230
1230
1231
1231
1232
1232
1233
1234
1234
1235
1235
1236
1236
1237
1237
1238
1238
1239
1239
1240
1240
1241
1241
1242
1242
1243
1243
1244
1244
1245
1245
1246
1246
1247
1247
1248
1248
1249
1249
1250
1250
1251
1251
1252
1252
1253
1253
1254
1254
1255
1255
1256
1256
1257
1257
1258
1258
1259
1259
1260
1260
1261
1261
1262
1262
1263
1263
1264
1264
1265
1265
1266
1266
1267
1267
1268
1268
1269
1269
1270
1270
1271
1271
1272
1272
1273
1273
1274
1274
1275
1275
1276
1276
1277
1277
1278
1278
1279
1279
1280
1280
1281
1281
1282
1283
1283
1284
1284
1285
1285
1286
1286
1287
1287
1288
1288
1289
1289
1290
1290
1291
1291
1292
1292
1293
1293
1294
1294
1295
1295
1296
1296
1297
1297
1298
1298
1299
1299
1300
1300
1301
1301
1302
1302
1303
1303
1304
1304
1305
1305
1306
1306
1307
1307
1308
1308
1309
1309
1310
1310
1311
1311
1312
1312
1313
1313
1314
1314
1315
1315
1316
1316
1317
1317
1318
1318
1319
1319
1320
1320
1321
1321
1322
1322
1323
1323
1324
1324
1325
1325
1326
1326
1327
1327
1328
1328
1329
1329
1330
1330
1332
1332
1333
1333
1334
1334
1335
1335
1336
1336
1337
1337
1338
1338
1339
1339
1340
1340
1341
1341
1342
1342
1343
1343
1344
1344
1345
1345
1346
1346
1347
1347
1348
1348
1349
1349
1350
1350
1351
1351
1352
1352
1353
1353
1354
1354
1355
1355
1356
1356
1357
1357
1358
1358
1359
1359
1360
1360
1361
1361
1362
1362
1363
1363
1364
1364
1365
1365
1366
1366
1367
1367
1368
1368
1369
1369
1370
1370
1371
1371
1372
1372
1373
1373
1374
1374
1375
1375
1376
1376
1377
1377
1378
1378
1379
1380
1380
1381
1381
1382
1382
1383
1383
1384
1384
1385
1385
1386
1386
1387
1387
1388
1388
1389
1389
1390
1390
1391
1391
1392
1392
1393
1393
1394
1394
1395
1395
1396
1396
1397
1397
1398
1398
1399
1399
1400
1400
1401
1401
1402
1402
1403
1403
1404
1404
1405
1405
1406
1406
1407
1407
1408
1408
1409
1409
1410
1410
1411
1411
1412
1412
1413
1413
1414
1414
1415
1415
1416
1416
1417
1417
1418
1418
1419
1419
1420
1420
1421
1421
1422
1422
1423
1423
1424
1424
1425
1425
1426
1426
1427
1428
1428
1429
1429
1430
1430
1431
1431
1432
1432
1433
1433
1434
1434
1435
1435
1436
1436
1437
1437
1438
1438
1439
1439
1440
1440
1441
1441
1442
1442
1443
1443
1444
1444
1445
1445
1446
1446
1447
1447
1448
1448
1449
1449
1450
1450
1451
1451
1452
1452
1453
1453
1454
1454
1455
1455
1456
1456
1457
1457
1458
1458
1459
1459
1460
1460
1461
1461
1462
1462
1463
1463
1464
1464
1465
1465
1466
1466
1467
1467
1468
1468
1469
1469
1470
1470
1471
1471
1472
1472
1473
1473
1474
1474
1475
1476
1476
1477
1477
1478
1478
1479
1479
1480
1480
1481
1481
1482
1482
1483
1483
1484
1484
1485
1485
1486
1486
1487
1487
1488
1488
1489
1489
1490
1490
1491
1491
1492
1492
1493
1493
1494
1494
1495
1495
1496
1496
1497
1497
1498
1498
1499
1499
1500
1500
1501
1501
1502
1502
1503
1503
1504
1504
1505
1505
1506
1506
1507
1507
1508
1508
1509
1509
1510
1510
1511
1511
1512
1512
1513
1513
1514
1514
1515
1515
1516
1516
1517
1517
1518
1518
1519
1519
1520
1520
1521
1521
1522
1522
1523
1524
1524
1525
1525
1526
1526
1527
1527
1528
1528
1529
1529
1530
1530
1531
1531
1532
1532
1533
1533
1534
1534
1535
1535
1536
1536
1537
1537
1538
1538
1539
1539
1540
1540
1541
1541
1542
1542
1543
1543
1544
1544
1545
1545
1546
1546
1547
1547
1548
1548
1549
1549
1550
1550
1551
1551
1552
1552
1553
1553
1554
1554
1555
1555
1556
1556
1557
1557
1558
1558
1559
1559
1560
1560
1561
1561
1562
1562
1563
1563
1564
1564
1565
1565
1566
1566
1567
1567
1568
1568
1569
1569
1570
1570
1571
1572
1572
1573
1573
1574
1574
1575
1575
1576
1576
1577
1577
1578
1578
1579
1579
1580
1580
1581
1581
1582
1582
1583
1583
1584
1584
1585
1585
1586
1586
1587
1587
1588
1588
1589
1589
1590
1590
1591
1591
1592
1592
1593
1593
1594
1594
1595
1595
1596
1596
1597
1597
1598
1598
1599
1599
1600
1600
1601
1601
1602
1602
1603
1603
1604
1604
1605
1605
1606
1606
1607
1607
1608
1608
1609
1609
1610
1610
1611
1611
1612
1612
1613
1613
1614
1614
1615
1615
1616
1616
1617
1617
1618
1618
1619
1620
1620
1621
1621
1622
1622
1623
1623
1624
1624
1625
1625
1626
1626
1627
1627
1628
1628
1629
1629
1630
1630
1631
1631
1632
1632
1633
1633
1634
1634
1635
1635
1636
1636
1637
1637
1638
1638
1639
1639
1640
1640
1641
1641
1642
1642
1643
1643
1644
1644
1645
1645
1646
1646
1647
1647
1648
1648
1649
1649
1650
1650
1651
1651
1652
1652
1653
1653
1654
1654
1655
1655
1656
1656
1657
1657
1658
1658
1659
1659
1660
1660
1661
1661
1662
1662
1663
1663
1664
1664
1665
1665
1666
1666
1667
1668
1668
1669
1669
1670
1670
1671
1671
1672
1672
1673
1673
1674
1674
1675
1675
1676
1676
1677
1677
1678
1678
1679
1679
1680
1680
1681
1681
1682
1682
1683
1683
1684
1684
1685
1685
1686
1686
1687
1687
1688
1688
1689
1689
1690
1690
1691
1691
1692
1692
1693
1693
1694
1694
1695
1695
1696
1696
1697
1697
1698
1698
1699
1699
1700
1700
1701
1701
1702
1702
1703
1703
1704
1704
1705
1705
1706
1706
1707
1707
1708
1708
1709
1709
1710
1710
1711
1711
1712
1712
1713
1713
1714
1714
1715
1716
1716
1717
1717
1718
1718
1719
1719
1720
1720
1721
1721
1722
1722
1723
1723
1724
1724
1725
1725
1726
1726
1727
1727
1728
1728
1729
1729
1730
1730
1731
1731
1732
1732
1733
1733
1734
1734
1735
1735
1736
1736
1737
1737
1738
1738
1739
1739
1740
1740
1741
1741
1742
1742
1743
1743
1744
1744
1745
1745
1746
1746
1747
1747
1748
1748
1749
1749
1750
1750
1751
1751
1752
1752
1753
1753
1754
1754
1755
1755
1756
1756
1757
1757
1758
1758
1759
1759
1760
1760
1761
1761
1762
1762
1763
1764
1764
1765
1765
1766
1766
1767
1767
1768
1768
1769
1769
1770
1770
1771
1771
1772
1772
1773
1773
1774
1774
1775
1775
1776
1776
1777
1777
1778
1778
1779
1779
1780
1780
1781
1781
1782
1782
1783
1783
1784
1784
1785
1785
1786
1786
1787
1787
1788
1788
1789
1789
1790
1790
1791
1791
1792
1792
1793
1793
1794
1794
1795
1795
1796
1796
1797
1797
1798
1798
1799
1799
1800
1800
1801
1801
1802
1802
1803
1803
1804
1804
1805
1805
1806
1806
1807
1807
1808
1808
1809
1809
1810
1810
1811
1812
1812
1813
1813
1814
1814
1815
1815
1816
1816
1817
1817
1818
1818
1819
1819
1820
1820
1821
1821
1822
1822
1823
1823
1824
1824
1825
1825
1826
1826
1827
1827
1828
1828
1829
1829
1830
1830
1831
1831
1832
1832
1833
1833
1834
1834
1835
1835
1836
1836
1837
1837
1838
1838
1839
1839
1840
1840
1841
1841
1842
1842
1843
1843
1844
1844
1845
1845
1846
1846
1847
1847
1848
1848
1849
1849
1850
1850
1851
1851
1852
1852
1853
1853
1854
1854
1855
1855
1856
1856
1857
1857
1858
1858
1859
1860
1860
1861
1861
1862
1862
1863
1863
1864
1864
1865
1865
1866
1866
1867
1867
1868
1868
1869
1869
1870
1870
1871
1871
1872
1872
1873
1873
1874
1874
1875
1875
1876
1876
1877
1877
1878
1878
1879
1879
1880
1880
1881
1881
1882
1882
1883
1883
1884
1884
1885
1885
1886
1886
1887
1887
1888
1888
1889
1889
1890
1890
1891
1891
1892
1892
1893
1893
1894
1894
1895
1895
1896
1896
1897
1897
1898
1898
1899
1899
1900
1900
1901
1901
1902
1902
1903
1903
1904
1904
1905
1905
1906
1906
1907
1907
1908
1908
1909
1909
1910
1911
1911
1912
1912
1913
1913
1914
1914
1915
1915
1916
1916
1917
1917
1918
1918
1919
1919
1920
1920
1921
1921
1922
1922
1923
1923
1924
1924
1925
1925
1926
1926
1927
1927
1928
1928
1929
1929
1930
1930
1931
1931
1932
1932
1933
1933
1934
1934
1935
1935
1936
1936
1937
1937
1938
1938
1939
1939
1940
1940
1941
1941
1942
1942
1943
1943
1944
1944
1945
1945
1946
1946
1947
1947
1948
1948
1949
1949
1950
1950
1951
1951
1952
1952
1953
1953
1954
1954
1955
1955
1956
1956
1957
1957
1958
1958
1959
1959
1960
1960
1961
1962
1962
1963
1963
1964
1964
1965
1965
1966
1966
1967
1967
1968
1968
1969
1969
1970
1970
1971
1971
1972
1972
1973
1973
1974
1974
1975
1975
1976
1976
1977
1977
1978
1978
1979
1979
1980
1980
1981
1981
1982
1982
1983
1983
1984
1984
1985
1985
1986
1986
1987
1987
1988
1988
1989
1989
1990
1990
1991
1991
1992
1992
1993
1993
1994
1994
1995
1995
1996
1996
1997
1997
1998
1998
1999
1999
2000
2000
2001
2001
2002
2002
2003
2003
2004
2004
2005
2005
2006
2006
2007
2007
2008
2008
2009
2009
2010
2010
2011
2011
2012
2013
2013
2014
2014
2015
2015
2016
2016
2017
2017
2018
2018
2019
2019
2020
2020
2021
2021
2022
2022
2023
2023
2024
2024
2025
2025
2026
2026
2027
2027
2028
2028
2029
2029
2030
2030
2031
2031
2032
2032
2033
2033
2034
2034
2035
2035
2036
2036
2037
2037
2038
2038
2039
2039
2040
2040
2041
2041
2042
2042
2043
2043
2044
2044
2045
2045
2046
2046
2047
2047
2048
2048
2049
2049
2050
2050
2051
2051
2052
2052
2053
2053
2054
2054
2055
2055
2056
2056
2057
2057
2058
2058
2059
2059
2060
2060
2061
2061
2062
2062
2063
2064
2064
2065
2065
2066
2066
2067
2067
2068
2068
2069
2069
2070
2070
2071
2071
2072
2072
2073
2073
2074
2074
2075
2075
2076
2076
2077
2077
2078
2078
2079
2079
2080
2080
2081
2081
2082
2082
2083
2083
2084
2084
2085
2085
2086
2086
2087
2087
2088
2088
2089
2089
2090
2090
2091
2091
2092
2092
2093
2093
2094
2094
2095
2095
2096
2096
2097
2097
2098
2098
2099
2099
2100
2100
2101
2101
2102
2102
2103
2103
2104
2104
2105
2105
2106
2106
2107
2107
2108
2108
2109
2109
2110
2110
2111
2111
2112
2113
2115
2115
2116
2116
2117
2117
2118
2118
2119
2119
2120
2120
2121
2121
2122
2122
2123
2123
2124
2124
2125
2125
2126
2126
2127
2127
2128
2128
2129
2129
2130
2130
2131
2131
2132
2132
2133
2133
2134
2134
2135
2135
2136
2136
2137
2137
2138
2138
2139
2139
2140
2140
2141
2141
2142
2142
2143
2143
2144
2144
2145
2145
2146
2146
2147
2147
2148
2148
2149
2149
2150
2150
2151
2151
2152
2152
2153
2153
2154
2154
2155
2155
2156
2156
2157
2157
2158
2158
2159
2159
2160
2160
2161
2161
2163
2163
2164
2164
2165
2165
2166
2166
2167
2167
2168
2168
2169
2169
2170
2170
2171
2171
2172
2172
2173
2173
2174
2174
2175
2175
2176
2176
2177
2177
2178
2178
2179
2179
2180
2180
2181
2181
2182
2182
2183
2183
2184
2184
2185
2185
2186
2186
2187
2187
2188
2188
2189
2189
2190
2190
2191
2191
2192
2192
2193
2193
2194
2194
2195
2195
2196
2196
2197
2197
2198
2198
2199
2199
2200
2200
2201
2201
2202
2202
2203
2203
2204
2204
2205
2205
2206
2206
2207
2207
2208
2208
2209
2210
2210
2211
2211
2212
2212
2213
2213
2214
2214
2215
2215
2216
2216
2217
2217
2218
2218
2219
2219
2220
2220
2221
2221
2222
2222
2223
2223
2224
2224
2225
2225
2226
2226
2227
2227
2228
2228
2229
2229
2230
2230
2231
2231
2232
2232
2233
2233
2234
2234
2235
2235
2236
2236
2237
2237
2238
2238
2239
2239
2240
2240
2241
2241
2242
2242
2243
2243
2244
2244
2245
2245
2246
2246
2247
2247
2248
2248
2249
2249
2250
2250
2251
2251
2252
2252
2253
2253
2254
2254
2255
2255
2256
2257
2257
2258
2258
2259
2259
2260
2260
2261
2261
2262
2262
2263
2263
2264
2264
2265
2265
2266
2266
2267
2267
2268
2268
2269
2269
2270
2270
2271
2271
2272
2272
2273
2273
2274
2274
2275
2275
2276
2276
2277
2277
2278
2278
2279
2279
2280
2280
2281
2281
2282
2282
2283
2283
2284
2284
2285
2285
2286
2286
2287
2287
2288
2288
2289
2289
2290
2290
2291
2291
2292
2292
2293
2293
2294
2294
2295
2295
2296
2296
2297
2297
2298
2298
2299
2299
2300
2300
2301
2301
2302
2302
2303
2304
2304
2305
2305
2306
2306
2307
2307
2308
2308
2309
2309
2310
2310
2311
2311
2312
2312
2313
2313
2314
2314
2315
2315
2316
2316
2317
2317
2318
2318
2319
2319
2320
2320
2321
2321
2322
2322
2323
2323
2324
2324
2325
2325
2326
2326
2327
2327
2328
2328
2329
2329
2330
2330
2331
2331
2332
2332
2333
2333
2334
2334
2335
2335
2336
2336
2337
2337
2338
2338
2339
2339
2340
2340
2341
2341
2342
2342
2343
2343
2344
2344
2345
2345
2346
2346
2347
2347
2348
2348
2349
2349
2350
2351
2351
2352
2352
2353
2353
2354
2354
2355
2355
2356
2356
2357
2357
2358
2358
2359
2359
2360
2360
2361
2361
2362
2362
2363
2363
2364
2364
2365
2365
2366
2366
2367
2367
2368
2368
2369
2369
2370
2370
2371
2371
2372
2372
2373
2373
2374
2374
2375
2375
2376
2376
2377
2377
2378
2378
2379
2379
2380
2380
2381
2381
2382
2382
2383
2383
2384
2384
2385
2385
2386
2386
2387
2387
2388
2388
2389
2389
2390
2390
2391
2391
2392
2392
2393
2393
2394
2394
2395
2395
2396
2396
2397
2398
2398
2399
2399
2400
2400
2401
2401
2402
2402
2403
2403
2404
2404
2405
2405
2406
2406
2407
2407
2408
2408
2409
2409
2410
2410
2411
2411
2412
2412
2413
2413
2414
2414
2415
2415
2416
2416
2417
2417
2418
2418
2419
2419
2420
2420
2421
2421
2422
2422
2423
2423
2424
2424
2425
2425
2426
2426
2427
2427
2428
2428
2429
2429
2430
2430
2431
2431
2432
2432
2433
2433
2434
2434
2435
2435
2436
2436
2437
2437
2438
2438
2439
2439
2440
2440
2441
2441
2442
2442
2443
2443
2444
2445
2445
2446
2446
2447
2447
2448
2448
2449
2449
2450
2450
2451
2451
2452
2452
2453
2453
2454
2454
2455
2455
2456
2456
2457
2457
2458
2458
2459
2459
2460
2460
2461
2461
2462
2462
2463
2463
2464
2464
2465
2465
2466
2466
2467
2467
2468
2468
2469
2469
2470
2470
2471
2471
2472
2472
2473
2473
2474
2474
2475
2475
2476
2476
2477
2477
2478
2478
2479
2479
2480
2480
2481
2481
2482
2482
2483
2483
2484
2484
2485
2485
2486
2486
2487
2487
2488
2488
2489
2489
2490
2490
2491
2492
2492
2493
2493
2494
2494
2495
2495
2496
2496
2497
2497
2498
2498
2499
2499
2500
2500
2501
2501
2502
2502
2503
2503
2504
2504
2505
2505
2506
2506
2507
2507
2508
2508
2509
2509
2510
2510
2511
2511
2512
2512
2513
2513
2514
2514
2515
2515
2516
2516
2517
2517
2518
2518
2519
2519
2520
2520
2521
2521
2522
2522
2523
2523
2524
2524
2525
2525
2526
2526
2527
2527
2528
2528
2529
2529
2530
2530
2531
2531
2532
2532
2533
2533
2534
2534
2535
2535
2536
2536
2537
2537
2538
2538
2539
2539
2540
2540
2541
2541
2542
2542
2543
2544
2544
2545
2545
2546
2546
2547
2547
2548
2548
2549
2549
2550
2550
2551
2551
2552
2552
2553
2553
2554
2554
2555
2555
2556
2556
2557
2557
2558
2558
2559
2559
2560
2560
2561
2561
2562
2562
2563
2563
2564
2564
2565
2565
2566
2566
2567
2567
2568
2568
2569
2569
2570
2570
2571
2571
2572
2572
2573
2573
2574
2574
2575
2575
2576
2576
2577
2577
2578
2578
2579
2579
2580
2580
2581
2581
2582
2582
2583
2583
2584
2584
2585
2585
2586
2586
2587
2587
2588
2588
2589
2589
2590
2590
2591
2591
2592
2592
2593
2593
2594
2594
2595
2596
2596
2597
2597
2598
2598
2599
2599
2600
2600
2601
2601
2602
2602
2603
2603
2604
2604
2605
2605
2606
2606
2607
2607
2608
2608
2609
2609
2610
2610
2611
2611
2612
2612
2613
2613
2614
2614
2615
2615
2616
2616
2617
2617
2618
2618
2619
2619
2620
2620
2621
2621
2622
2622
2623
2623
2624
2624
2625
2625
2626
2626
2627
2627
2628
2628
2629
2629
2630
2630
2631
2631
2632
2632
2633
2633
2634
2634
2635
2635
2636
2636
2637
2637
2638
2638
2639
2639
2640
2640
2641
2641
2642
2642
2643
2643
2644
2644
2645
2645
2646
2646
2647
2648
2648
2649
2649
2650
2650
2651
2651
2652
2652
2653
2653
2654
2654
2655
2655
2656
2656
2657
2657
2658
2658
2659
2659
2660
2660
2661
2661
2662
2662
2663
2663
2664
2664
2665
2665
2666
2666
2667
2667
2668
2668
2669
2669
2670
2670
2671
2671
2672
2672
2673
2673
2674
2674
2675
2675
2676
2676
2677
2677
2678
2678
2679
2679
2680
2680
2681
2681
2682
2682
2683
2683
2684
2684
2685
2685
2686
2686
2687
2687
2688
2688
2689
2689
2690
2690
2691
2691
2692
2692
2693
2693
2694
2694
2695
2695
2696
2696
2697
2697
2698
2698
2699
2700
2700
2701
2701
2702
2702
2703
2703
2704
2704
2705
2705
2706
2706
2707
2707
2708
2708
2709
2709
2710
2710
2711
2711
2712
2712
2713
2713
2714
2714
2715
2715
2716
2716
2717
2717
2718
2718
2719
2719
2720
2720
2721
2721
2722
2722
2723
2723
2724
2724
2725
2725
2726
2726
2727
2727
2728
2728
2729
2729
2730
2730
2731
2731
2732
2732
2733
2733
2734
2734
2735
2735
2736
2736
2737
2737
2738
2738
2739
2739
2740
2740
2741
2741
2742
2742
2743
2743
2744
2744
2745
2745
2746
2746
2747
2747
2748
2748
2749
2749
2750
2750
2751
2752
2752
2753
2753
2754
2754
2755
2755
2756
2756
2757
2757
2758
2758
2759
2759
2760
2760
2761
2761
2762
2762
2763
2763
2764
2764
2765
2765
2766
2766
2767
2767
2768
2768
2769
2769
2770
2770
2771
2771
2772
2772
2773
2773
2774
2774
2775
2775
2776
2776
2777
2777
2778
2778
2779
2779
2780
2780
2781
2781
2782
2782
2783
2783
2784
2784
2785
2785
2786
2786
2787
2787
2788
2788
2789
2789
2790
2790
2791
2791
2792
2792
2793
2793
2794
2794
2795
2795
2796
2796
2797
2797
2798
2798
2799
2799
2800
2800
2801
2801
2802
2802
2803
2804
2804
2805
2805
2806
2806
2807
2807
2808
2808
2809
2809
2810
2810
2811
2811
2812
2812
2813
2813
2814
2814
2815
2815
2816
2816
2817
2817
2818
2818
2819
2819
2820
2820
2821
2821
2822
2822
2823
2823
2824
2824
2825
2825
2826
2826
2827
2827
2828
2828
2829
2829
2830
2830
2831
2831
2832
2832
2833
2833
2834
2834
2835
2835
2836
2836
2837
2837
2838
2838
2839
2839
2840
2840
2841
2841
2842
2842
2843
2843
2844
2844
2845
2845
2846
2846
2847
2847
2848
2848
2849
2849
2850
2850
2851
2851
2852
2852
2853
2853
2854
2854
2855
2856
2856
2857
2857
2858
2858
2859
2859
2860
2860
2861
2861
2862
2862
2863
2863
2864
2864
2865
2865
2866
2866
2867
2867
2868
2868
2869
2869
2870
2870
2871
2871
2872
2872
2873
2873
2874
2874
2875
2875
2876
2876
2877
2877
2878
2878
2879
2879
2880
2880
2881
2881
2882
2882
2883
2883
2884
2884
2885
2885
2886
2886
2887
2887
2888
2888
2889
2889
2890
2890
2891
2891
2892
2892
2893
2893
2894
2894
2895
2895
2896
2896
2897
2897
2898
2898
2899
2899
2900
2900
2901
2901
2902
2902
2903
2903
2904
2904
2905
2905
2906
2906
2907
2908
2908
2909
2909
2910
2910
2911
2911
2912
2912
2913
2913
2914
2914
2915
2915
2916
2916
2917
2917
2918
2918
2919
2919
2920
2920
2921
2921
2922
2922
2923
2923
2924
2924
2925
2925
2926
2926
2927
2927
2928
2928
2929
2929
2930
2930
2931
2931
2932
2932
2933
2933
2934
2934
2935
2935
2936
2936
2937
2937
2938
2938
2939
2939
2940
2940
2941
2941
2942
2942
2943
2943
2944
2944
2945
2945
2946
2946
2947
2947
2948
2948
2949
2949
2950
2950
2951
2951
2952
2952
2953
2953
2954
2954
2955
2955
2956
2956
2957
2957
2958
2958
2959
2960
2960
2961
2961
2962
2962
2963
2963
2964
2964
2965
2965
2966
2966
2967
2967
2968
2968
2969
2969
2970
2970
2971
2971
2972
2972
2973
2973
2974
2974
2975
2975
2976
2976
2977
2977
2978
2978
2979
2979
2980
2980
2981
2981
2982
2982
2983
2983
2984
2984
2985
2985
2986
2986
2987
2987
2988
2988
2989
2989
2990
2990
2991
2991
2992
2992
2993
2993
2994
2994
2995
2995
2996
2996
2997
2997
2998
2998
2999
2999
3000
3000
3001
3001
3002
3002
3003
3003
3004
3004
3005
3005
3006
3006
3007
3007
3008
3008
3009
3009
3010
3010
3011
3012
3012
3013
3013
3014
3014
3015
3015
3016
3016
3017
3017
3018
3018
3019
3019
3020
3020
3021
3021
3022
3022
3023
3023
3024
3024
3025
3025
3026
3026
3027
3027
3028
3028
3029
3029
3030
3030
3031
3031
3032
3032
3033
3033
3034
3034
3035
3035
3036
3036
3037
3037
3038
3038
3039
3039
3040
3040
3041
3041
3042
3042
3043
3043
3044
3044
3045
3045
3046
3046
3047
3047
3048
3048
3049
3049
3050
3050
3051
3051
3052
3052
3053
3053
3054
3054
3055
3055
3056
3056
3057
3057
3058
3058
3059
3059
3060
3060
3061
3061
3062
3062
3063
3064
3064
3065
3065
3066
3066
3067
3067
3068
3068
3069
3069
3070
3070
3071
3071
3072
3072
3073
3073
3074
3074
3075
3075
3076
3076
3077
3077
3078
3078
3079
3079
3080
3080
3081
3081
3082
3082
3083
3083
3084
3084
3085
3085
3086
3086
3087
3087
3088
3088
3089
3089
3090
3090
3091
3091
3092
3092
3093
3093
3094
3094
3095
3095
3096
3096
3097
3097
3098
3098
3099
3099
3100
3100
3101
3101
3102
3102
3103
3103
3104
3104
3105
3105
3106
3106
3107
3107
3108
3108
3109
3109
3110
3110
3111
3111
3112
3112
3113
3113
3114
3114
3115
3116
3116
3117
3117
3118
3118
3119
3119
3120
3120
3121
3121
3122
3122
3123
3123
3124
3124
3125
3125
3126
3126
3127
3127
3128
3128
3129
3129
3130
3130
3131
3131
3132
3132
3133
3133
3134
3134
3135
3135
3136
3136
3137
3137
3138
3138
3139
3139
3140
3140
3141
3141
3142
3142
3143
3143
3144
3144
3145
3145
3146
3146
3147
3147
3148
3148
3149
3149
3150
3150
3151
3151
3152
3152
3153
3153
3154
3154
3155
3155
3156
3156
3157
3157
3158
3158
3159
3159
3160
3160
3161
3161
3162
3162
3163
3163
3164
3164
3165
3165
3166
3166
3167
3168
3168
3169
3169
3170
3170
3171
3171
3172
3172
3173
3173
3174
3174
3175
3175
3176
3176
3177
3177
3178
3178
3179
3179
3180
3180
3181
3181
3182
3182
3183
3183
3184
3184
3185
3185
3186
3186
3187
3187
3188
3188
3189
3189
3190
3190
3191
3191
3192
3192
3193
3193
3194
3194
3195
3195
3196
3196
3197
3197
3198
3198
3199
3199
3200
3200
3201
3201
3202
3202
3203
3203
3204
3204
3205
3205
3206
3206
3207
3207
3208
3208
3209
3209
3210
3210
3211
3211
3212
3212
3213
3213
3214
3214
3215
3215
3216
3216
3217
3217
3218
3218
3219
3220
3221
3222
3223
3224
3225
3226
3227
3228
3229
3230
3231
3232
3233
3234
3235
3236
3237
3238
3239
3240
3241
3242
3243
3244
3245
3246
3247
3248
3249
3250
3251
3252
3253
3254
3255
3256
3257
3258
3259
3260
3261
3262
3263
3264
3265
3266
3267
3268
3269
3270
0
1
2
3
4
5
6
7
8
9
10
11
12
13
14
15
16
17
18
19
20
21
22
23
24
25
26
27
28
29
30
31
32
33
34
35
36
37
38
39
40
41
42
43
44
45
46
47
48
49
50
51
52
2492
2544
2596
2648
2700
2752
2804
2856
2908
2960
2493
2545
2597
2649
2701
2753
2805
2857
2909
2961
2494
2546
2598
2650
2702
2754
2806
2858
2910
2962
2495
2547
2599
2651
2703
2755
2807
2859
2911
2963
2496
2548
2600
2652
2704
2756
2808
2860
2912
2964
1860
1911
1962
2013
2064
2115
2163
2210
2257
2304
2351
2398
2445
2497
2549
2601
2653
2705
2757
2809
2861
2913
2965
1861
1912
1963
2014
2065
2116
2164
2211
2258
2305
2352
2399
2446
2498
2550
2602
2654
2706
2758
2810
2862
2914
2966
1862
1913
1964
2015
2066
2117
2165
2212
2259
2306
2353
2400
2447
2499
2551
2603
2655
2707
2759
2811
2863
2915
2967
0
53
106
159
212
265
318
371
424
477
528
579
630
681
732
783
834
885
936
986
1036
1086
1136
1185
1234
1283
1332
1380
1428
1476
1524
1572
1620
1668
1716
1764
1812
1863
1914
1965
2016
2067
2118
2166
2213
2260
2307
2354
2401
2448
2500
2552
2604
2656
2708
2760
2812
2864
2916
2968
1
54
107
160
213
266
319
372
425
478
529
580
631
682
733
784
835
886
937
987
1037
1087
1137
1186
1235
1284
1333
1381
1429
1477
1525
1573
1621
1669
1717
1765
1813
1864
1915
1966
2017
2068
2119
2167
2214
2261
2308
2355
2402
2449
2501
2553
2605
2657
2709
2761
2813
2865
2917
2969
2
55
108
161
214
267
320
373
426
479
530
581
632
683
734
785
836
887
938
988
1038
1088
1138
1187
1236
1285
1334
1382
1430
1478
1526
1574
1622
1670
1718
1766
1814
1865
1916
1967
2018
2069
2120
2168
2215
2262
2309
2356
2403
2450
2502
2554
2606
2658
2710
2762
2814
2866
2918
2970
3
56
109
162
215
268
321
374
427
480
531
582
633
684
735
786
837
888
939
989
1039
1089
1139
1188
1237
1286
1335
1383
1431
1479
1527
1575
1623
1671
1719
1767
1815
1866
1917
1968
2019
2070
2121
2169
2216
2263
2310
2357
2404
2451
2503
2555
2607
2659
2711
2763
2815
2867
2919
2971
4
57
110
163
216
269
322
375
428
481
532
583
634
685
736
787
838
889
940
990
1040
1090
1140
1189
1238
1287
1336
1384
1432
1480
1528
1576
1624
1672
1720
1768
1816
1867
1918
1969
2020
2071
2122
2170
2217
2264
2311
2358
2405
2452
2504
2556
2608
2660
2712
2764
2816
2868
2920
2972
5
58
111
164
217
270
323
376
429
482
533
584
635
686
737
788
839
890
941
991
1041
1091
1141
1190
1239
1288
1337
1385
1433
1481
1529
1577
1625
1673
1721
1769
1817
1868
1919
1970
2021
2072
2123
2171
2218
2265
2312
2359
2406
2453
2505
2557
2609
2661
2713
2765
2817
2869
2921
2973
6
59
112
165
218
271
324
377
430
483
534
585
636
687
738
789
840
891
942
992
1042
1092
1142
1191
1240
1289
1338
1386
1434
1482
1530
1578
1626
1674
1722
1770
1818
1869
1920
1971
2022
2073
2124
2172
2219
2266
2313
2360
2407
2454
2506
2558
2610
2662
2714
2766
2818
2870
2922
2974
7
60
113
166
219
272
325
378
431
484
535
586
637
688
739
790
841
892
943
993
1043
1093
1143
1192
1241
1290
1339
1387
1435
1483
1531
1579
1627
1675
1723
1771
1819
1870
1921
1972
2023
2074
2125
2173
2220
2267
2314
2361
2408
2455
2507
2559
2611
2663
2715
2767
2819
2871
2923
2975
8
61
114
167
220
273
326
379
432
485
536
587
638
689
740
791
842
893
944
994
1044
1094
1144
1193
1242
1291
1340
1388
1436
1484
1532
1580
1628
1676
1724
1772
1820
1871
1922
1973
2024
2075
2126
2174
2221
2268
2315
2362
2409
2456
2508
2560
2612
2664
2716
2768
2820
2872
2924
2976
9
62
115
168
221
274
327
380
433
486
537
588
639
690
741
792
843
894
945
995
1045
1095
1145
1194
1243
1292
1341
1389
1437
1485
1533
1581
1629
1677
1725
1773
1821
1872
1923
1974
2025
2076
2127
2175
2222
2269
2316
2363
2410
2457
2509
2561
2613
2665
2717
2769
2821
2873
2925
2977
10
63
116
169
222
275
328
381
434
487
538
589
640
691
742
793
844
895
946
996
1046
1096
1146
1195
1244
1293
1342
1390
1438
1486
1534
1582
1630
1678
1726
1774
1822
1873
1924
1975
2026
2077
2128
2176
2223
2270
2317
2364
2411
2458
2510
2562
2614
2666
2718
2770
2822
2874
2926
2978
11
64
117
170
223
276
329
382
435
488
539
590
641
692
743
794
845
896
947
997
1047
1097
1147
1196
1245
1294
1343
1391
1439
1487
1535
1583
1631
1679
1727
1775
1823
1874
1925
1976
2027
2078
2129
2177
2224
2271
2318
2365
2412
2459
2511
2563
2615
2667
2719
2771
2823
2875
2927
2979
12
65
118
171
224
277
330
383
436
489
540
591
642
693
744
795
846
897
948
998
1048
1098
1148
1197
1246
1295
1344
1392
1440
1488
1536
1584
1632
1680
1728
1776
1824
1875
1926
1977
2028
2079
2130
2178
2225
2272
2319
2366
2413
2460
2512
2564
2616
2668
2720
2772
2824
2876
2928
2980
13
66
119
172
225
278
331
384
437
490
541
592
643
694
745
796
847
898
949
999
1049
1099
1149
1198
1247
1296
1345
1393
1441
1489
1537
1585
1633
1681
1729
1777
1825
1876
1927
1978
2029
2080
2131
2179
2226
2273
2320
2367
2414
2461
2513
2565
2617
2669
2721
2773
2825
2877
2929
2981
14
67
120
173
226
279
332
385
438
491
542
593
644
695
746
797
848
899
950
1000
1050
1100
1150
1199
1248
1297
1346
1394
1442
1490
1538
1586
1634
1682
1730
1778
1826
1877
1928
1979
2030
2081
2132
2180
2227
2274
2321
2368
2415
2462
2514
2566
2618
2670
2722
2774
2826
2878
2930
2982
15
68
121
174
227
280
333
386
439
492
543
594
645
696
747
798
849
900
951
1001
1051
1101
1151
1200
1249
1298
1347
1395
1443
1491
1539
1587
1635
1683
1731
1779
1827
1878
1929
1980
2031
2082
2133
2181
2228
2275
2322
2369
2416
2463
2515
2567
2619
2671
2723
2775
2827
2879
2931
2983
16
69
122
175
228
281
334
387
440
493
544
595
646
697
748
799
850
901
952
1002
1052
1102
1152
1201
1250
1299
1348
1396
1444
1492
1540
1588
1636
1684
1732
1780
1828
1879
1930
1981
2032
2083
2134
2182
2229
2276
2323
2370
2417
2464
2516
2568
2620
2672
2724
2776
2828
2880
2932
2984
17
70
123
176
229
282
335
388
441
494
545
596
647
698
749
800
851
902
953
1003
1053
1103
1153
1202
1251
1300
1349
1397
1445
1493
1541
1589
1637
1685
1733
1781
1829
1880
1931
1982
2033
2084
2135
2183
2230
2277
2324
2371
2418
2465
2517
2569
2621
2673
2725
2777
2829
2881
2933
2985
18
71
124
177
230
283
336
389
442
495
546
597
648
699
750
801
852
903
954
1004
1054
1104
1154
1203
1252
1301
1350
1398
1446
1494
1542
1590
1638
1686
1734
1782
1830
1881
1932
1983
2034
2085
2136
2184
2231
2278
2325
2372
2419
2466
2518
2570
2622
2674
2726
2778
2830
2882
2934
2986
19
72
125
178
231
284
337
390
443
496
547
598
649
700
751
802
853
904
955
1005
1055
1105
1155
1204
1253
1302
1351
1399
1447
1495
1543
1591
1639
1687
1735
1783
1831
1882
1933
1984
2035
2086
2137
2185
2232
2279
2326
2373
2420
2467
2519
2571
2623
2675
2727
2779
2831
2883
2935
2987
20
73
126
179
232
285
338
391
444
497
548
599
650
701
752
803
854
905
956
1006
1056
1106
1156
1205
1254
1303
1352
1400
1448
1496
1544
1592
1640
1688
1736
1784
1832
1883
1934
1985
2036
2087
2138
2186
2233
2280
2327
2374
2421
2468
2520
2572
2624
2676
2728
2780
2832
2884
2936
2988
21
74
127
180
233
286
339
392
445
498
549
600
651
702
753
804
855
906
957
1007
1057
1107
1157
1206
1255
1304
1353
1401
1449
1497
1545
1593
1641
1689
1737
1785
1833
1884
1935
1986
2037
2088
2139
2187
2234
2281
2328
2375
2422
2469
2521
2573
2625
2677
2729
2781
2833
2885
2937
2989
22
75
128
181
234
287
340
393
446
499
550
601
652
703
754
805
856
907
958
1008
1058
1108
1158
1207
1256
1305
1354
1402
1450
1498
1546
1594
1642
1690
1738
1786
1834
1885
1936
1987
2038
2089
2140
2188
2235
2282
2329
2376
2423
2470
2522
2574
2626
2678
2730
2782
2834
2886
2938
2990
23
76
129
182
235
288
341
394
447
500
551
602
653
704
755
806
857
908
959
1009
1059
1109
1159
1208
1257
1306
1355
1403
1451
1499
1547
1595
1643
1691
1739
1787
1835
1886
1937
1988
2039
2090
2141
2189
2236
2283
2330
2377
2424
2471
2523
2575
2627
2679
2731
2783
2835
2887
2939
2991
24
77
130
183
236
289
342
395
448
501
552
603
654
705
756
807
858
909
960
1010
1060
1110
1160
1209
1258
1307
1356
1404
1452
1500
1548
1596
1644
1692
1740
1788
1836
1887
1938
1989
2040
2091
2142
2190
2237
2284
2331
2378
2425
2472
2524
2576
2628
2680
2732
2784
2836
2888
2940
2992
25
78
131
184
237
290
343
396
449
502
553
604
655
706
757
808
859
910
961
1011
1061
1111
1161
1210
1259
1308
1357
1405
1453
1501
1549
1597
1645
1693
1741
1789
1837
1888
1939
1990
2041
2092
2143
2191
2238
2285
2332
2379
2426
2473
2525
2577
2629
2681
2733
2785
2837
2889
2941
2993
26
79
132
185
238
291
344
397
450
503
554
605
656
707
758
809
860
911
962
1012
1062
1112
1162
1211
1260
1309
1358
1406
1454
1502
1550
1598
1646
1694
1742
1790
1838
1889
1940
1991
2042
2093
2144
2192
2239
2286
2333
2380
2427
2474
2526
2578
2630
2682
2734
2786
2838
2890
2942
2994
27
80
133
186
239
292
345
398
451
504
555
606
657
708
759
810
861
912
963
1013
1063
1113
1163
1212
1261
1310
1359
1407
1455
1503
1551
1599
1647
1695
1743
1791
1839
1890
1941
1992
2043
2094
2145
2193
2240
2287
2334
2381
2428
2475
2527
2579
2631
2683
2735
2787
2839
2891
2943
2995
28
81
134
187
240
293
346
399
452
505
556
607
658
709
760
811
862
913
964
1014
1064
1114
1164
1213
1262
1311
1360
1408
1456
1504
1552
1600
1648
1696
1744
1792
1840
1891
1942
1993
2044
2095
2146
2194
2241
2288
2335
2382
2429
2476
2528
2580
2632
2684
2736
2788
2840
2892
2944
2996
29
82
135
188
241
294
347
400
453
506
557
608
659
710
761
812
863
914
965
1015
1065
1115
1165
1214
1263
1312
1361
1409
1457
1505
1553
1601
1649
1697
1745
1793
1841
1892
1943
1994
2045
2096
2147
2195
2242
2289
2336
2383
2430
2477
2529
2581
2633
2685
2737
2789
2841
2893
2945
2997
30
83
136
189
242
295
348
401
454
507
558
609
660
711
762
813
864
915
966
1016
1066
1116
1166
1215
1264
1313
1362
1410
1458
1506
1554
1602
1650
1698
1746
1794
1842
1893
1944
1995
2046
2097
2148
2196
2243
2290
2337
2384
2431
2478
2530
2582
2634
2686
2738
2790
2842
2894
2946
2998
31
84
137
190
243
296
349
402
455
508
559
610
661
712
763
814
865
916
967
1017
1067
1117
1167
1216
1265
1314
1363
1411
1459
1507
1555
1603
1651
1699
1747
1795
1843
1894
1945
1996
2047
2098
2149
2197
2244
2291
2338
2385
2432
2479
2531
2583
2635
2687
2739
2791
2843
2895
2947
2999
32
85
138
191
244
297
350
403
456
509
560
611
662
713
764
815
866
917
968
1018
1068
1118
1168
1217
1266
1315
1364
1412
1460
1508
1556
1604
1652
1700
1748
1796
1844
1895
1946
1997
2048
2099
2150
2198
2245
2292
2339
2386
2433
2480
2532
2584
2636
2688
2740
2792
2844
2896
2948
3000
33
86
139
192
245
298
351
404
457
510
561
612
663
714
765
816
867
918
969
1019
1069
1119
1169
1218
1267
1316
1365
1413
1461
1509
1557
1605
1653
1701
1749
1797
1845
1896
1947
1998
2049
2100
2151
2199
2246
2293
2340
2387
2434
2481
2533
2585
2637
2689
2741
2793
2845
2897
2949
3001
34
87
140
193
246
299
352
405
458
511
562
613
664
715
766
817
868
919
970
1020
1070
1120
1170
1219
1268
1317
1366
1414
1462
1510
1558
1606
1654
1702
1750
1798
1846
1897
1948
1999
2050
2101
2152
2200
2247
2294
2341
2388
2435
2482
2534
2586
2638
2690
2742
2794
2846
2898
2950
3002
35
88
141
194
247
300
353
406
459
512
563
614
665
716
767
818
869
920
971
1021
1071
1121
1171
1220
1269
1318
1367
1415
1463
1511
1559
1607
1655
1703
1751
1799
1847
1898
1949
2000
2051
2102
2153
2201
2248
2295
2342
2389
2436
2483
2535
2587
2639
2691
2743
2795
2847
2899
2951
3003
36
89
142
195
248
301
354
407
460
513
564
615
666
717
768
819
870
921
972
1022
1072
1122
1172
1221
1270
1319
1368
1416
1464
1512
1560
1608
1656
1704
1752
1800
1848
1899
1950
2001
2052
2103
2154
2202
2249
2296
2343
2390
2437
2484
2536
2588
2640
2692
2744
2796
2848
2900
2952
3004
37
90
143
196
249
302
355
408
461
514
565
616
667
718
769
820
871
922
973
1023
1073
1123
1173
1222
1271
1320
1369
1417
1465
1513
1561
1609
1657
1705
1753
1801
1849
1900
1951
2002
2053
2104
2155
2203
2250
2297
2344
2391
2438
2485
2537
2589
2641
2693
2745
2797
2849
2901
2953
3005
38
91
144
197
250
303
356
409
462
515
566
617
668
719
770
821
872
923
974
1024
1074
1124
1174
1223
1272
1321
1370
1418
1466
1514
1562
1610
1658
1706
1754
1802
1850
1901
1952
2003
2054
2105
2156
2204
2251
2298
2345
2392
2439
2486
2538
2590
2642
2694
2746
2798
2850
2902
2954
3006
39
92
145
198
251
304
357
410
463
516
567
618
669
720
771
822
873
924
975
1025
1075
1125
1175
1224
1273
1322
1371
1419
1467
1515
1563
1611
1659
1707
1755
1803
1851
1902
1953
2004
2055
2106
2157
2205
2252
2299
2346
2393
2440
2487
2539
2591
2643
2695
2747
2799
2851
2903
2955
3007
40
93
146
199
252
305
358
411
464
517
568
619
670
721
772
823
874
925
976
1026
1076
1126
1176
1225
1274
1323
1372
1420
1468
1516
1564
1612
1660
1708
1756
1804
1852
1903
1954
2005
2056
2107
2158
2206
2253
2300
2347
2394
2441
2488
2540
2592
2644
2696
2748
2800
2852
2904
2956
3008
41
94
147
200
253
306
359
412
465
518
569
620
671
722
773
824
875
926
977
1027
1077
1127
1177
1226
1275
1324
1373
1421
1469
1517
1565
1613
1661
1709
1757
1805
1853
1904
1955
2006
2057
2108
2159
2207
2254
2301
2348
2395
2442
2489
2541
2593
2645
2697
2749
2801
2853
2905
2957
3009
42
95
148
201
254
307
360
413
466
519
570
621
672
723
774
825
876
927
978
1028
1078
1128
1178
1227
1276
1325
1374
1422
1470
1518
1566
1614
1662
1710
1758
1806
1854
1905
1956
2007
2058
2109
2160
2208
2255
2302
2349
2396
2443
2490
2542
2594
2646
2698
2750
2802
2854
2906
2958
3010
43
96
149
202
255
308
361
414
467
520
571
622
673
724
775
826
877
928
979
1029
1079
1129
1179
1228
1277
1326
1375
1423
1471
1519
1567
1615
1663
1711
1759
1807
1855
1906
1957
2008
2059
2110
2161
2209
2256
2303
2350
2397
2444
2491
2543
2595
2647
2699
2751
2803
2855
2907
2959
3011
44
97
150
203
256
309
362
415
468
521
572
623
674
725
776
827
878
929
980
1030
1080
1130
1180
1229
1278
1327
1376
1424
1472
1520
1568
1616
1664
1712
1760
1808
1856
1907
1958
2009
2060
2111
2162
45
98
151
204
257
310
363
416
469
522
573
624
675
726
777
828
879
930
981
1031
1081
1131
1181
1230
1279
1328
1377
1425
1473
1521
1569
1617
1665
1713
1761
1809
1857
1908
1959
2010
2061
2112
46
99
152
205
258
311
364
417
470
523
574
625
676
727
778
829
880
931
982
1032
1082
1132
1182
1231
1280
1329
1378
1426
1474
1522
1570
1618
1666
1714
1762
1810
1858
1909
1960
2011
2062
2113
47
100
153
206
259
312
365
418
471
524
575
626
677
728
779
830
881
932
983
1033
1083
1133
1183
1232
1281
1330
1379
1427
1475
1523
1571
1619
1667
1715
1763
1811
1859
1910
1961
2012
2063
2114
48
101
154
207
260
313
366
419
472
525
576
627
678
729
780
831
882
933
984
1034
1084
1134
1184
1233
1282
1331
49
102
155
208
261
314
367
420
473
526
577
628
679
730
781
832
883
934
985
1035
1085
1135
50
103
156
209
262
315
368
421
474
527
578
629
680
731
782
833
884
935
51
104
157
210
263
316
369
422
475
52
105
158
211
264
317
370
423
476
3012
3064
3116
3168
3220
3013
3065
3117
3169
3221
3014
3066
3118
3170
3222
3015
3067
3119
3171
3223
3016
3068
3120
3172
3224
3017
3069
3121
3173
3225
3018
3070
3122
3174
3226
3019
3071
3123
3175
3227
3020
3072
3124
3176
3228
3021
3073
3125
3177
3229
3022
3074
3126
3178
3230
3023
3075
3127
3179
3231
3024
3076
3128
3180
3232
3025
3077
3129
3181
3233
3026
3078
3130
3182
3234
3027
3079
3131
3183
3235
3028
3080
3132
3184
3236
3029
3081
3133
3185
3237
3030
3082
3134
3186
3238
3031
3083
3135
3187
3239
3032
3084
3136
3188
3240
3033
3085
3137
3189
3241
3034
3086
3138
3190
3242
3035
3087
3139
3191
3243
3036
3088
3140
3192
3244
3037
3089
3141
3193
3245
3038
3090
3142
3194
3246
3039
3091
3143
3195
3247
3040
3092
3144
3196
3248
3041
3093
3145
3197
3249
3042
3094
3146
3198
3250
3043
3095
3147
3199
3251
3044
3096
3148
3200
3252
3045
3097
3149
3201
3253
3046
3098
3150
3202
3254
3047
3099
3151
3203
3255
3048
3100
3152
3204
3256
3049
3101
3153
3205
3257
3050
3102
3154
3206
3258
3051
3103
3155
3207
3259
3052
3104
3156
3208
3260
3053
3105
3157
3209
3261
3054
3106
3158
3210
3262
3055
3107
3159
3211
3263
3056
3108
3160
3212
3264
3057
3109
3161
3213
3265
3058
3110
3162
3214
3266
3059
3111
3163
3215
3267
3060
3112
3164
3216
3268
3061
3113
3165
3217
3269
3062
3114
3166
3218
3270
3063
3115
3167
3219
3271
2492
2544
2596
2648
2700
2752
2804
2856
2908
2960
2493
2545
2597
2649
2701
2753
2805
2857
2909
2961
2494
2546
2598
2650
2702
2754
2806
2858
2910
2962
2495
2547
2599
2651
2703
2755
2807
2859
2911
2963
2496
2548
2600
2652
2704
2756
2808
2860
2912
2964
1860
1911
1962
2013
2064
2115
2163
2210
2257
2304
2351
2398
2445
2497
2549
2601
2653
2705
2757
2809
2861
2913
2965
1861
1912
1963
2014
2065
2116
2164
2211
2258
2305
2352
2399
2446
2498
2550
2602
2654
2706
2758
2810
2862
2914
2966
1862
1913
1964
2015
2066
2117
2165
2212
2259
2306
2353
2400
2447
2499
2551
2603
2655
2707
2759
2811
2863
2915
2967
0
53
106
159
212
265
318
371
424
477
528
579
630
681
732
783
834
885
936
986
1036
1086
1136
1185
1234
1283
1332
1380
1428
1476
1524
1572
1620
1668
1716
1764
1812
1863
1914
1965
2016
2067
2118
2166
2213
2260
2307
2354
2401
2448
2500
2552
2604
2656
2708
2760
2812
2864
2916
2968
1
54
107
160
213
266
319
372
425
478
529
580
631
682
733
784
835
886
937
987
1037
1087
1137
1186
1235
1284
1333
1381
1429
1477
1525
1573
1621
1669
1717
1765
1813
1864
1915
1966
2017
2068
2119
2167
2214
2261
2308
2355
2402
2449
2501
2553
2605
2657
2709
2761
2813
2865
2917
2969
2
55
108
161
214
267
320
373
426
479
530
581
632
683
734
785
836
887
938
988
1038
1088
1138
1187
1236
1285
1334
1382
1430
1478
1526
1574
1622
1670
1718
1766
1814
1865
1916
1967
2018
2069
2120
2168
2215
2262
2309
2356
2403
2450
2502
2554
2606
2658
2710
2762
2814
2866
2918
2970
3
56
109
162
215
268
321
374
427
480
531
582
633
684
735
786
837
888
939
989
1039
1089
1139
1188
1237
1286
1335
1383
1431
1479
1527
1575
1623
1671
1719
1767
1815
1866
1917
1968
2019
2070
2121
2169
2216
2263
2310
2357
2404
2451
2503
2555
2607
2659
2711
2763
2815
2867
2919
2971
4
57
110
163
216
269
322
375
428
481
532
583
634
685
736
787
838
889
940
990
1040
1090
1140
1189
1238
1287
1336
1384
1432
1480
1528
1576
1624
1672
1720
1768
1816
1867
1918
1969
2020
2071
2122
2170
2217
2264
2311
2358
2405
2452
2504
2556
2608
2660
2712
2764
2816
2868
2920
2972
5
58
111
164
217
270
323
376
429
482
533
584
635
686
737
788
839
890
941
991
1041
1091
1141
1190
1239
1288
1337
1385
1433
1481
1529
1577
1625
1673
1721
1769
1817
1868
1919
1970
2021
2072
2123
2171
2218
2265
2312
2359
2406
2453
2505
2557
2609
2661
2713
2765
2817
2869
2921
2973
6
59
112
165
218
271
324
377
430
483
534
585
636
687
738
789
840
891
942
992
1042
1092
1142
1191
1240
1289
1338
1386
1434
1482
1530
1578
1626
1674
1722
1770
1818
1869
1920
1971
2022
2073
2124
2172
2219
2266
2313
2360
2407
2454
2506
2558
2610
2662
2714
2766
2818
2870
2922
2974
7
60
113
166
219
272
325
378
431
484
535
586
637
688
739
790
841
892
943
993
1043
1093
1143
1192
1241
1290
1339
1387
1435
1483
1531
1579
1627
1675
1723
1771
1819
1870
1921
1972
2023
2074
2125
2173
2220
2267
2314
2361
2408
2455
2507
2559
2611
2663
2715
2767
2819
2871
2923
2975
8
61
114
167
220
273
326
379
432
485
536
587
638
689
740
791
842
893
944
994
1044
1094
1144
1193
1242
1291
1340
1388
1436
1484
1532
1580
1628
1676
1724
1772
1820
1871
1922
1973
2024
2075
2126
2174
2221
2268
2315
2362
2409
2456
2508
2560
2612
2664
2716
2768
2820
2872
2924
2976
9
62
115
168
221
274
327
380
433
486
537
588
639
690
741
792
843
894
945
995
1045
1095
1145
1194
1243
1292
1341
1389
1437
1485
1533
1581
1629
1677
1725
1773
1821
1872
1923
1974
2025
2076
2127
2175
2222
2269
2316
2363
2410
2457
2509
2561
2613
2665
2717
2769
2821
2873
2925
2977
10
63
116
169
222
275
328
381
434
487
538
589
640
691
742
793
844
895
946
996
1046
1096
1146
1195
1244
1293
1342
1390
1438
1486
1534
1582
1630
1678
1726
1774
1822
1873
1924
1975
2026
2077
2128
2176
2223
2270
2317
2364
2411
2458
2510
2562
2614
2666
2718
2770
2822
2874
2926
2978
11
64
117
170
223
276
329
382
435
488
539
590
641
692
743
794
845
896
947
997
1047
1097
1147
1196
1245
1294
1343
1391
1439
1487
1535
1583
1631
1679
1727
1775
1823
1874
1925
1976
2027
2078
2129
2177
2224
2271
2318
2365
2412
2459
2511
2563
2615
2667
2719
2771
2823
2875
2927
2979
12
65
118
171
224
277
330
383
436
489
540
591
642
693
744
795
846
897
948
998
1048
1098
1148
1197
1246
1295
1344
1392
1440
1488
1536
1584
1632
1680
1728
1776
1824
1875
1926
1977
2028
2079
2130
2178
2225
2272
2319
2366
2413
2460
2512
2564
2616
2668
2720
2772
2824
2876
2928
2980
13
66
119
172
225
278
331
384
437
490
541
592
643
694
745
796
847
898
949
999
1049
1099
1149
1198
1247
1296
1345
1393
1441
1489
1537
1585
1633
1681
1729
1777
1825
1876
1927
1978
2029
2080
2131
2179
2226
2273
2320
2367
2414
2461
2513
2565
2617
2669
2721
2773
2825
2877
2929
2981
14
67
120
173
226
279
332
385
438
491
542
593
644
695
746
797
848
899
950
1000
1050
1100
1150
1199
1248
1297
1346
1394
1442
1490
1538
1586
1634
1682
1730
1778
1826
1877
1928
1979
2030
2081
2132
2180
2227
2274
2321
2368
2415
2462
2514
2566
2618
2670
2722
2774
2826
2878
2930
2982
15
68
121
174
227
280
333
386
439
492
543
594
645
696
747
798
849
900
951
1001
1051
1101
1151
1200
1249
1298
1347
1395
1443
1491
1539
1587
1635
1683
1731
1779
1827
1878
1929
1980
2031
2082
2133
2181
2228
2275
2322
2369
2416
2463
2515
2567
2619
2671
2723
2775
2827
2879
2931
2983
16
69
122
175
228
281
334
387
440
493
544
595
646
697
748
799
850
901
952
1002
1052
1102
1152
1201
1250
1299
1348
1396
1444
1492
1540
1588
1636
1684
1732
1780
1828
1879
1930
1981
2032
2083
2134
2182
2229
2276
2323
2370
2417
2464
2516
2568
2620
2672
2724
2776
2828
2880
2932
2984
17
70
123
176
229
282
335
388
441
494
545
596
647
698
749
800
851
902
953
1003
1053
1103
1153
1202
1251
1300
1349
1397
1445
1493
1541
1589
1637
1685
1733
1781
1829
1880
1931
1982
2033
2084
2135
2183
2230
2277
2324
2371
2418
2465
2517
2569
2621
2673
2725
2777
2829
2881
2933
2985
18
71
124
177
230
283
336
389
442
495
546
597
648
699
750
801
852
903
954
1004
1054
1104
1154
1203
1252
1301
1350
1398
1446
1494
1542
1590
1638
1686
1734
1782
1830
1881
1932
1983
2034
2085
2136
2184
2231
2278
2325
2372
2419
2466
2518
2570
2622
2674
2726
2778
2830
2882
2934
2986
19
72
125
178
231
284
337
390
443
496
547
598
649
700
751
802
853
904
955
1005
1055
1105
1155
1204
1253
1302
1351
1399
1447
1495
1543
1591
1639
1687
1735
1783
1831
1882
1933
1984
2035
2086
2137
2185
2232
2279
2326
2373
2420
2467
2519
2571
2623
2675
2727
2779
2831
2883
2935
2987
20
73
126
179
232
285
338
391
444
497
548
599
650
701
752
803
854
905
956
1006
1056
1106
1156
1205
1254
1303
1352
1400
1448
1496
1544
1592
1640
1688
1736
1784
1832
1883
1934
1985
2036
2087
2138
2186
2233
2280
2327
2374
2421
2468
2520
2572
2624
2676
2728
2780
2832
2884
2936
2988
21
74
127
180
233
286
339
392
445
498
549
600
651
702
753
804
855
906
957
1007
1057
1107
1157
1206
1255
1304
1353
1401
1449
1497
1545
1593
1641
1689
1737
1785
1833
1884
1935
1986
2037
2088
2139
2187
2234
2281
2328
2375
2422
2469
2521
2573
2625
2677
2729
2781
2833
2885
2937
2989
22
75
128
181
234
287
340
393
446
499
550
601
652
703
754
805
856
907
958
1008
1058
1108
1158
1207
1256
1305
1354
1402
1450
1498
1546
1594
1642
1690
1738
1786
1834
1885
1936
1987
2038
2089
2140
2188
2235
2282
2329
2376
2423
2470
2522
2574
2626
2678
2730
2782
2834
2886
2938
2990
23
76
129
182
235
288
341
394
447
500
551
602
653
704
755
806
857
908
959
1009
1059
1109
1159
1208
1257
1306
1355
1403
1451
1499
1547
1595
1643
1691
1739
1787
1835
1886
1937
1988
2039
2090
2141
2189
2236
2283
2330
2377
2424
2471
2523
2575
2627
2679
2731
2783
2835
2887
2939
2991
24
77
130
183
236
289
342
395
448
501
552
603
654
705
756
807
858
909
960
1010
1060
1110
1160
1209
1258
1307
1356
1404
1452
1500
1548
1596
1644
1692
1740
1788
1836
1887
1938
1989
2040
2091
2142
2190
2237
2284
2331
2378
2425
2472
2524
2576
2628
2680
2732
2784
2836
2888
2940
2992
25
78
131
184
237
290
343
396
449
502
553
604
655
706
757
808
859
910
961
1011
1061
1111
1161
1210
1259
1308
1357
1405
1453
1501
1549
1597
1645
1693
1741
1789
1837
1888
1939
1990
2041
2092
2143
2191
2238
2285
2332
2379
2426
2473
2525
2577
2629
2681
2733
2785
2837
2889
2941
2993
26
79
132
185
238
291
344
397
450
503
554
605
656
707
758
809
860
911
962
1012
1062
1112
1162
1211
1260
1309
1358
1406
1454
1502
1550
1598
1646
1694
1742
1790
1838
1889
1940
1991
2042
2093
2144
2192
2239
2286
2333
2380
2427
2474
2526
2578
2630
2682
2734
2786
2838
2890
2942
2994
27
80
133
186
239
292
345
398
451
504
555
606
657
708
759
810
861
912
963
1013
1063
1113
1163
1212
1261
1310
1359
1407
1455
1503
1551
1599
1647
1695
1743
1791
1839
1890
1941
1992
2043
2094
2145
2193
2240
2287
2334
2381
2428
2475
2527
2579
2631
2683
2735
2787
2839
2891
2943
2995
28
81
134
187
240
293
346
399
452
505
556
607
658
709
760
811
862
913
964
1014
1064
1114
1164
1213
1262
1311
1360
1408
1456
1504
1552
1600
1648
1696
1744
1792
1840
1891
1942
1993
2044
2095
2146
2194
2241
2288
2335
2382
2429
2476
2528
2580
2632
2684
2736
2788
2840
2892
2944
2996
29
82
135
188
241
294
347
400
453
506
557
608
659
710
761
812
863
914
965
1015
1065
1115
1165
1214
1263
1312
1361
1409
1457
1505
1553
1601
1649
1697
1745
1793
1841
1892
1943
1994
2045
2096
2147
2195
2242
2289
2336
2383
2430
2477
2529
2581
2633
2685
2737
2789
2841
2893
2945
2997
30
83
136
189
242
295
348
401
454
507
558
609
660
711
762
813
864
915
966
1016
1066
1116
1166
1215
1264
1313
1362
1410
1458
1506
1554
1602
1650
1698
1746
1794
1842
1893
1944
1995
2046
2097
2148
2196
2243
2290
2337
2384
2431
2478
2530
2582
2634
2686
2738
2790
2842
2894
2946
2998
31
84
137
190
243
296
349
402
455
508
559
610
661
712
763
814
865
916
967
1017
1067
1117
1167
1216
1265
1314
1363
1411
1459
1507
1555
1603
1651
1699
1747
1795
1843
1894
1945
1996
2047
2098
2149
2197
2244
2291
2338
2385
2432
2479
2531
2583
2635
2687
2739
2791
2843
2895
2947
2999
32
85
138
191
244
297
350
403
456
509
560
611
662
713
764
815
866
917
968
1018
1068
1118
1168
1217
1266
1315
1364
1412
1460
1508
1556
1604
1652
1700
1748
1796
1844
1895
1946
1997
2048
2099
2150
2198
2245
2292
2339
2386
2433
2480
2532
2584
2636
2688
2740
2792
2844
2896
2948
3000
33
86
139
192
245
298
351
404
457
510
561
612
663
714
765
816
867
918
969
1019
1069
1119
1169
1218
1267
1316
1365
1413
1461
1509
1557
1605
1653
1701
1749
1797
1845
1896
1947
1998
2049
2100
2151
2199
2246
2293
2340
2387
2434
2481
2533
2585
2637
2689
2741
2793
2845
2897
2949
3001
34
87
140
193
246
299
352
405
458
511
562
613
664
715
766
817
868
919
970
1020
1070
1120
1170
1219
1268
1317
1366
1414
1462
1510
1558
1606
1654
1702
1750
1798
1846
1897
1948
1999
2050
2101
2152
2200
2247
2294
2341
2388
2435
2482
2534
2586
2638
2690
2742
2794
2846
2898
2950
3002
35
88
141
194
247
300
353
406
459
512
563
614
665
716
767
818
869
920
971
1021
1071
1121
1171
1220
1269
1318
1367
1415
1463
1511
1559
1607
1655
1703
1751
1799
1847
1898
1949
2000
2051
2102
2153
2201
2248
2295
2342
2389
2436
2483
2535
2587
2639
2691
2743
2795
2847
2899
2951
3003
36
89
142
195
248
301
354
407
460
513
564
615
666
717
768
819
870
921
972
1022
1072
1122
1172
1221
1270
1319
1368
1416
1464
1512
1560
1608
1656
1704
1752
1800
1848
1899
1950
2001
2052
2103
2154
2202
2249
2296
2343
2390
2437
2484
2536
2588
2640
2692
2744
2796
2848
2900
2952
3004
37
90
143
196
249
302
355
408
461
514
565
616
667
718
769
820
871
922
973
1023
1073
1123
1173
1222
1271
1320
1369
1417
1465
1513
1561
1609
1657
1705
1753
1801
1849
1900
1951
2002
2053
2104
2155
2203
2250
2297
2344
2391
2438
2485
2537
2589
2641
2693
2745
2797
2849
2901
2953
3005
38
91
144
197
250
303
356
409
462
515
566
617
668
719
770
821
872
923
974
1024
1074
1124
1174
1223
1272
1321
1370
1418
1466
1514
1562
1610
1658
1706
1754
1802
1850
1901
1952
2003
2054
2105
2156
2204
2251
2298
2345
2392
2439
2486
2538
2590
2642
2694
2746
2798
2850
2902
2954
3006
39
92
145
198
251
304
357
410
463
516
567
618
669
720
771
822
873
924
975
1025
1075
1125
1175
1224
1273
1322
1371
1419
1467
1515
1563
1611
1659
1707
1755
1803
1851
1902
1953
2004
2055
2106
2157
2205
2252
2299
2346
2393
2440
2487
2539
2591
2643
2695
2747
2799
2851
2903
2955
3007
40
93
146
199
252
305
358
411
464
517
568
619
670
721
772
823
874
925
976
1026
1076
1126
1176
1225
1274
1323
1372
1420
1468
1516
1564
1612
1660
1708
1756
1804
1852
1903
1954
2005
2056
2107
2158
2206
2253
2300
2347
2394
2441
2488
2540
2592
2644
2696
2748
2800
2852
2904
2956
3008
41
94
147
200
253
306
359
412
465
518
569
620
671
722
773
824
875
926
977
1027
1077
1127
1177
1226
1275
1324
1373
1421
1469
1517
1565
1613
1661
1709
1757
1805
1853
1904
1955
2006
2057
2108
2159
2207
2254
2301
2348
2395
2442
2489
2541
2593
2645
2697
2749
2801
2853
2905
2957
3009
42
95
148
201
254
307
360
413
466
519
570
621
672
723
774
825
876
927
978
1028
1078
1128
1178
1227
1276
1325
1374
1422
1470
1518
1566
1614
1662
1710
1758
1806
1854
1905
1956
2007
2058
2109
2160
2208
2255
2302
2349
2396
2443
2490
2542
2594
2646
2698
2750
2802
2854
2906
2958
3010
43
96
149
202
255
308
361
414
467
520
571
622
673
724
775
826
877
928
979
1029
1079
1129
1179
1228
1277
1326
1375
1423
1471
1519
1567
1615
1663
1711
1759
1807
1855
1906
1957
2008
2059
2110
2161
2209
2256
2303
2350
2397
2444
2491
2543
2595
2647
2699
2751
2803
2855
2907
2959
3011
44
97
150
203
256
309
362
415
468
521
572
623
674
725
776
827
878
929
980
1030
1080
1130
1180
1229
1278
1327
1376
1424
1472
1520
1568
1616
1664
1712
1760
1808
1856
1907
1958
2009
2060
2111
2162
45
98
151
204
257
310
363
416
469
522
573
624
675
726
777
828
879
930
981
1031
1081
1131
1181
1230
1279
1328
1377
1425
1473
1521
1569
1617
1665
1713
1761
1809
1857
1908
1959
2010
2061
2112
46
99
152
205
258
311
364
417
470
523
574
625
676
727
778
829
880
931
982
1032
1082
1132
1182
1231
1280
1329
1378
1426
1474
1522
1570
1618
1666
1714
1762
1810
1858
1909
1960
2011
2062
2113
47
100
153
206
259
312
365
418
471
524
575
626
677
728
779
830
881
932
983
1033
1083
1133
1183
1232
1281
1330
1379
1427
1475
1523
1571
1619
1667
1715
1763
1811
1859
1910
1961
2012
2063
2114
48
101
154
207
260
313
366
419
472
525
576
627
678
729
780
831
882
933
984
1034
1084
1134
1184
1233
1282
1331
49
102
155
208
261
314
367
420
473
526
577
628
679
730
781
832
883
934
985
1035
1085
1135
50
103
156
209
262
315
368
421
474
527
578
629
680
731
782
833
884
935
51
104
157
210
263
316
369
422
475
52
105
158
211
264
317
370
423
476
3012
3064
3116
3168
3220
3013
3065
3117
3169
3221
3014
3066
3118
3170
3222
3015
3067
3119
3171
3223
3016
3068
3120
3172
3224
3017
3069
3121
3173
3225
3018
3070
3122
3174
3226
3019
3071
3123
3175
3227
3020
3072
3124
3176
3228
3021
3073
3125
3177
3229
3022
3074
3126
3178
3230
3023
3075
3127
3179
3231
3024
3076
3128
3180
3232
3025
3077
3129
3181
3233
3026
3078
3130
3182
3234
3027
3079
3131
3183
3235
3028
3080
3132
3184
3236
3029
3081
3133
3185
3237
3030
3082
3134
3186
3238
3031
3083
3135
3187
3239
3032
3084
3136
3188
3240
3033
3085
3137
3189
3241
3034
3086
3138
3190
3242
3035
3087
3139
3191
3243
3036
3088
3140
3192
3244
3037
3089
3141
3193
3245
3038
3090
3142
3194
3246
3039
3091
3143
3195
3247
3040
3092
3144
3196
3248
3041
3093
3145
3197
3249
3042
3094
3146
3198
3250
3043
3095
3147
3199
3251
3044
3096
3148
3200
3252
3045
3097
3149
3201
3253
3046
3098
3150
3202
3254
3047
3099
3151
3203
3255
3048
3100
3152
3204
3256
3049
3101
3153
3205
3257
3050
3102
3154
3206
3258
3051
3103
3155
3207
3259
3052
3104
3156
3208
3260
3053
3105
3157
3209
3261
3054
3106
3158
3210
3262
3055
3107
3159
3211
3263
3056
3108
3160
3212
3264
3057
3109
3161
3213
3265
3058
3110
3162
3214
3266
3059
3111
3163
3215
3267
3060
3112
3164
3216
3268
3061
3113
3165
3217
3269
3062
3114
3166
3218
3270
3063
3115
3167
3219
3271
3228
3229
3230
3231
3232
3233
3234
3235
3236
3237
3238
3239
3240
3241
3242
3243
3244
3245
3246
3247
3248
3249
3250
3251
3252
3253
3254
3255
3256
3257
3258
3259
3260
3261
3262
3263
3264
3265
3266
3267
3268
3269
3270
3271
3220
3221
3222
3223
3224
3225
3226
3227
52
105
158
211
264
317
370
423
475
476
476
527
578
629
680
731
782
833
884
935
935
985
1035
1085
1135
1135
1184
1233
1282
1331
1331
1379
1427
1475
1523
1571
1619
1667
1715
1763
1811
1859
1910
1961
2012
2063
2112
2113
2114
2114
2162
2162
2209
2256
2303
2350
2397
2444
2491
2543
2595
2647
2699
2751
2803
2855
2907
2959
3011
3063
3115
3167
3219
3271
0
53
106
159
212
265
318
371
424
477
528
579
630
681
732
783
834
885
936
986
1036
1086
1136
1185
1234
1283
1332
1380
1428
1476
1524
1572
1620
1668
1716
1764
1860
1861
1812
1862
1860
1911
1962
2013
2064
2115
2163
2210
2257
2304
2351
2398
2492
2493
2494
2495
2445
2496
2492
2544
2596
2648
2700
2752
2804
2856
2908
2960
3012
3064
3116
3168
3220
)


// ************************************************************************* //
