/*--------------------------------*- C++ -*----------------------------------*\
| =========                 |                                                 |
| \\      /  F ield         | OpenFOAM: The Open Source CFD Toolbox           |
|  \\    /   O peration     | Version:  2312                                  |
|   \\  /    A nd           | Website:  www.openfoam.com                      |
|    \\/     M anipulation  |                                                 |
\*---------------------------------------------------------------------------*/
FoamFile
{
    version     2.0;
    format      ascii;
    arch        "LSB;label=32;scalar=64";
    class       volScalarField;
    location    "0.09";
    object      CO2;
}
// * * * * * * * * * * * * * * * * * * * * * * * * * * * * * * * * * * * * * //

dimensions      [0 0 0 0 0 0 0];

internalField   nonuniform List<scalar> 
3251
(
0.023126829
0.022841004
0.022553586
0.022264616
0.021974148
0.02168225
0.021389003
0.021094501
0.02079885
0.020502167
0.020204579
0.019906222
0.01960724
0.019307786
0.019008019
0.018708104
0.018408209
0.018108508
0.017809176
0.01751039
0.017212329
0.01691517
0.016619092
0.016324268
0.016030873
0.015739076
0.015449043
0.015160936
0.014874912
0.014591123
0.014309715
0.014030827
0.013754595
0.013481145
0.013210598
0.012943069
0.012678666
0.012417489
0.012159634
0.01190519
0.011654237
0.011406852
0.011163106
0.010923061
0.010686779
0.010454312
0.010225709
0.010001016
0.0097802738
0.00956352
0.0093507906
0.0091421188
0.0089375606
0.0087371282
0.0085408199
0.0083486606
0.0081606757
0.0079768946
0.023124759
0.022838982
0.022551606
0.022262678
0.021972251
0.021680393
0.021387187
0.021092725
0.020797113
0.020500468
0.020202918
0.019904598
0.019605653
0.019306236
0.019006505
0.018706626
0.018406766
0.0181071
0.017807803
0.017509051
0.017211024
0.016913899
0.016617854
0.016323063
0.016029701
0.015737936
0.015447935
0.01515986
0.014873868
0.01459011
0.014308733
0.014029876
0.013753674
0.013480254
0.013209737
0.012942238
0.012677864
0.012416717
0.012158891
0.011904475
0.011653551
0.011406194
0.011162476
0.010922459
0.010686204
0.010453765
0.01022519
0.010000524
0.0097798092
0.009563083
0.0093503814
0.0091417387
0.008937198
0.008736777
0.0085404838
0.0083483399
0.0081603684
0.0079766094
0.023120661
0.02283498
0.022547693
0.022258851
0.02196851
0.021676735
0.02138361
0.021089228
0.020793696
0.020497128
0.020199654
0.019901409
0.019602538
0.019303193
0.019003534
0.018703725
0.018403935
0.018104338
0.017805108
0.017506423
0.017208462
0.016911402
0.016615421
0.016320694
0.016027394
0.015735691
0.015445752
0.015157737
0.014871804
0.014588105
0.014306786
0.014027986
0.013751841
0.013478476
0.013208015
0.012940569
0.012676249
0.012415154
0.012157381
0.011903016
0.011652142
0.011404835
0.011161166
0.010921198
0.01068499
0.010452598
0.010224069
0.0099994494
0.0097787799
0.0095620984
0.0093494408
0.009140841
0.0089363351
0.008735944
0.0085396814
0.008347567
0.0081596211
0.0079758848
0.023114541
0.022829003
0.022541851
0.022253142
0.021962929
0.02167128
0.021378278
0.021084017
0.020788603
0.020492152
0.020194792
0.019896659
0.019597898
0.019298662
0.01899911
0.018699406
0.01839972
0.018100224
0.017801095
0.01750251
0.017204647
0.016907684
0.016611798
0.016317164
0.016023957
0.015732345
0.015442496
0.01515457
0.014868724
0.014585111
0.014303877
0.014025161
0.013749097
0.013475814
0.013205432
0.012938065
0.012673822
0.012412804
0.012155105
0.011900813
0.011650012
0.011402776
0.011159177
0.010919277
0.010683138
0.010450811
0.010222348
0.0099977925
0.0097771859
0.0095605662
0.0093479687
0.0091394267
0.0089349723
0.0087346282
0.0085384114
0.0083463412
0.0081584343
0.0079747072
0.023106405
0.022821055
0.022534085
0.022245551
0.02195551
0.02166403
0.021371193
0.021077093
0.020781837
0.020485541
0.020188333
0.01989035
0.019591736
0.019292645
0.018993235
0.018693671
0.018394122
0.018094763
0.017795768
0.017497314
0.01719958
0.016902745
0.016606985
0.016312476
0.016019391
0.0157279
0.015438169
0.01515036
0.01486463
0.01458113
0.014300007
0.014021401
0.013745446
0.013472269
0.013201991
0.012934727
0.012670585
0.012409666
0.012152065
0.011897869
0.011647162
0.011400019
0.01115651
0.0109167
0.010680647
0.010448407
0.010220027
0.009995554
0.0097750281
0.0095584871
0.009345966
0.0091374972
0.0089331107
0.00873283
0.0085366742
0.0083446634
0.0081568141
0.023096835
0.022811707
0.02252495
0.022236626
0.021946788
0.021655506
0.021362863
0.021068954
0.020773883
0.02047777
0.020180742
0.019882935
0.019584494
0.019285573
0.01898633
0.018686931
0.018387545
0.018088345
0.017789506
0.017491208
0.017193626
0.016896941
0.016601329
0.016306966
0.016014024
0.015722674
0.015433082
0.01514541
0.014859814
0.014576447
0.014295455
0.014016977
0.013741148
0.013468095
0.013197939
0.012930796
0.012666771
0.012405968
0.01214848
0.011894396
0.011643798
0.011396762
0.011153358
0.01091365
0.010677699
0.010445557
0.010217275
0.0099928964
0.0097724632
0.0095560126
0.0093435791
0.0091351942
0.008930887
0.008730681
0.008534597
0.0083426567
0.0081548957
0.023086125
0.022801244
0.022514728
0.022226636
0.021937027
0.021645968
0.021353543
0.021059846
0.020764985
0.020469077
0.020172249
0.019874639
0.019576392
0.019277662
0.018978606
0.018679391
0.018380187
0.018081165
0.017782502
0.017484377
0.017186966
0.016890448
0.016595001
0.0163008
0.016008019
0.015716827
0.01542739
0.015139871
0.014854425
0.014571206
0.014290359
0.014012025
0.013736336
0.013463421
0.013193401
0.012926391
0.012662497
0.012401822
0.01214446
0.0118905
0.011640023
0.011393106
0.011149819
0.010910226
0.010674386
0.010442354
0.010214179
0.0099899054
0.0097695745
0.0095532236
0.0093408866
0.0091325946
0.0089283756
0.0087282534
0.0085322495
0.0083403866
0.0081527137
0.023073435
0.022788846
0.022502615
0.022214801
0.021925461
0.021634667
0.0213425
0.021049057
0.020754443
0.020458778
0.020162189
0.019864813
0.019566796
0.019268291
0.018969457
0.018670461
0.018371471
0.01807266
0.017774206
0.017476285
0.017179076
0.016882757
0.016587505
0.016293497
0.016000905
0.015709899
0.015420646
0.015133307
0.01484804
0.014564996
0.014284321
0.014006155
0.013730632
0.013457881
0.013188021
0.012921168
0.012657429
0.012396905
0.012139692
0.011885878
0.011635544
0.011388767
0.011145617
0.010906158
0.01067045
0.010438547
0.010210497
0.0099863465
0.0097661357
0.0095499016
0.0093376779
0.0091294949
0.0089253799
0.008725357
0.0085294475
0.0083376741
0.0081500835
0.023058619
0.022774372
0.022488473
0.022200983
0.02191196
0.021621475
0.02132961
0.021036462
0.020742138
0.020446756
0.020150445
0.019853343
0.019555594
0.019257353
0.018958778
0.018660037
0.018361297
0.018062734
0.017764522
0.017466841
0.017169867
0.016873779
0.016578756
0.016284972
0.015992601
0.015701813
0.015412774
0.015125646
0.014840585
0.014557745
0.01427727
0.013999301
0.013723972
0.01345141
0.013181737
0.012915067
0.012651508
0.01239116
0.01213412
0.011880475
0.011630307
0.011383693
0.011140702
0.0109014
0.010665844
0.01043409
0.010206186
0.0099821782
0.0097621064
0.0095460077
0.0093339151
0.0091258585
0.0089218647
0.0087219575
0.0085261582
0.0083344887
0.023041525
0.022757672
0.022472157
0.022185042
0.021896384
0.021606255
0.021314738
0.021021932
0.020727942
0.020432888
0.020136898
0.019840111
0.019542672
0.019244735
0.01894646
0.018648012
0.018349562
0.018051284
0.017753352
0.017455946
0.017159244
0.016863424
0.016568663
0.016275138
0.015983022
0.015692485
0.015403692
0.015116806
0.014831985
0.014549379
0.014269134
0.013991392
0.013716286
0.013443943
0.013174484
0.012908025
0.012644672
0.012384528
0.012127686
0.011874236
0.011624259
0.011377832
0.011135024
0.010895901
0.01066052
0.010428937
0.010201201
0.0099773565
0.0097574441
0.0095415006
0.0093295585
0.0091216472
0.0089177928
0.0087180189
0.0085223473
0.0083308062
0.023021991
0.022738589
0.022453513
0.022166825
0.021878585
0.021588863
0.021297746
0.021005329
0.020711722
0.020417042
0.02012142
0.019824993
0.019527908
0.019230319
0.018932386
0.018634274
0.018336155
0.018038201
0.01774059
0.017443499
0.017147107
0.016851592
0.016557132
0.016263902
0.015972077
0.015681826
0.015393315
0.015106706
0.014822157
0.014539819
0.014259838
0.013982354
0.013707501
0.013435408
0.013166194
0.012899975
0.012636858
0.012376945
0.01212033
0.011867102
0.011617342
0.011371128
0.011128529
0.010889609
0.010654428
0.01042304
0.010195494
0.0099718352
0.009752104
0.0095363369
0.0093245661
0.0091168202
0.0089131246
0.0087135033
0.0085179786
0.022999848
0.022716957
0.022432379
0.022146176
0.021858409
0.02156915
0.021278484
0.02098651
0.020693336
0.020399081
0.020103875
0.019807857
0.019511173
0.019213979
0.018916433
0.018618703
0.018320958
0.018023373
0.017726125
0.017429391
0.01713335
0.016838181
0.016544061
0.016251167
0.015959671
0.015669744
0.015381552
0.015095257
0.014811017
0.014528982
0.014249298
0.013972107
0.013697543
0.013425731
0.013156795
0.012890847
0.012627997
0.012368345
0.012111987
0.01185901
0.011609496
0.011363522
0.011121159
0.010882469
0.010647513
0.010416345
0.010189014
0.0099655653
0.0097460387
0.0095304709
0.0093188937
0.0091113348
0.008907819
0.0087083712
0.0085130219
0.022974917
0.022692601
0.022408583
0.022122927
0.021835693
0.021546954
0.021256798
0.020965322
0.020672636
0.020378859
0.020084122
0.019788564
0.019492333
0.019195582
0.018898473
0.018601172
0.018303849
0.01800668
0.01770984
0.017413508
0.017117863
0.016823083
0.016529346
0.016236829
0.015945704
0.015656142
0.015368309
0.015082367
0.014798474
0.01451678
0.014237432
0.01396057
0.013686329
0.013414835
0.01314621
0.012880568
0.012618018
0.01235866
0.012102589
0.011849894
0.011600657
0.011354953
0.011112854
0.010874423
0.01063972
0.010408799
0.010181709
0.0099584955
0.0097391985
0.0095238544
0.0093124948
0.0091051461
0.0089018323
0.0087025804
0.02294701
0.022665337
0.022381947
0.022096902
0.021810265
0.021522109
0.021232523
0.020941605
0.020649465
0.020356224
0.020062012
0.01976697
0.019471244
0.019174991
0.01887837
0.01858155
0.0182847
0.017987995
0.017691612
0.01739573
0.017100527
0.016806183
0.016512876
0.01622078
0.015930071
0.015640917
0.015353486
0.015067939
0.014784434
0.014503121
0.014224148
0.013947655
0.013673775
0.013402636
0.01313436
0.01286906
0.012606844
0.012347815
0.012092066
0.011839686
0.011590757
0.011345356
0.011103552
0.01086541
0.010630989
0.010400344
0.010173523
0.0099505718
0.009731531
0.0095164369
0.0093053205
0.009098207
0.0088951192
0.0086960953
0.02291593
0.022634974
0.022352282
0.022067918
0.021781945
0.021494439
0.021205488
0.020915191
0.020623659
0.020331015
0.020037388
0.01974292
0.019447758
0.019152058
0.018855982
0.018559696
0.018263373
0.017967186
0.017671312
0.017375931
0.017081222
0.016787363
0.016494533
0.016202908
0.01591266
0.015623961
0.015336977
0.01505187
0.014768797
0.014487909
0.014209354
0.01393327
0.013659793
0.013389049
0.01312116
0.012856241
0.012594398
0.012335734
0.012080343
0.011828313
0.011579728
0.011334662
0.011093186
0.010855365
0.010621258
0.010390919
0.010164397
0.0099417374
0.0097229813
0.0095081651
0.0092973196
0.0090904685
0.0088876313
0.02288147
0.022601308
0.02231939
0.022035781
0.021750545
0.021463759
0.021175511
0.020885903
0.020595047
0.020303063
0.020010086
0.019716254
0.019421717
0.019126632
0.018831159
0.018535467
0.018239727
0.017944114
0.017648805
0.01735398
0.017059817
0.016766497
0.016474196
0.016183091
0.015893357
0.015605162
0.015318673
0.015034054
0.01475146
0.014471043
0.01419295
0.013917321
0.013644289
0.013373983
0.013106524
0.012842025
0.012580595
0.012322336
0.012067341
0.0118157
0.011567494
0.0113228
0.011081688
0.010844222
0.010610462
0.010380461
0.01015427
0.0099319328
0.0097134916
0.0094989831
0.0092884384
0.0090818798
0.008879326
0.022843414
0.022564129
0.022283065
0.022000289
0.021715866
0.021429875
0.021142405
0.020853558
0.020563446
0.020272194
0.019979932
0.019686804
0.019392958
0.01909855
0.018803744
0.018508708
0.018213612
0.017918633
0.017623948
0.017329737
0.017036178
0.016743452
0.016451736
0.016161207
0.015872038
0.0155844
0.015298459
0.015014377
0.014732312
0.014452415
0.014174833
0.013899705
0.013627166
0.013357343
0.013090357
0.012826324
0.012565349
0.012307536
0.012052979
0.011801766
0.011553979
0.011309695
0.011068984
0.01083191
0.010598532
0.010368905
0.010143078
0.0099210958
0.0097030013
0.0094888323
0.0092786207
0.0090723884
0.022801536
0.022523214
0.02224309
0.021961231
0.021677703
0.021392586
0.021105971
0.020817961
0.02052867
0.020238221
0.019946748
0.019654394
0.019361307
0.019067647
0.018773575
0.018479259
0.018184873
0.017890592
0.017596594
0.017303058
0.017010164
0.016718092
0.016427019
0.016137123
0.015848577
0.015561552
0.015276213
0.014992724
0.014711241
0.014431916
0.014154895
0.013880319
0.013608322
0.01333903
0.013072566
0.012809043
0.01254857
0.012291247
0.012037171
0.011786428
0.011539102
0.011295269
0.011054998
0.010818354
0.010585397
0.01035618
0.010130753
0.0099091611
0.0096914472
0.0094776511
0.0092678076
0.0090619515
0.022755599
0.022478334
0.022199239
0.021918385
0.021635838
0.021351681
0.021066004
0.020778912
0.02049052
0.020200953
0.019910345
0.019618839
0.019326587
0.019033745
0.018740478
0.018446954
0.018153347
0.017859831
0.017566586
0.017273791
0.016981627
0.016690272
0.016399906
0.016110704
0.015822841
0.015536488
0.01525181
0.01496897
0.014688126
0.014409428
0.014133024
0.013859053
0.013587649
0.01331894
0.013053047
0.012790085
0.012530161
0.012273377
0.012019827
0.011769601
0.011522779
0.01127944
0.011039652
0.01080348
0.010570983
0.010342215
0.010117226
0.0098960607
0.0096787627
0.0094653744
0.009255934
0.0090504832
0.022705358
0.022429247
0.022151278
0.021871522
0.021590048
0.021306939
0.021022287
0.0207362
0.020448791
0.020160189
0.019870527
0.01957995
0.019288609
0.018996663
0.018704277
0.018411619
0.018118863
0.017826185
0.017533764
0.01724178
0.016950413
0.016659843
0.016370249
0.016081808
0.015794692
0.015509074
0.015225119
0.01494299
0.014662843
0.014384832
0.014109101
0.013835792
0.013565037
0.013296966
0.013031698
0.012769348
0.012510024
0.012253828
0.012000855
0.011751192
0.011504923
0.011262123
0.011022862
0.010787205
0.010555212
0.010326935
0.010102424
0.0098817239
0.0096648787
0.0094519345
0.0092429335
0.0090379093
0.022650559
0.022375704
0.022098962
0.021820402
0.021540098
0.021258131
0.020974598
0.020689606
0.02040327
0.020115719
0.019827089
0.019537525
0.01924718
0.018956211
0.018664785
0.018373072
0.018081245
0.017789481
0.017497959
0.01720686
0.016916363
0.01662665
0.016337899
0.016050286
0.015763986
0.01547917
0.015196003
0.014914649
0.014635264
0.014358001
0.014083006
0.013810418
0.013540372
0.013272995
0.013008408
0.012746727
0.012488058
0.012232503
0.011980157
0.011731109
0.011485441
0.011243229
0.011004544
0.010769449
0.010538004
0.010310262
0.010086272
0.0098660773
0.0096497229
0.0094372607
0.0092287424
0.022590935
0.022317446
0.022042036
0.021764778
0.021485745
0.021205022
0.020922705
0.020638903
0.020353735
0.020067328
0.019779821
0.019491359
0.019202096
0.018912191
0.018621811
0.018331125
0.018040309
0.01774954
0.017458997
0.01716886
0.016879311
0.01659053
0.016302696
0.016015985
0.015730573
0.015446629
0.015164321
0.014883811
0.014605255
0.014328806
0.01405461
0.013782807
0.013513532
0.013246911
0.012983066
0.012722111
0.012464154
0.012209297
0.011957634
0.011709255
0.011464241
0.011222668
0.010984608
0.010750124
0.010519275
0.010292115
0.010068691
0.0098490457
0.0096332205
0.0094212793
0.009213312
0.022526214
0.022254204
0.02198024
0.021704393
0.021426739
0.021147364
0.020866367
0.020583858
0.020299956
0.020014791
0.019728503
0.019441237
0.019153149
0.018864399
0.018575154
0.018285585
0.017995867
0.017706177
0.017416696
0.017127605
0.016839085
0.016551316
0.016264478
0.015978747
0.015694299
0.015411303
0.015129926
0.014850332
0.014572676
0.014297111
0.014023784
0.013752833
0.013484394
0.013218594
0.012955553
0.012695387
0.012438203
0.012184103
0.011933182
0.011685527
0.011441223
0.011200344
0.010962962
0.010729141
0.010498939
0.010272411
0.010049602
0.0098305524
0.0096152941
0.022456113
0.022185701
0.021913301
0.021638982
0.02136282
0.021084905
0.020805337
0.020524227
0.020241696
0.019957877
0.019672908
0.019386938
0.019100123
0.018812624
0.018524609
0.018236249
0.01794772
0.017659201
0.017370872
0.017082914
0.016795508
0.016508836
0.016223077
0.015938408
0.015655003
0.015373034
0.015092667
0.014814065
0.014537385
0.014262778
0.013990391
0.013720364
0.013452831
0.01318792
0.012925751
0.012666439
0.012410092
0.012156811
0.011906692
0.011659824
0.011416287
0.01117616
0.010939512
0.010706409
0.010476908
0.010251064
0.010028923
0.0098105223
0.02238034
0.022111652
0.021840941
0.021568271
0.021293722
0.021017384
0.020739359
0.020459761
0.020178712
0.019896346
0.019612804
0.019328235
0.019042796
0.018756649
0.018469963
0.018182911
0.017895668
0.017608415
0.01732133
0.017034597
0.016748397
0.016462911
0.016178319
0.015894798
0.015612523
0.015331664
0.015052389
0.01477486
0.014499234
0.014225663
0.013954293
0.013685264
0.013418711
0.01315476
0.012893534
0.012635145
0.012379703
0.012127308
0.011878057
0.011632037
0.011389331
0.011150015
0.010914161
0.010681833
0.01045309
0.010227986
0.010006569
0.0097888879
0.022563275
0.022298585
0.022031765
0.021762874
0.021491983
0.021219171
0.020944532
0.020668172
0.020390204
0.020110753
0.019829955
0.019547951
0.019264893
0.018980939
0.018696251
0.018411
0.018125359
0.017839504
0.017553616
0.017267875
0.016982464
0.016697565
0.01641336
0.016130027
0.015847745
0.015566689
0.015287029
0.015008932
0.014732561
0.014458073
0.014185619
0.013915347
0.013647396
0.013381899
0.013118985
0.012858775
0.012601383
0.012346917
0.012095478
0.011847162
0.011602057
0.011360247
0.011121807
0.010886808
0.010655316
0.01042739
0.010203085
0.00998245
0.009765541
0.022473177
0.022210555
0.021945743
0.021678811
0.021409831
0.021138888
0.020866078
0.020591508
0.020315294
0.020037564
0.019758453
0.019478106
0.019196675
0.018914319
0.018631203
0.018347497
0.018063376
0.017779016
0.017494599
0.017210306
0.016926319
0.016642822
0.016359995
0.01607802
0.015797073
0.015517329
0.01523896
0.014962133
0.014687009
0.014413747
0.014142497
0.013873407
0.013606616
0.013342259
0.013080461
0.012821346
0.012565026
0.012311611
0.012061202
0.011813893
0.011569774
0.011328927
0.011091429
0.010857352
0.01062676
0.010399713
0.010176268
0.0099564741
0.009740391
0.022376359
0.022115944
0.021853286
0.021588454
0.021321527
0.02105259
0.020781744
0.020509096
0.020234767
0.019958884
0.019681587
0.01940302
0.019123338
0.0188427
0.018561273
0.018279228
0.017996741
0.017713989
0.017431153
0.017148416
0.016865961
0.016583971
0.016302628
0.016022112
0.015742601
0.015464269
0.015187289
0.014911826
0.014638044
0.0143661
0.014096145
0.013828326
0.013562783
0.013299649
0.013039053
0.012781114
0.012525948
0.012273662
0.012024359
0.011778133
0.011535073
0.011295262
0.011058777
0.010825689
0.010596064
0.010369963
0.01014744
0.0099285485
0.0097133488
0.022272497
0.022014442
0.021754088
0.021491506
0.021226777
0.020959991
0.020691248
0.020420662
0.020148353
0.019874452
0.019599099
0.019322442
0.019044635
0.018765841
0.018486227
0.018205965
0.017925231
0.017644204
0.017363066
0.017082
0.01680119
0.016520818
0.016241067
0.015962117
0.015684147
0.015407332
0.015131842
0.014857845
0.014585503
0.014314974
0.014046409
0.013779955
0.013515751
0.013253931
0.012994622
0.012737947
0.012484018
0.012232945
0.011984828
0.011739764
0.01149784
0.01125914
0.011023742
0.010791715
0.010563128
0.010338039
0.010116506
0.0098985806
0.0096843252
0.022161272
0.021905736
0.021647844
0.021387667
0.021125288
0.0208608
0.020594309
0.020325928
0.020055781
0.019784001
0.01951073
0.019236118
0.01896032
0.018683501
0.018405829
0.018127476
0.017848621
0.017569443
0.017290125
0.017010849
0.016731801
0.016453163
0.016175119
0.015897848
0.01562153
0.015346339
0.015072447
0.01480002
0.014529222
0.01426021
0.013993134
0.013728142
0.013465373
0.013204961
0.012947033
0.012691711
0.012439108
0.012189333
0.011942488
0.011698668
0.011457961
0.011220452
0.010986216
0.010755326
0.010527849
0.010303844
0.01008337
0.0098664775
0.0096532309
0.022042365
0.021789516
0.021534248
0.021276636
0.021016765
0.020754732
0.020490645
0.020224619
0.019956782
0.019687269
0.019416223
0.019143796
0.018870147
0.018595439
0.018319843
0.018043533
0.017766688
0.017489487
0.017212115
0.016934755
0.016657592
0.01638081
0.016104591
0.015829117
0.015554567
0.015281114
0.015008931
0.014738185
0.014469039
0.014201648
0.013936166
0.013672738
0.013411505
0.013152598
0.012896148
0.012642273
0.012391088
0.012142702
0.011897217
0.011654727
0.011415322
0.011179084
0.010946092
0.010716417
0.010490126
0.01026728
0.010047936
0.0098321475
0.0096199774
0.021915463
0.021665472
0.021412998
0.021158118
0.020900919
0.020641502
0.020379976
0.020116462
0.019851089
0.019583993
0.019315321
0.019045227
0.01877387
0.018501416
0.018228037
0.017953908
0.017679208
0.01740412
0.017128826
0.016853512
0.016578363
0.016303562
0.016029294
0.015755739
0.015483076
0.015211481
0.014941124
0.014672173
0.01440479
0.014139133
0.013875353
0.013613596
0.013354002
0.013096704
0.01284183
0.012589501
0.012339831
0.012092928
0.011848894
0.011607825
0.011369808
0.011134929
0.010903264
0.010674886
0.010449861
0.010228251
0.010010113
0.0097955
0.0095844771
0.021780258
0.021533304
0.0212838
0.021031822
0.020777465
0.02052083
0.020262031
0.02000119
0.019738439
0.019473917
0.019207774
0.018940164
0.01867125
0.018401198
0.018130181
0.017858377
0.017585965
0.017313128
0.01704005
0.016766918
0.016493916
0.016221229
0.01594904
0.015677532
0.015406883
0.015137268
0.014868858
0.014601822
0.01433632
0.014072511
0.013810546
0.013550571
0.013292725
0.013037142
0.012783949
0.012533268
0.012285212
0.01203989
0.011797403
0.011557847
0.011321312
0.01108788
0.010857629
0.010630632
0.010406956
0.010186662
0.0099698074
0.0097564468
0.0095466451
0.021636455
0.021392721
0.021146366
0.020897469
0.020646128
0.020392447
0.020136543
0.019878542
0.019618578
0.019356793
0.019093338
0.018828371
0.018562054
0.018294557
0.018026054
0.017756723
0.017486746
0.017216305
0.016945587
0.016674777
0.01640406
0.016133623
0.01586365
0.01559432
0.015325815
0.015058308
0.014791972
0.014526973
0.014263475
0.014001633
0.0137416
0.013483522
0.013227537
0.012973779
0.012722377
0.012473449
0.012227111
0.011983472
0.011742631
0.011504686
0.011269725
0.011037833
0.010809087
0.010583559
0.010361317
0.010142422
0.0099269329
0.0097149031
0.0095063993
0.021483774
0.021243447
0.021000426
0.020754792
0.020506646
0.020256096
0.020003262
0.019748273
0.019491265
0.019232384
0.018971782
0.01870962
0.018446061
0.018181278
0.017915445
0.017648742
0.017381351
0.017113457
0.016845245
0.016576902
0.016308616
0.01604057
0.01577295
0.015505936
0.015239709
0.014974444
0.014710311
0.014447479
0.01418611
0.013926359
0.01366838
0.013412317
0.01315831
0.012906492
0.012656991
0.012409927
0.012165415
0.011923562
0.011684471
0.011448237
0.011214949
0.010984692
0.010757543
0.010533575
0.010312855
0.010095446
0.0098814062
0.009670789
0.0094636624
0.021321953
0.021085225
0.020845727
0.020603543
0.020358775
0.020111537
0.019861952
0.019610151
0.019356274
0.019100469
0.01884289
0.0185837
0.018323065
0.018061158
0.017798156
0.017534239
0.017269592
0.017004398
0.016738845
0.016473121
0.016207412
0.015941903
0.01567678
0.015412224
0.015148415
0.014885528
0.014623734
0.0143632
0.014104089
0.013846558
0.013590757
0.013336832
0.013084924
0.012835164
0.01258768
0.012342593
0.012100017
0.011860059
0.011622823
0.011388403
0.011156889
0.010928366
0.01070291
0.010480596
0.01026149
0.010045656
0.0098331509
0.0096240303
0.0094183629
0.021150757
0.020917823
0.020682042
0.020443496
0.020202295
0.019958554
0.0197124
0.019463968
0.0192134
0.018960846
0.018706464
0.018450418
0.018192876
0.017934013
0.017674008
0.017413041
0.017151297
0.016888963
0.016626227
0.016363275
0.016100295
0.015837474
0.015574996
0.015313043
0.015051794
0.014791426
0.014532109
0.01427401
0.014017291
0.01376211
0.013508617
0.013256957
0.01300727
0.01275969
0.012514342
0.012271348
0.012030822
0.011792871
0.011557598
0.011325099
0.011095463
0.010868774
0.01064511
0.010424546
0.010207148
0.0099929791
0.0097820984
0.0095745609
0.0093704369
0.020969984
0.020741042
0.020509171
0.020274458
0.020037013
0.019796957
0.019554421
0.019309541
0.019062464
0.018813341
0.018562334
0.018309607
0.018055332
0.017799684
0.017542843
0.017284993
0.017026319
0.016767007
0.016507246
0.016247225
0.015987131
0.015727151
0.015467469
0.015208268
0.014949728
0.014692022
0.014435324
0.014179799
0.01392561
0.013672913
0.01342186
0.013172594
0.012925257
0.01267998
0.01243689
0.012196108
0.011957748
0.011721918
0.01148872
0.01125825
0.011030597
0.010805847
0.010584076
0.01036536
0.010149765
0.0099373556
0.0097281901
0.0095223242
0.0093198298
0.020779471
0.020554718
0.020326955
0.020096268
0.019862772
0.019626593
0.019387862
0.019146721
0.018903319
0.01865781
0.018410357
0.018161128
0.017910296
0.017658038
0.017404535
0.017149971
0.016894533
0.01663841
0.016381789
0.01612486
0.015867811
0.015610828
0.015354098
0.015097801
0.014842117
0.014587223
0.014333288
0.01408048
0.01382896
0.013578885
0.013330405
0.013083667
0.012838807
0.012595961
0.012355253
0.012116805
0.01188073
0.011647137
0.011416127
0.011187797
0.010962236
0.010739529
0.010519754
0.010302986
0.010089292
0.0098787372
0.0096713794
0.0094672754
0.0092664984
0.020579099
0.020358736
0.020135277
0.019908812
0.019679459
0.019447347
0.019212612
0.018975399
0.018735857
0.018494147
0.018250431
0.018004881
0.01775767
0.017508977
0.017258986
0.017007882
0.016755852
0.016503084
0.016249769
0.015996096
0.015742253
0.015488428
0.015234805
0.014981567
0.014728893
0.014476958
0.014225934
0.013975987
0.013727279
0.013479965
0.013234197
0.012990118
0.012747869
0.012507581
0.012269382
0.01203339
0.011799721
0.011568483
0.011339777
0.011113699
0.010890339
0.010669782
0.010452108
0.010237389
0.010025695
0.0098170906
0.0096116344
0.0094093837
0.0092104133
0.020368809
0.020153033
0.019934075
0.019712027
0.019487011
0.019259158
0.01902861
0.018795512
0.018560019
0.018322291
0.018082496
0.017840806
0.017597396
0.017352447
0.017106144
0.016858673
0.016610222
0.016360981
0.016111139
0.015860887
0.015610414
0.015359907
0.01510955
0.014859527
0.014610016
0.014361192
0.014113227
0.013866287
0.013620534
0.013376122
0.013133203
0.01289192
0.012652414
0.012414815
0.012179251
0.011945841
0.011714699
0.011485934
0.011259648
0.011035935
0.010814887
0.010596589
0.010381119
0.010168552
0.0099589579
0.0097524006
0.0095489404
0.0093486352
0.0091515613
0.020148607
0.019937613
0.019723351
0.019505913
0.019285425
0.019062023
0.018835849
0.018607055
0.018375796
0.018142237
0.017906546
0.017668897
0.017429468
0.017188441
0.016946002
0.016702338
0.016457639
0.016212094
0.015965894
0.01571923
0.015472289
0.015225261
0.01497833
0.014731678
0.014485484
0.014239924
0.013995168
0.013751381
0.013508726
0.013267358
0.013027426
0.012789076
0.012552445
0.012317665
0.012084864
0.01185416
0.011625668
0.011399496
0.011175745
0.010954512
0.010735886
0.010519954
0.010306794
0.010096481
0.0098890856
0.0096846726
0.009483303
0.0092850354
0.0090899482
0.019918576
0.019712556
0.019503179
0.019290541
0.01907477
0.018856006
0.018634395
0.018410089
0.01818325
0.017954042
0.017722636
0.017489208
0.017253939
0.017017011
0.016778611
0.016538928
0.016298151
0.016056472
0.015814081
0.015571169
0.015327925
0.015084537
0.014841189
0.014598065
0.014355342
0.014113196
0.013871797
0.01363131
0.013391897
0.013153713
0.012916907
0.012681624
0.012448001
0.012216171
0.01198626
0.011758386
0.011532665
0.011309204
0.011088105
0.010869463
0.01065337
0.01043991
0.010229165
0.010021207
0.0098161093
0.0096139366
0.0094147511
0.0092186127
0.009025602
0.019678888
0.019478027
0.019273721
0.019066067
0.018855197
0.018641254
0.018424387
0.018204753
0.017982512
0.017757835
0.017530893
0.017301864
0.017070929
0.016838274
0.016604086
0.016368554
0.016131869
0.015894223
0.015655806
0.01541681
0.015177423
0.014937834
0.014698227
0.014458784
0.014219684
0.013981101
0.013743206
0.013506163
0.013270134
0.013035273
0.012801729
0.012569647
0.012339163
0.012110411
0.011883514
0.011658594
0.011435764
0.011215131
0.010996797
0.010780858
0.010567406
0.010356525
0.010148295
0.0099427931
0.0097400892
0.0095402506
0.0093433408
0.0091494214
0.0089585757
0.01942982
0.019234293
0.019035236
0.018832743
0.018626951
0.018418005
0.018206059
0.017991271
0.017773805
0.017553832
0.017331526
0.017107068
0.016880639
0.016652427
0.016422618
0.016191405
0.015958976
0.015725526
0.015491245
0.015256323
0.015020951
0.014785316
0.014549602
0.014313992
0.014078663
0.01384379
0.013609542
0.013376085
0.013143578
0.012912175
0.012682027
0.012453276
0.01222606
0.01200051
0.011776751
0.011554904
0.011335081
0.01111739
0.010901933
0.010688806
0.0104781
0.0102699
0.010064286
0.0098613356
0.0096611191
0.0094637051
0.0092691588
0.0090775447
0.0088889509
0.019171764
0.018981738
0.018788095
0.01859093
0.018390383
0.018186603
0.017979745
0.017769971
0.017557446
0.017342344
0.017124842
0.016905119
0.016683361
0.016459753
0.016234486
0.016007751
0.015779738
0.015550641
0.015320651
0.015089958
0.014858752
0.014627221
0.014395548
0.014163916
0.013932501
0.013701479
0.013471017
0.013241281
0.013012429
0.012784617
0.012557993
0.0123327
0.012108874
0.011886647
0.011666144
0.011447485
0.011230782
0.011016143
0.01080367
0.010593459
0.010385601
0.010180181
0.0099772791
0.009776972
0.0095793318
0.0093844276
0.0091923268
0.0090030985
0.0088168402
0.018905245
0.018720872
0.018532797
0.018341116
0.01814597
0.017947512
0.017745899
0.017541295
0.017333869
0.017123795
0.016911251
0.01669642
0.016479486
0.016260638
0.016040066
0.01581796
0.015594514
0.015369919
0.015144367
0.014918049
0.014691154
0.014463869
0.014236377
0.014008861
0.013781497
0.013554458
0.013327914
0.013102029
0.01287696
0.012652863
0.012429884
0.012208168
0.01198785
0.01176906
0.011551925
0.011336563
0.011123088
0.010911605
0.010702218
0.010495023
0.010290108
0.010087561
0.0098874619
0.0096898857
0.0094949049
0.0093025888
0.0091130066
0.0089262338
0.0087423874
0.018630938
0.018452355
0.018269986
0.018083928
0.017894324
0.017701329
0.017505104
0.017305814
0.01710363
0.016898728
0.016691287
0.016481491
0.016269525
0.016055579
0.015839843
0.015622509
0.015403769
0.015183814
0.014962838
0.01474103
0.01451858
0.014295673
0.014072493
0.013849222
0.013626035
0.013403105
0.013180601
0.012958686
0.012737518
0.012517252
0.012298033
0.012080004
0.011863302
0.011648057
0.011434394
0.011222431
0.011012282
0.010804053
0.010597846
0.010393757
0.010191877
0.00999229
0.0097950769
0.0096003127
0.009408068
0.0092184106
0.0090314093
0.0088471465
0.018349687
0.01817701
0.018000466
0.017820152
0.017636213
0.017448807
0.017258096
0.017064246
0.016867432
0.01666783
0.01646562
0.016260988
0.016054119
0.015845203
0.015634431
0.015421994
0.015208086
0.014992897
0.014776621
0.014559446
0.014341561
0.014123152
0.013904402
0.013685492
0.013466597
0.013247889
0.013029536
0.0128117
0.012594541
0.012378209
0.012162852
0.011948612
0.011735625
0.01152402
0.011313923
0.01110545
0.010898717
0.010693828
0.010490887
0.010289988
0.010091223
0.0098946757
0.0097004263
0.0095085488
0.0093191115
0.0091321779
0.0089478154
0.018062518
0.017895842
0.01772522
0.01755075
0.017372578
0.017190864
0.017005772
0.016817471
0.016626134
0.016431941
0.016235073
0.016035714
0.015834052
0.015630276
0.015424578
0.015217149
0.015008182
0.014797868
0.014586398
0.014373963
0.014160749
0.013946942
0.013732726
0.013518278
0.013303774
0.013089386
0.01287528
0.012661619
0.01244856
0.012236254
0.012024849
0.011814485
0.011605297
0.011397416
0.011190966
0.010986064
0.010782823
0.010581351
0.010381749
0.010184113
0.0099885332
0.0097950949
0.0096038778
0.0094149555
0.0092283945
0.0090442505
0.017770669
0.017610059
0.017445431
0.017276878
0.01710455
0.016928607
0.016749216
0.016566546
0.016380773
0.016192075
0.016000635
0.015806637
0.015610271
0.015411725
0.01521119
0.015008858
0.01480492
0.014599569
0.014392994
0.014185385
0.013976929
0.01376781
0.01355821
0.013348308
0.013138277
0.012928289
0.01271851
0.012509101
0.012300218
0.012092013
0.011884632
0.011678215
0.011472897
0.011268807
0.011066069
0.010864802
0.010665118
0.010467124
0.010270921
0.010076605
0.0098842687
0.0096939965
0.0095058692
0.0093199631
0.0091363529
0.0089551389
0.0174756
0.017321094
0.017162499
0.016999907
0.016833471
0.016663351
0.016489713
0.016312731
0.016132578
0.015949435
0.015763484
0.01557491
0.015383902
0.015190649
0.014995341
0.01479817
0.014599327
0.014399003
0.014197388
0.013994669
0.013791033
0.013586664
0.013381743
0.013176447
0.01297095
0.012765421
0.012560027
0.012354926
0.012150275
0.011946225
0.011742921
0.011540503
0.011339105
0.011138856
0.010939879
0.010742294
0.010546211
0.010351739
0.010158978
0.0099680254
0.009778973
0.0095919073
0.0094069104
0.0092240607
0.0090434373
0.0088651502
0.017179023
0.017030622
0.016878066
0.016721447
0.016560915
0.016396635
0.016228772
0.0160575
0.015882993
0.015705433
0.015525001
0.015341883
0.015156266
0.01496834
0.014778294
0.014586319
0.014392607
0.014197346
0.014000725
0.013802933
0.013604154
0.013404572
0.013204365
0.01300371
0.012802781
0.012601745
0.012400768
0.012200009
0.011999622
0.011799758
0.011600561
0.01140217
0.01120472
0.011008339
0.010813151
0.010619272
0.010426816
0.010235889
0.010046593
0.0098590261
0.0096732794
0.0094894407
0.0093075934
0.0091278175
0.0089501936
0.0087748337
0.016882922
0.016740587
0.016594037
0.01644336
0.01628871
0.016130248
0.015968143
0.015802567
0.015633696
0.01546171
0.015286791
0.015109124
0.014928896
0.014746296
0.014561513
0.014374737
0.014186157
0.013995962
0.013804341
0.01361148
0.013417562
0.01322277
0.013027282
0.012831274
0.012634917
0.012438379
0.012241823
0.012045409
0.01184929
0.011653615
0.011458528
0.011264168
0.011070668
0.010878157
0.010686757
0.010496587
0.010307757
0.010120376
0.0099345452
0.0097503622
0.0095679196
0.0093873057
0.0092086047
0.0090318977
0.0088572662
0.0086848239
0.016589575
0.016453223
0.0163126
0.016167793
0.016018955
0.015866248
0.015709841
0.015549906
0.015386617
0.015220156
0.015050702
0.014878442
0.014703561
0.014526246
0.014346686
0.01416507
0.013981587
0.013796424
0.013609768
0.013421804
0.013232716
0.013042683
0.012851883
0.012660491
0.012468676
0.012276606
0.012084443
0.011892345
0.011700464
0.011508949
0.011317944
0.011127586
0.010938009
0.01074934
0.010561701
0.010375211
0.010189981
0.010006118
0.0098237246
0.0096428985
0.0094637325
0.0092863154
0.009110732
0.0089370644
0.0087653956
0.0085958417
0.016301581
0.016171077
0.016036253
0.015897193
0.01575405
0.015606986
0.015456168
0.015301768
0.015143962
0.014982927
0.014818845
0.014651899
0.014482276
0.01431016
0.01413574
0.013959202
0.013780735
0.013600525
0.013418758
0.013235616
0.013051282
0.012865935
0.012679751
0.012492904
0.012305562
0.012117891
0.011930052
0.011742203
0.011554494
0.011367075
0.011180087
0.010993668
0.01080795
0.010623061
0.010439122
0.010256252
0.010074562
0.0098941583
0.0097151445
0.0095376177
0.0093616712
0.0091873939
0.009014871
0.0088441849
0.0086754209
0.0085087005
0.016021883
0.015897038
0.015767828
0.015634337
0.015496715
0.015355125
0.015209733
0.01506071
0.01490823
0.014752471
0.014593613
0.014431838
0.01426733
0.014100275
0.013930858
0.013759266
0.013585685
0.013410299
0.013233293
0.013054849
0.012875147
0.012694366
0.012512679
0.012330259
0.012147275
0.011963889
0.011780263
0.011596551
0.011412907
0.011229475
0.011046399
0.010863814
0.010681854
0.010500644
0.010320306
0.010140958
0.0099627116
0.0097856737
0.0096099466
0.009435628
0.009262811
0.0090915843
0.0089220327
0.0087542378
0.0085882847
0.0084243069
0.015753798
0.015634358
0.015510516
0.015382352
0.015250016
0.01511367
0.014973478
0.014829611
0.014682241
0.014531546
0.014377703
0.014220895
0.014061302
0.01389911
0.013734503
0.013567665
0.013398781
0.013228034
0.013055607
0.012881681
0.012706434
0.012530043
0.012352682
0.01217452
0.011995725
0.01181646
0.011636884
0.011457152
0.011277413
0.011097815
0.010918498
0.010739598
0.010561247
0.010383571
0.010206693
0.010030727
0.0098557877
0.0096819807
0.0095094085
0.009338169
0.0091683552
0.0090000555
0.0088333533
0.008668326
0.0085050425
0.015501042
0.015386685
0.015267893
0.015144746
0.015017391
0.014885988
0.014750701
0.0146117
0.014469156
0.014323244
0.01417414
0.014022026
0.013867081
0.013709488
0.01354943
0.013387089
0.013222649
0.013056291
0.012888197
0.012718546
0.012547515
0.012375279
0.012202011
0.012027878
0.011853047
0.011677681
0.011501936
0.011325967
0.011149923
0.010973949
0.010798186
0.010622769
0.01044783
0.010273494
0.010099883
0.0099271137
0.0097552974
0.0095845415
0.0094149486
0.0092466167
0.0090796393
0.0089141057
0.0087501014
0.0085877129
0.0084270578
0.015267766
0.015158091
0.015043954
0.014925433
0.014802675
0.014675837
0.014545084
0.014410581
0.014272499
0.014131012
0.013986296
0.013838527
0.013687885
0.013534552
0.013378707
0.013220534
0.013060211
0.012897921
0.012733843
0.012568153
0.012401029
0.012232643
0.012063166
0.011892767
0.011721609
0.011549853
0.011377657
0.011205172
0.011032549
0.010859931
0.010687457
0.010515264
0.010343481
0.010172235
0.010001647
0.0098318321
0.0096629035
0.0094949682
0.009328129
0.0091624844
0.0089981289
0.0088351528
0.0086736437
0.0085136909
0.0083554184
0.015058583
0.014953102
0.014843138
0.014728767
0.014610134
0.014487396
0.014360715
0.014230255
0.014096187
0.01395868
0.013817911
0.013674053
0.013527286
0.013377788
0.013225739
0.013071318
0.012914705
0.012756079
0.012595617
0.012433496
0.01226989
0.012104972
0.01193891
0.011771872
0.01160402
0.011435515
0.011266513
0.011097165
0.010927619
0.010758019
0.010588504
0.010419209
0.010250265
0.010081795
0.0099139226
0.0097467627
0.0095804277
0.009415025
0.0092506579
0.0090874253
0.0089254224
0.0087647404
0.0086054679
0.0084476949
0.0082915458
0.014878613
0.01477674
0.014670368
0.014559572
0.014444494
0.014325291
0.014202123
0.014075154
0.01394455
0.013810482
0.013673123
0.013532646
0.013389228
0.013243046
0.013094278
0.012943102
0.012789696
0.012634238
0.012476904
0.012317868
0.012157305
0.011995384
0.011832274
0.011668141
0.011503147
0.01133745
0.011171206
0.011004566
0.010837677
0.010670683
0.010503722
0.010336927
0.01017043
0.010004355
0.0098388237
0.0096739516
0.0095098511
0.0093466297
0.0091843909
0.0090232341
0.0088632549
0.0087045452
0.0085471942
0.0083912929
0.0082369659
0.014733526
0.014634566
0.014531093
0.014423183
0.014310979
0.014194634
0.014074309
0.013950164
0.013822367
0.013691085
0.01355649
0.013418753
0.01327805
0.013134557
0.01298845
0.012839905
0.0126891
0.01253621
0.012381412
0.012224878
0.01206678
0.011907288
0.011746571
0.011584791
0.011422111
0.011258688
0.011094678
0.01093023
0.010765491
0.010600605
0.010435708
0.010270935
0.010106416
0.0099422759
0.0097786351
0.00961561
0.0094533127
0.009291851
0.0091313283
0.0089718443
0.0088134949
0.0086563723
0.0085005662
0.0083461688
0.0081933072
0.014629598
0.014532725
0.01443133
0.01432549
0.014215348
0.014101059
0.013982779
0.013860669
0.013734894
0.01360562
0.013473017
0.013337256
0.013198512
0.013056957
0.012912769
0.012766122
0.012617192
0.012466155
0.012313184
0.012158453
0.012002133
0.011844392
0.011685397
0.011525313
0.011364299
0.011202513
0.01104011
0.010877239
0.010714047
0.010550675
0.010387262
0.010223942
0.010060843
0.0098980919
0.0097358079
0.0095741077
0.0094131032
0.0092529023
0.0090936085
0.0089353214
0.0087781367
0.0086221466
0.0084674407
0.0083141118
0.0081622962
0.014573793
0.014478016
0.014377703
0.014272959
0.014163922
0.014050739
0.013933564
0.013812555
0.013687874
0.013559687
0.013428163
0.013293472
0.013155788
0.013015284
0.012872135
0.012726515
0.012578601
0.012428567
0.012276586
0.01212283
0.011967472
0.011810678
0.011652615
0.011493446
0.011333333
0.011172432
0.011010897
0.010848877
0.010686519
0.010523965
0.010361353
0.010198815
0.010036482
0.0098744785
0.0097129248
0.0095519374
0.0093916283
0.009232105
0.0090734711
0.0089158261
0.0087592651
0.0086038795
0.0084497563
0.0082969785
)
;

boundaryField
{
    inletLow
    {
        type            fixedValue;
        value           nonuniform List<scalar> 0();
    }
    inletJet
    {
        type            fixedValue;
        value           nonuniform List<scalar> 0();
    }
    inletHigh
    {
        type            fixedValue;
        value           nonuniform List<scalar> 0();
    }
    outlet
    {
        type            inletOutlet;
        inletValue      nonuniform List<scalar> 0();
        value           nonuniform List<scalar> 0();
    }
    upperWall
    {
        type            inletOutlet;
        inletValue      uniform 0;
        value           nonuniform List<scalar> 
44
(
0.014573793
0.014478016
0.014377703
0.014272959
0.014163922
0.014050739
0.013933564
0.013812555
0.013687874
0.013559687
0.013428163
0.013293472
0.013155788
0.013015284
0.012872135
0.012726515
0.012578601
0.012428567
0.012276586
0.01212283
0.011967472
0.011810678
0.011652615
0.011493446
0.011333333
0.011172432
0.011010897
0.010848877
0.010686519
0.010523965
0.010361353
0.010198815
0.010036482
0.0098744785
0.0097129248
0.0095519374
0.0093916283
0.009232105
0.0090734711
0.0089158261
0.0087592651
0.0086038795
0.0084497563
0.0082969785
)
;
    }
    lowerWall
    {
        type            inletOutlet;
        inletValue      nonuniform List<scalar> 0();
        value           nonuniform List<scalar> 0();
    }
    frontAndBack
    {
        type            empty;
    }
    procBoundary0to1
    {
        type            processor;
        value           nonuniform List<scalar> 
80
(
0.0077974151
0.0077971757
0.0077965349
0.0077954947
0.0079731743
0.0079731743
0.0079714326
0.0079694152
0.0079669819
0.0081470623
0.0081470623
0.0081436572
0.0083266462
0.0083266462
0.0083219954
0.0085074793
0.0085074793
0.0085013335
0.0086889017
0.0086889017
0.0086809776
0.0088701788
0.0088701788
0.0088601532
0.0088491114
0.0088370072
0.0090242034
0.0090242034
0.009403958
0.0090093447
0.0091965708
0.009403958
0.0095959177
0.0095959177
0.009575007
0.0095524197
0.0095280776
0.0095018981
0.0094737964
0.0094436867
0.0094114837
0.009377103
0.0093404625
0.0093014829
0.0092600897
0.0092162136
0.0091697931
0.0091207754
0.0090691191
0.009014796
0.0089577936
0.0088981183
0.0088357977
0.0087708845
0.008703459
0.008633632
0.0085615562
0.0086658245
0.0086658245
0.0087662599
0.0087662599
0.0088627418
0.0088627418
0.0087764671
0.0086893189
0.0086018511
0.008514683
0.0084285154
0.0083441337
0.0082624091
0.0083437687
0.0083437687
0.0082682882
0.0081989505
0.0081371395
0.0080843301
0.0080420916
0.0080120656
0.0081458474
0.0081458474
)
;
    }
    procBoundary0to2
    {
        type            processor;
        value           nonuniform List<scalar> 
66
(
0.02341099
0.023408869
0.023404676
0.023398415
0.023390089
0.023380295
0.023369332
0.023356342
0.023341175
0.023323676
0.02330368
0.023281013
0.023255491
0.023226923
0.023195108
0.023159833
0.023120878
0.02307801
0.02303099
0.022979565
0.022923475
0.02286245
0.02279621
0.022724469
0.022646935
0.022646935
0.022825737
0.022733547
0.022634474
0.022528198
0.022414393
0.022292736
0.022162907
0.022024593
0.021877495
0.021721328
0.021555826
0.021380752
0.021195901
0.021001107
0.020796254
0.020581284
0.020356204
0.020121103
0.01987616
0.01962166
0.019358006
0.019085738
0.018805547
0.018518296
0.018225037
0.017927033
0.017625777
0.017323017
0.017020775
0.016721376
0.01642747
0.016142056
0.015868513
0.01561063
0.015372633
0.015159222
0.014975616
0.014827591
0.014721544
0.014664531
)
;
    }
    procBoundary0to4
    {
        type            processor;
        value           nonuniform List<scalar> 6(0.0089374922 0.0087370724 0.0085407751 0.0083486263 0.0081606501 0.0079768706);
    }
    procBoundary0to5
    {
        type            processor;
        value           nonuniform List<scalar> 
52
(
0.023126756
0.02284093
0.022553514
0.022264544
0.021974075
0.021682175
0.021388927
0.021094425
0.020798773
0.020502089
0.020204499
0.019906141
0.019607158
0.019307703
0.019007935
0.018708019
0.018408124
0.018108422
0.017809089
0.017510303
0.017212241
0.016915082
0.016619002
0.016324178
0.016030783
0.015738985
0.015448952
0.015160845
0.014874822
0.014591033
0.014309624
0.014030737
0.013754505
0.013481055
0.013210508
0.01294298
0.012678577
0.012417401
0.012159547
0.011905102
0.01165415
0.011406766
0.01116302
0.010922977
0.010686695
0.010454229
0.010225627
0.010000935
0.0097801926
0.0095634383
0.0093507068
0.0091420377
)
;
    }
}


// ************************************************************************* //
