/*--------------------------------*- C++ -*----------------------------------*\
| =========                 |                                                 |
| \\      /  F ield         | OpenFOAM: The Open Source CFD Toolbox           |
|  \\    /   O peration     | Version:  2312                                  |
|   \\  /    A nd           | Website:  www.openfoam.com                      |
|    \\/     M anipulation  |                                                 |
\*---------------------------------------------------------------------------*/
FoamFile
{
    version     2.0;
    format      ascii;
    arch        "LSB;label=32;scalar=64";
    class       volScalarField;
    location    "0.01";
    object      alphat;
}
// * * * * * * * * * * * * * * * * * * * * * * * * * * * * * * * * * * * * * //

dimensions      [1 -1 -1 0 0 0 0];

internalField   nonuniform List<scalar> 
3275
(
0.0048157107
0.0053204687
0.005939131
0.0066023701
0.0072979058
0.0080183414
0.0087765884
0.0095770704
0.010416806
0.011284116
0.012162173
0.013032285
0.013875499
0.014673584
0.015409744
0.01606894
0.0166379
0.017104931
0.017476631
0.017770827
0.017998633
0.018170467
0.018305644
0.018399014
0.018456909
0.018483231
0.018481058
0.018452888
0.018400795
0.018326527
0.01823184
0.018118034
0.017985737
0.017836507
0.017671423
0.017491522
0.017297828
0.017091359
0.01687314
0.016644205
0.016405605
0.016158411
0.015903718
0.015642645
0.015378925
0.015110199
0.014837546
0.014565532
0.014292905
0.014019445
0.013748039
0.013479974
0.004870739
0.0054334611
0.006044063
0.0066928784
0.0073743802
0.0080801161
0.0088276615
0.0096198482
0.010453189
0.011315149
0.012188442
0.01305427
0.013893635
0.014688245
0.015421254
0.01607759
0.016643959
0.017108614
0.017478637
0.017771804
0.017997756
0.018169756
0.018304523
0.018397495
0.018455139
0.018481304
0.01847904
0.018450829
0.018398732
0.01832449
0.018229863
0.018116105
0.017983887
0.017834748
0.017669763
0.017489967
0.017296384
0.01709003
0.016871929
0.016643115
0.016404639
0.016157573
0.015903016
0.015642107
0.015378523
0.015109862
0.014837295
0.014565379
0.014292841
0.014019472
0.013748157
0.013480203
0.0050216001
0.0056748519
0.0062604739
0.0068768886
0.0075289908
0.0082034926
0.0089296095
0.0097049758
0.010525704
0.011377008
0.012240764
0.013098023
0.013929703
0.014717374
0.015444091
0.016094713
0.016655912
0.017115833
0.017482494
0.017773693
0.017995714
0.018168372
0.018302098
0.018394297
0.018451431
0.018477267
0.018474805
0.018446495
0.018394372
0.018320163
0.018225637
0.018111956
0.01797988
0.017830905
0.0176661
0.017486498
0.01729312
0.017086979
0.016869098
0.01664051
0.016402265
0.016155434
0.015901122
0.01564047
0.015377124
0.015108655
0.014836288
0.014564577
0.014292229
0.014019057
0.013747946
0.013480204
0.0053610163
0.006088676
0.0065943421
0.0071552994
0.0077619444
0.0083855975
0.0090785616
0.0098311891
0.010633423
0.011468957
0.012318498
0.013162995
0.013983246
0.014760592
0.015477938
0.01612004
0.016673541
0.01712644
0.01748806
0.017775188
0.01799388
0.018166257
0.018298354
0.018389415
0.018445792
0.018471134
0.018468369
0.0184399
0.018387732
0.018313562
0.018219176
0.018105602
0.017973728
0.017824989
0.017660445
0.017481124
0.017288043
0.017082213
0.016864652
0.016636393
0.016398484
0.016151996
0.015898036
0.015637738
0.015374735
0.015106578
0.014834522
0.014563125
0.014291066
0.014018195
0.013747395
0.013479962
0.0061465013
0.0067106853
0.0070867403
0.0075297119
0.0080532829
0.0086375398
0.0092813212
0.0099967766
0.010775045
0.011589993
0.012420748
0.01324841
0.014053623
0.014817364
0.015522343
0.01615318
0.016696525
0.017140222
0.017495287
0.017776381
0.017992115
0.01816326
0.018293255
0.018382843
0.018438228
0.018462916
0.018459747
0.018431064
0.018378828
0.018304707
0.018210492
0.018097057
0.017965448
0.017817014
0.017652809
0.017473855
0.017281162
0.017075738
0.016858598
0.016630769
0.0163933
0.016147261
0.015893756
0.015633915
0.015371359
0.015103629
0.014831996
0.014561021
0.014289349
0.014016884
0.013746496
0.013479468
0.0081160727
0.0076116002
0.0076782611
0.0079669142
0.00838204
0.0089069056
0.0095188765
0.010196224
0.010938764
0.011730171
0.012539028
0.013347158
0.014134991
0.014882964
0.015573577
0.016191285
0.016722828
0.017155931
0.017503696
0.017776925
0.017990652
0.018159459
0.018287136
0.018375053
0.018429298
0.018453227
0.018449586
0.01842065
0.018368329
0.018294264
0.018200235
0.018086964
0.017955658
0.017807577
0.017643764
0.017465235
0.017272992
0.01706804
0.016851387
0.01662406
0.016387102
0.016141583
0.015888604
0.01562929
0.015367256
0.015100033
0.014828901
0.014558426
0.014287212
0.014015225
0.013745321
0.013478766
0.010629105
0.0086392359
0.0083205086
0.0084344619
0.0087539511
0.0092093935
0.0097724979
0.010417715
0.011123634
0.011884886
0.012669242
0.013455773
0.014224496
0.014955062
0.015629792
0.01623292
0.016751412
0.017172915
0.017511602
0.017778224
0.017989509
0.018154946
0.018280189
0.018366302
0.018419299
0.018442392
0.018438228
0.018409008
0.018356589
0.018282593
0.018188747
0.018075665
0.017944693
0.017797
0.01763362
0.01745556
0.017263816
0.017059385
0.016843273
0.016616501
0.016380111
0.016135167
0.01588277
0.01562404
0.015362585
0.015095932
0.014825362
0.014555448
0.014284747
0.014013297
0.013743932
0.013477903
0.013476582
0.0099057658
0.0090995416
0.0089909272
0.009188637
0.0095652665
0.010066216
0.01066694
0.011338648
0.012069348
0.012820194
0.013581594
0.014328244
0.015038545
0.015694761
0.016280765
0.016784027
0.017192295
0.017519479
0.017780712
0.017987965
0.018149379
0.018271859
0.018355911
0.018407468
0.01842959
0.018424813
0.018395258
0.018342718
0.01826882
0.018175147
0.018062307
0.017931722
0.017784481
0.017621606
0.017444095
0.017252935
0.017049116
0.016833638
0.016607517
0.016371792
0.016127524
0.01587581
0.015617763
0.015356992
0.015091013
0.014821109
0.01455186
0.014281768
0.014010953
0.013742225
0.013476818
0.016193428
0.011327701
0.0099860898
0.0096273811
0.0096823129
0.0099668936
0.010402994
0.010950145
0.011581564
0.012274163
0.012996964
0.013724526
0.014446269
0.015133372
0.015768407
0.016334566
0.016820351
0.017212215
0.017529386
0.017784015
0.017985758
0.018142683
0.018262042
0.018343781
0.018393705
0.018414716
0.018409236
0.018379294
0.018326611
0.018252841
0.018159307
0.018046785
0.017916639
0.017769915
0.017607621
0.017430741
0.017240254
0.017037141
0.016822395
0.016597028
0.016362072
0.016118585
0.01586766
0.015610404
0.015350426
0.015085231
0.014816104
0.014547629
0.014278249
0.014008174
0.013740188
0.013475502
0.018506465
0.012828957
0.010963009
0.010334827
0.010232651
0.010414548
0.010777923
0.01126849
0.011852402
0.012503532
0.013190402
0.013887646
0.014578917
0.015239304
0.015850534
0.016393856
0.016858288
0.017235278
0.01754107
0.017787283
0.017982813
0.018134796
0.018250627
0.018329818
0.018377913
0.018397673
0.018391395
0.018361011
0.018308171
0.018234532
0.018141135
0.018028992
0.017899341
0.017753203
0.017591567
0.017415405
0.017225683
0.017023374
0.016809463
0.016584955
0.016350877
0.016108282
0.015858258
0.015601907
0.015342838
0.015078543
0.01481031
0.014542725
0.014274163
0.014004943
0.013737807
0.013473952
0.020356226
0.014326579
0.01200574
0.011104687
0.010835666
0.010906557
0.011189823
0.011618803
0.012151341
0.012756614
0.01340398
0.014066743
0.014725071
0.015355771
0.015939689
0.016458869
0.016899954
0.017260107
0.017553434
0.01779039
0.017979031
0.018125684
0.01823748
0.018313939
0.018360003
0.018378368
0.018371196
0.018340313
0.018287312
0.018213775
0.018120544
0.018008828
0.017879729
0.017734246
0.017573349
0.017397994
0.017209134
0.017007731
0.016794762
0.016571223
0.016338137
0.016096551
0.015847546
0.015592219
0.015334181
0.015070908
0.014803691
0.014537118
0.014269489
0.014001243
0.013735074
0.013472164
0.021792238
0.015753566
0.013084348
0.011924849
0.011485484
0.011439459
0.011637003
0.011998606
0.012476666
0.013032516
0.013636583
0.014261164
0.014883858
0.015482048
0.016036128
0.016528375
0.01694445
0.017286427
0.017566283
0.017793193
0.017974312
0.018115253
0.018222502
0.018296075
0.018339893
0.018356716
0.018348552
0.018317108
0.01826397
0.01819044
0.018097452
0.017986203
0.017857712
0.017712955
0.017552879
0.017378422
0.017190523
0.016990131
0.016778215
0.016555762
0.016323786
0.016083329
0.015835467
0.01558129
0.01532441
0.015062288
0.014796215
0.014530783
0.014264206
0.013997064
0.013731983
0.013470138
0.022897107
0.0170684
0.014167888
0.012780221
0.012174256
0.01200853
0.012116266
0.012406864
0.012824777
0.01332963
0.013886921
0.014469809
0.015054153
0.015617122
0.016138829
0.016601512
0.016991205
0.017313891
0.017579389
0.017795534
0.017968555
0.018103382
0.018205648
0.018276132
0.018317505
0.018332641
0.018323388
0.018291338
0.018238024
0.018164462
0.018071775
0.017961031
0.017833207
0.017689247
0.017530075
0.017356609
0.017169772
0.016970501
0.016759751
0.016538503
0.016307761
0.01606856
0.01582197
0.015569074
0.015313486
0.015052647
0.014787854
0.014523698
0.014258299
0.013992395
0.01372853
0.013467877
0.023750493
0.01825232
0.015228666
0.013653935
0.012892322
0.012607736
0.012623426
0.012839839
0.013194959
0.013644329
0.014153215
0.014691333
0.015234526
0.015759688
0.016246551
0.016677006
0.017039554
0.017342101
0.017592491
0.017797238
0.017961641
0.018089967
0.01818687
0.01825403
0.018292771
0.018306079
0.018295634
0.018262968
0.018209344
0.018135801
0.018043439
0.017933238
0.017806137
0.017663047
0.017504863
0.017332482
0.017146811
0.016948772
0.016739307
0.016519386
0.016290005
0.016052192
0.015807007
0.015555528
0.015301372
0.015041956
0.014778584
0.014515845
0.014251759
0.01398723
0.013724718
0.013465391
0.024416775
0.019302135
0.016244509
0.014528815
0.013628663
0.013229834
0.013153342
0.013293662
0.013583607
0.013975455
0.01443206
0.014923553
0.015423528
0.01590813
0.016357823
0.016753626
0.017088808
0.017370622
0.017605309
0.01779812
0.017953447
0.018074907
0.018166134
0.018229687
0.018265636
0.018276976
0.018265269
0.018231885
0.018177896
0.018104401
0.01801238
0.017902762
0.01777644
0.017634289
0.017477177
0.017305978
0.017121578
0.016924884
0.016716824
0.016498357
0.016270469
0.016034178
0.015790537
0.015540618
0.015288039
0.01503019
0.014768388
0.014507212
0.014244581
0.013981572
0.013720553
0.01346269
0.024943747
0.0202232
0.017199493
0.015388746
0.014371525
0.01386659
0.013700009
0.01376373
0.013986992
0.0143194
0.014722085
0.015163354
0.015618456
0.016060922
0.016470926
0.016830715
0.017138317
0.017399011
0.017617554
0.017797992
0.017943847
0.018058106
0.018143444
0.018203011
0.018236068
0.018245311
0.018232252
0.018198008
0.018143672
0.018070217
0.017978554
0.017869554
0.017744064
0.017602923
0.017446967
0.017277045
0.017094022
0.016898787
0.016692255
0.016475371
0.01624911
0.016014481
0.015772528
0.015524315
0.015273463
0.015017332
0.014757253
0.014497795
0.014236766
0.013975428
0.013716049
0.013459795
0.025364981
0.021024254
0.018083174
0.016219581
0.015109104
0.014509098
0.014256683
0.014244767
0.014400804
0.014672521
0.015019642
0.015409096
0.015816646
0.016215153
0.016583737
0.016907483
0.01718745
0.017426827
0.017628943
0.017796671
0.017932722
0.018039451
0.018118903
0.018173852
0.018204085
0.018211067
0.018196493
0.018161367
0.018106648
0.018033221
0.017941927
0.017833578
0.017708973
0.017568909
0.017414192
0.017245642
0.017064102
0.016870443
0.016665563
0.016450393
0.016225897
0.015993072
0.015752955
0.0155066
0.015257629
0.015003372
0.014745176
0.014487595
0.014228324
0.013968813
0.013711227
0.01345673
0.025703839
0.021714142
0.01888935
0.017009672
0.015830168
0.015148161
0.014816075
0.014730919
0.014820201
0.015030707
0.015321259
0.015658408
0.016015095
0.016367907
0.016693697
0.016982827
0.017235607
0.017453734
0.017639214
0.017793989
0.017919977
0.018018917
0.01809236
0.018142373
0.018169595
0.018174214
0.018158041
0.018121962
0.018066818
0.017993406
0.017902489
0.01779482
0.017671148
0.017532226
0.017378828
0.017211744
0.017031794
0.016839826
0.016636723
0.016423401
0.016200809
0.015969935
0.015731804
0.015487462
0.015240533
0.01498831
0.014732164
0.014476627
0.014219275
0.013961754
0.01370612
0.013453528
0.025982517
0.022313065
0.019615033
0.017749941
0.016524532
0.015774666
0.01537058
0.015215889
0.015239883
0.015389398
0.015622887
0.015906563
0.016212598
0.016516371
0.016799561
0.017055821
0.01728226
0.017479304
0.017648131
0.017789809
0.017905539
0.017996484
0.018063767
0.018108646
0.018132601
0.018134786
0.018116919
0.018079814
0.018024201
0.017950782
0.017860247
0.017753283
0.017630587
0.017492871
0.017340869
0.017175343
0.016997087
0.016806927
0.016605727
0.016394386
0.016173841
0.015945066
0.015709074
0.015466903
0.015222181
0.014972156
0.014718236
0.014464912
0.014209648
0.013954287
0.013700771
0.013450232
0.026215805
0.022836241
0.020266632
0.018433869
0.017183377
0.016379925
0.015912531
0.015693099
0.015654199
0.015743668
0.015920159
0.016149744
0.016404297
0.016659365
0.016900564
0.017125371
0.017326731
0.017503257
0.017655512
0.017784029
0.017889372
0.017972154
0.018033082
0.018072902
0.018093019
0.018092856
0.018073179
0.018034972
0.01797884
0.01790539
0.017815233
0.017708994
0.017587314
0.01745086
0.017300329
0.01713645
0.01695999
0.016771752
0.01657258
0.016363355
0.016145
0.015918474
0.015684779
0.015444941
0.015202591
0.014954935
0.014703422
0.01445249
0.014199488
0.013946464
0.013695244
0.02641394
0.023295935
0.020853986
0.019058252
0.01779934
0.016955926
0.016434443
0.016155875
0.016057268
0.01608831
0.016208449
0.016383815
0.016586389
0.016795315
0.016997925
0.017191609
0.017368131
0.017525101
0.017661247
0.017776602
0.017871488
0.017945972
0.018000381
0.018035135
0.018051054
0.018048462
0.018026902
0.017987513
0.017930806
0.017857293
0.017767506
0.017662005
0.017541374
0.017406235
0.017257244
0.017095097
0.016920533
0.016734329
0.016537309
0.016330335
0.016114314
0.015890188
0.015658947
0.015421607
0.015181798
0.014936682
0.014687772
0.014439412
0.01418885
0.013938349
0.013689633
0.026584251
0.023702088
0.021385132
0.019631393
0.018366972
0.01749551
0.01692926
0.016597637
0.01644314
0.016417949
0.016482957
0.016604415
0.016757641
0.016924317
0.017092032
0.017254056
0.017406991
0.01754392
0.017665065
0.017767539
0.017851962
0.017918037
0.017965782
0.01799536
0.018007027
0.018001612
0.017978208
0.017937548
0.017880202
0.017806587
0.017717154
0.017612395
0.01749284
0.017359061
0.017211675
0.017051342
0.016878768
0.016694709
0.016499963
0.016295373
0.016081828
0.015860256
0.015631629
0.01539695
0.015159851
0.014917448
0.014671357
0.014425747
0.014177808
0.013930017
0.013683983
0.026732136
0.0240628
0.021866816
0.020159494
0.018893959
0.017996149
0.017390604
0.017012099
0.016805977
0.016727165
0.01673886
0.016810544
0.01691894
0.017046621
0.017181312
0.017315164
0.017442432
0.017561357
0.017666043
0.017756746
0.017830949
0.017888508
0.017929444
0.017953685
0.017961197
0.017952432
0.017927245
0.017885223
0.017827168
0.017753401
0.017664296
0.017560277
0.017441816
0.017309437
0.017163712
0.017005266
0.016834776
0.016652966
0.016460613
0.016258539
0.016047613
0.015828746
0.015602894
0.015371043
0.015136818
0.01489729
0.01465428
0.014411585
0.014166449
0.013921557
0.013678379
0.026861663
0.024384702
0.022304797
0.020647433
0.019385797
0.018464884
0.017821842
0.017398434
0.01714377
0.017015363
0.016978405
0.017004518
0.017071617
0.017162955
0.017266344
0.017373326
0.017477746
0.017575328
0.0176669
0.017742999
0.017808682
0.017857614
0.017891585
0.017910346
0.01791363
0.017901367
0.017874095
0.017830725
0.017771879
0.017697902
0.017609089
0.017505797
0.01738844
0.017257489
0.017113476
0.016956986
0.016788663
0.016609204
0.016419358
0.016219929
0.016011763
0.015795754
0.015572837
0.015343979
0.015112788
0.014876261
0.014636698
0.014397032
0.014154879
0.013913082
0.026975954
0.024673253
0.02270403
0.021099219
0.01984655
0.018906777
0.0182292
0.017763172
0.017462492
0.017287464
0.017205175
0.017188835
0.017217325
0.017274406
0.017347951
0.01742914
0.017511405
0.017589472
0.017665158
0.017729337
0.017784115
0.017825666
0.017852478
0.017865614
0.017864503
0.017848854
0.017818904
0.017774294
0.017714557
0.017640298
0.01755173
0.01744914
0.017332884
0.017203382
0.017061121
0.016906647
0.01674057
0.016563556
0.01637633
0.016179669
0.015974401
0.015761399
0.01554158
0.015315884
0.015087884
0.014854347
0.014618893
0.014382196
0.014143221
0.013904739
0.027077442
0.024932963
0.023068801
0.021518247
0.020279325
0.019325496
0.018617192
0.018111257
0.017766964
0.017547703
0.017422536
0.017366041
0.017357912
0.017382315
0.017427172
0.017483435
0.017544296
0.01760468
0.017662027
0.017715279
0.01775832
0.017791843
0.017812443
0.017819833
0.017814161
0.017795039
0.017762231
0.017716089
0.017655467
0.017580842
0.017492457
0.017390532
0.017275363
0.01714732
0.017006841
0.016854435
0.016690673
0.016516192
0.016331689
0.016137916
0.01593568
0.015725835
0.015509275
0.015286919
0.015062316
0.014832155
0.014600584
0.01436714
0.014131619
0.013896662
0.027168051
0.025167578
0.023402822
0.021907449
0.020686571
0.019723637
0.01898877
0.018446319
0.018060964
0.017799621
0.017633521
0.017538595
0.01749531
0.017488189
0.017505208
0.017537161
0.017577032
0.017619565
0.017661237
0.017698849
0.017734082
0.017756557
0.017771183
0.017773436
0.017762989
0.0177402
0.017704625
0.017656341
0.017594932
0.017519836
0.017431556
0.017330244
0.017216135
0.017089547
0.01695087
0.016800572
0.016639187
0.016467319
0.016285636
0.016094865
0.015895791
0.015689246
0.015476106
0.015257269
0.015036266
0.014809726
0.014582043
0.01435207
0.014120257
0.013889027
0.027249321
0.025380222
0.02370931
0.022269393
0.021070278
0.020103102
0.019346201
0.018770993
0.018347358
0.018046078
0.017840756
0.017708778
0.017631428
0.017593606
0.01758337
0.0175914
0.017610483
0.017635095
0.017661089
0.017684559
0.017708492
0.017723498
0.017728154
0.017726742
0.01771144
0.01768479
0.01764633
0.017595719
0.0175332
0.017457635
0.017369367
0.017268599
0.017155508
0.017030356
0.016893488
0.016745326
0.016586369
0.016417185
0.016238411
0.016050748
0.015854957
0.015651852
0.01544229
0.015227148
0.015009938
0.014787214
0.014563521
0.014337225
0.014109345
0.013882044
0.027322497
0.025573512
0.023991059
0.022606343
0.021432114
0.02046529
0.019691007
0.019087092
0.018628223
0.018289291
0.018046426
0.017878619
0.017768077
0.017700149
0.017663029
0.017647333
0.017645679
0.017652299
0.017662726
0.017673356
0.017682346
0.017690737
0.017687167
0.017678964
0.017660048
0.017629313
0.017587739
0.017534852
0.017470622
0.017394649
0.017306281
0.017205971
0.017093839
0.016970091
0.016835023
0.016689014
0.016532523
0.016366082
0.016190297
0.016005839
0.015813447
0.015613913
0.01540808
0.015196806
0.01498357
0.014764846
0.014545285
0.014322871
0.014099127
0.013875959
0.027388601
0.025749654
0.024250494
0.022920306
0.021773504
0.020811248
0.02002416
0.019395605
0.018904957
0.018530894
0.018252269
0.018049848
0.0179069
0.017809336
0.017745563
0.017706201
0.017683738
0.017672204
0.017666873
0.017663911
0.017659964
0.017658163
0.017649095
0.017631358
0.017608283
0.017574358
0.017529413
0.017474094
0.017407968
0.017331225
0.017242752
0.017142793
0.017031541
0.016909147
0.016775856
0.016632002
0.016478003
0.016314354
0.016141625
0.015960461
0.015771571
0.015575731
0.015373771
0.015166534
0.014957444
0.014742906
0.014527632
0.014309301
0.014089887
0.013871051
0.027448479
0.025910519
0.024489728
0.023213066
0.022095693
0.021141786
0.020346293
0.019697282
0.019178459
0.018772008
0.018459586
0.018223866
0.018049325
0.017922561
0.017832302
0.017769249
0.01772582
0.017695889
0.017674523
0.017657726
0.017642275
0.017626538
0.017612081
0.01758765
0.017556111
0.017520372
0.017471958
0.017413959
0.017345944
0.017267844
0.017179286
0.017079557
0.016969088
0.016847979
0.016716424
0.016574712
0.016423216
0.016262393
0.01609278
0.015914984
0.01572969
0.015537652
0.015339696
0.015136669
0.01493188
0.014721745
0.014510897
0.01429684
0.014081943
0.013867639
0.027502842
0.026057703
0.024710608
0.023486215
0.022399786
0.021457548
0.02065779
0.019992489
0.019449225
0.019013309
0.018669269
0.018401739
0.018196529
0.018041054
0.017924483
0.017837687
0.017773089
0.017724458
0.017686698
0.017655632
0.01762779
0.017600133
0.017576263
0.017546411
0.017507719
0.017466719
0.01741614
0.017355134
0.017285022
0.017205372
0.017116342
0.017016824
0.016907017
0.016787104
0.016657226
0.016517623
0.016368626
0.016210651
0.016044196
0.015869835
0.015688216
0.015500072
0.015306228
0.015107607
0.014907209
0.014701804
0.014495454
0.014285849
0.014075655
0.013866079
0.02755229
0.026192582
0.024914753
0.023741181
0.022686777
0.021759071
0.020958862
0.020281303
0.019717309
0.019255088
0.018881841
0.018584205
0.018349421
0.018165846
0.018023205
0.017912646
0.017826675
0.017759021
0.017704473
0.017658707
0.017618133
0.01757989
0.017542639
0.017508307
0.01746395
0.017414402
0.017362087
0.017298341
0.01722584
0.017144608
0.017054528
0.016955208
0.016845928
0.016727102
0.016598821
0.016461279
0.016314759
0.016159638
0.015996371
0.015825496
0.015647621
0.015463436
0.015273754
0.015079853
0.01488368
0.014683728
0.014481686
0.014276724
0.014071421
0.013866767
0.027597342
0.026316348
0.025103595
0.023979252
0.022957572
0.02204682
0.021249617
0.020563631
0.019982575
0.019497341
0.019097504
0.018771691
0.018508638
0.018297745
0.018129404
0.017995145
0.017887644
0.017800662
0.017728927
0.017668002
0.017614155
0.017564255
0.017515605
0.017473307
0.01742382
0.017367275
0.017309827
0.017244372
0.017169185
0.017086146
0.016994802
0.016895296
0.016786494
0.01666862
0.016541837
0.016406284
0.016262203
0.016109922
0.01594986
0.015782511
0.015608438
0.015428259
0.015242572
0.015054251
0.014862303
0.014667439
0.01446992
0.014269908
0.014069684
0.013870142
0.027638445
0.026430046
0.025278409
0.024201598
0.023213011
0.022321217
0.021530103
0.020839284
0.020244778
0.019739846
0.01931619
0.018964344
0.018674552
0.018437328
0.018243827
0.018086059
0.017956962
0.017850406
0.017761118
0.017684597
0.017616998
0.01755499
0.017495392
0.01744282
0.017388538
0.0173262
0.017260463
0.017193363
0.017115902
0.017030741
0.016938079
0.0168378
0.016729451
0.016612374
0.016486965
0.016353313
0.016211609
0.016062141
0.015905282
0.015741486
0.015571277
0.015395231
0.015213944
0.015030668
0.014843284
0.014653529
0.01446074
0.014265909
0.014070939
0.01387669
0.027675992
0.026534601
0.025440336
0.024409287
0.023453877
0.022582663
0.021800349
0.021108014
0.02050354
0.019982209
0.019537615
0.019162066
0.018847285
0.018584938
0.018367017
0.018186098
0.018035472
0.017909191
0.017802053
0.01770955
0.017627795
0.017553465
0.017483868
0.017417938
0.017357683
0.017290083
0.017217767
0.017145785
0.017066875
0.016979291
0.016885072
0.016783765
0.016675522
0.016559149
0.01643497
0.016303106
0.016163699
0.016016992
0.015863316
0.015703085
0.015536786
0.015364967
0.015188228
0.015009871
0.014827209
0.014642627
0.014454761
0.014265279
0.014075728
0.013886942
0.027710332
0.026630836
0.02559041
0.024603308
0.023680918
0.022831551
0.022060385
0.021369554
0.020758407
0.020223917
0.019761322
0.019364549
0.019026733
0.018740693
0.018499308
0.018295792
0.018123864
0.017977838
0.01785265
0.01774384
0.017647519
0.017560332
0.017479443
0.017402342
0.017332874
0.01726052
0.017182698
0.017102682
0.017022456
0.016932739
0.016836642
0.016734246
0.016625493
0.016509807
0.01638668
0.016256469
0.016119258
0.015975242
0.015824708
0.015668031
0.015505663
0.015338124
0.015165997
0.014992551
0.014814755
0.014635397
0.014452621
0.014268624
0.014084639
0.013901471
0.027741775
0.026719493
0.025729574
0.024784581
0.023894848
0.023068282
0.022310261
0.021623644
0.021008902
0.020464383
0.019986732
0.01957132
0.019212596
0.018904505
0.018640831
0.018415479
0.018222663
0.018057029
0.017913713
0.017788363
0.01767713
0.017576651
0.017484074
0.017397131
0.0173146
0.017238093
0.017154149
0.017067926
0.016983192
0.016892118
0.016793794
0.016690062
0.016580493
0.016465206
0.016342985
0.016214275
0.016079137
0.015937718
0.015790264
0.015637108
0.015478666
0.015315426
0.015147934
0.014979394
0.014806701
0.014632532
0.014454989
0.014276593
0.014098305
0.013920896
0.027770601
0.026801242
0.025858693
0.024953969
0.024096363
0.023293269
0.022550062
0.021870057
0.021254552
0.020702987
0.020213187
0.019781777
0.019404408
0.019076093
0.018791518
0.018545307
0.018332218
0.018147289
0.01798592
0.017843917
0.017717515
0.017603372
0.017498577
0.017400654
0.017307333
0.017223401
0.017134002
0.017042465
0.016949935
0.016858181
0.016757531
0.016652151
0.0165417
0.016426197
0.016304865
0.016177462
0.016044246
0.015905309
0.015760848
0.015611154
0.015456609
0.015297664
0.015134806
0.014971
0.014804072
0.014634691
0.014462569
0.014289879
0.014117401
0.013945874
0.027797064
0.026876693
0.025978569
0.025112291
0.024286144
0.023506945
0.022779917
0.022108615
0.02149492
0.020939113
0.020439983
0.019995231
0.019601574
0.019255018
0.018951121
0.018685234
0.018452696
0.018248979
0.0180698
0.017911177
0.017769473
0.0176414
0.017524019
0.017414695
0.017310888
0.017218067
0.017123087
0.017025259
0.016926682
0.016831348
0.016729019
0.016621609
0.016510032
0.01639397
0.016273278
0.016147011
0.016015553
0.01587896
0.015737381
0.015591066
0.015440357
0.015285689
0.015127555
0.014968652
0.014807092
0.014642644
0.014476124
0.014309213
0.014142638
0.013977098
0.027821405
0.026946394
0.026089943
0.025260324
0.024464863
0.023709767
0.023000002
0.022339201
0.021729621
0.021172171
0.020666412
0.02021094
0.019803402
0.019440706
0.019119232
0.018835047
0.018584083
0.018362284
0.018165723
0.017990678
0.017833683
0.017691555
0.017561388
0.017440501
0.017326197
0.017223083
0.017122418
0.017018018
0.016913664
0.016813114
0.016709223
0.016599503
0.016486509
0.016369728
0.016249203
0.016123968
0.015994073
0.015859662
0.015720833
0.015577782
0.015430807
0.015280333
0.015127129
0.014973068
0.014816692
0.014657285
0.014496429
0.014335361
0.014174762
0.014015291
0.027843904
0.0270108
0.026193509
0.025398819
0.024633189
0.02390222
0.023210551
0.022561766
0.021958342
0.021401627
0.020891784
0.02042814
0.020009137
0.019632478
0.019295306
0.018994371
0.018726195
0.018487214
0.018273889
0.018082795
0.017910683
0.01775452
0.017611515
0.017479145
0.01735528
0.017238936
0.017132365
0.017022079
0.016912599
0.016804187
0.016698826
0.016586954
0.016472238
0.016354561
0.016233757
0.01610939
0.015980852
0.015848445
0.015712211
0.015572289
0.015428887
0.015282221
0.015134786
0.014985103
0.014833753
0.014679465
0.014524299
0.014369113
0.014214542
0.014061202
0.027864724
0.027070504
0.026289954
0.025528505
0.02479179
0.024084814
0.023411846
0.022776336
0.022180846
0.021627011
0.021115452
0.020646078
0.020217989
0.019829583
0.019478686
0.019162688
0.018878687
0.018623609
0.018394324
0.018187734
0.018000838
0.017830789
0.017674924
0.017530797
0.017396214
0.017269201
0.017154504
0.017038168
0.016922506
0.016808134
0.016698938
0.016585162
0.016468359
0.0163495
0.01622814
0.01610433
0.015976952
0.015846357
0.015712553
0.015575633
0.015435763
0.015293142
0.015150447
0.015005702
0.014859089
0.014710032
0.014560568
0.01441128
0.014262765
0.014115595
0.027883886
0.027126317
0.026379911
0.02565009
0.024941332
0.024258083
0.023604224
0.022983007
0.022396985
0.021847931
0.021336828
0.020864027
0.020429163
0.020031221
0.019668629
0.019339364
0.019041065
0.018771142
0.01852688
0.018305525
0.01810435
0.017920718
0.017752113
0.017596171
0.017450682
0.017313545
0.017189941
0.017067342
0.016945155
0.016825116
0.016710816
0.016595121
0.016475933
0.016355588
0.01623355
0.016109782
0.01598346
0.015854452
0.01572289
0.015588823
0.015452394
0.015313787
0.015175544
0.015035619
0.014893545
0.014749879
0.014606082
0.014462681
0.014320223
0.014179236
0.027901574
0.027178527
0.026464088
0.02576427
0.025082475
0.024422579
0.023788063
0.023181937
0.022606682
0.022064074
0.021555393
0.021081309
0.020641878
0.020236569
0.019864331
0.019523664
0.019212707
0.018929334
0.01867124
0.018436022
0.018221246
0.018024506
0.017843465
0.01767588
0.017519614
0.017372567
0.017239282
0.017110456
0.016981732
0.016856672
0.016734784
0.016617581
0.016495963
0.016373883
0.01625094
0.016126899
0.016001389
0.015873751
0.015744224
0.015612825
0.015479694
0.015345043
0.015211046
0.015075719
0.014938184
0.014799856
0.014661675
0.014524124
0.0143877
0.014252887
0.027918059
0.027227073
0.026543266
0.025871653
0.025215858
0.024578864
0.023963776
0.023373342
0.022809878
0.022275191
0.021770699
0.021297305
0.020855386
0.020444806
0.020064951
0.019714777
0.019392881
0.019097566
0.018826923
0.0185789
0.018351365
0.018142165
0.017949171
0.017770322
0.017603713
0.017447841
0.017302185
0.017167807
0.017032592
0.016901684
0.01677415
0.016653329
0.016529483
0.016405377
0.016281267
0.016156718
0.016031721
0.015905236
0.015777525
0.015648568
0.015518513
0.015387873
0.0152579
0.015126879
0.014993883
0.014860797
0.014728156
0.014596393
0.014465957
0.014337282
0.027933467
0.02727232
0.026617806
0.025972927
0.025342118
0.024727508
0.024131807
0.023557491
0.023006655
0.022481132
0.021982384
0.021511463
0.021068984
0.020655122
0.020269623
0.019911837
0.01958076
0.01927509
0.018993293
0.018733655
0.018494349
0.018273486
0.018069162
0.017879511
0.017702771
0.017537379
0.017381832
0.017239899
0.017098439
0.016961504
0.016828648
0.016703581
0.016577337
0.016450939
0.016325398
0.016200211
0.016075306
0.015949832
0.015823711
0.015696953
0.015569493
0.015443404
0.015317053
0.015189764
0.015061425
0.014933477
0.014806283
0.014680226
0.014555707
0.014433116
0.027947905
0.027314812
0.026687816
0.02606886
0.025461834
0.024869068
0.024292623
0.023734651
0.023197133
0.022681814
0.022190156
0.021723297
0.02128202
0.020866736
0.020477482
0.020113935
0.019775439
0.019461048
0.019169568
0.01889961
0.018649642
0.018418037
0.018203121
0.018003216
0.017816683
0.017641948
0.017477417
0.017327591
0.017179836
0.017036831
0.016898668
0.016769016
0.016640215
0.016511294
0.0163841
0.016258077
0.016133
0.016008318
0.015883594
0.015758917
0.015634226
0.015511587
0.015388927
0.015265266
0.015141551
0.015018607
0.014896742
0.01477629
0.014657603
0.014541021
0.027961488
0.027354882
0.026753719
0.026159914
0.025575627
0.025004102
0.02444664
0.023905166
0.023381481
0.022877215
0.022393793
0.021932388
0.021493895
0.021078898
0.020687662
0.020320134
0.019975953
0.019654481
0.019354834
0.019075923
0.018816495
0.018575178
0.018350523
0.01814104
0.017945229
0.017761602
0.017588665
0.017431084
0.017277106
0.01712811
0.01698469
0.01684995
0.016718507
0.016586941
0.016457933
0.016330889
0.016205448
0.016081316
0.015957773
0.015834982
0.015713068
0.015593448
0.015474161
0.015354121
0.015234876
0.015116791
0.015000122
0.014885158
0.014772203
0.027974316
0.027392789
0.026816149
0.026246258
0.025684179
0.025133082
0.024594326
0.024069393
0.023559901
0.023067357
0.022593119
0.022138366
0.021704052
0.021290886
0.020899306
0.020529474
0.020181277
0.01985434
0.019548053
0.019261597
0.018993979
0.018744069
0.018510636
0.01829238
0.018087964
0.01789603
0.017715223
0.017550212
0.017390245
0.017235566
0.017087645
0.016945953
0.016812133
0.016678144
0.016547238
0.016419031
0.016293079
0.016169262
0.016046637
0.015925238
0.015806812
0.015689726
0.015573136
0.015456815
0.015341875
0.015228492
0.015116876
0.015007264
0.014899904
0.02798648
0.02742879
0.026875527
0.026328227
0.025787998
0.025256529
0.024736136
0.024227681
0.023732604
0.02325228
0.022787992
0.022340891
0.021911963
0.021501995
0.021111555
0.020740973
0.020390336
0.020059492
0.019748068
0.019455484
0.019180984
0.018923663
0.0186825
0.018456386
0.018244151
0.01804459
0.017856488
0.017684464
0.017518741
0.017358425
0.017205463
0.017058893
0.016921504
0.016785052
0.01665214
0.016522651
0.01639611
0.016272413
0.01615067
0.016030856
0.015914762
0.015800284
0.01568629
0.015573642
0.015462836
0.015353997
0.015247286
0.015142893
0.015041017
0.02799806
0.027463097
0.026932152
0.026406461
0.025887246
0.025374998
0.024872478
0.024380346
0.023899777
0.02343202
0.02297827
0.022539636
0.022117108
0.021711523
0.021323539
0.020953614
0.020601996
0.020268717
0.019953603
0.019656285
0.019376217
0.019112702
0.018864916
0.018631932
0.018412751
0.018206322
0.01801157
0.017833033
0.017661875
0.017496174
0.017338352
0.017187457
0.017046399
0.016907409
0.016772444
0.016641603
0.0165144
0.016390682
0.016269709
0.016151511
0.016037334
0.015925135
0.015813777
0.015704648
0.015597818
0.015493369
0.015391418
0.01529211
0.015195601
0.028009126
0.027495901
0.026986327
0.026481391
0.025982097
0.025489023
0.025003676
0.024527641
0.024061562
0.023606571
0.023163778
0.022734243
0.022318942
0.021918738
0.021534348
0.021166328
0.020815049
0.020480693
0.020163255
0.019862542
0.019578197
0.019309707
0.019056428
0.01881761
0.018592414
0.018379942
0.018179252
0.017994794
0.017818599
0.017647909
0.017485566
0.017330683
0.017186099
0.017044589
0.016907596
0.016775387
0.016647463
0.016523592
0.01640299
0.016287178
0.016174518
0.016063881
0.015955362
0.015849599
0.015746595
0.01564639
0.015549062
0.015454709
0.015363451
0.028019735
0.027527361
0.027038283
0.026553271
0.026073115
0.025598617
0.025130039
0.02466975
0.024218017
0.023775851
0.023344275
0.022924293
0.022516859
0.022122842
0.021743002
0.021377961
0.021028187
0.020693981
0.020375474
0.020072626
0.019785238
0.019512962
0.019255319
0.019011716
0.01878147
0.018563826
0.018357972
0.018168257
0.017987486
0.017812299
0.017645854
0.017487337
0.017339475
0.017195546
0.017056634
0.01692312
0.01679452
0.016670601
0.016550656
0.01643617
0.016325087
0.016216182
0.016110413
0.016007891
0.015908582
0.015812493
0.01571966
0.015630143
0.015544023
0.028029933
0.027557596
0.027088199
0.026622325
0.026160595
0.025703699
0.025251899
0.024806686
0.024369071
0.023939657
0.023519399
0.02310925
0.022710137
0.022322927
0.021948403
0.021587235
0.021239964
0.020906983
0.020588533
0.020284701
0.019995424
0.019720494
0.019459579
0.019212231
0.018977906
0.018755984
0.018545779
0.01835153
0.018166692
0.017987569
0.017817508
0.017655765
0.017504944
0.017358772
0.017218119
0.017083422
0.016954221
0.016830328
0.016711182
0.016597828
0.016487871
0.016380966
0.016277865
0.016178482
0.016082761
0.015990674
0.015902223
0.015817429
0.015736342
0.028039752
0.027586684
0.027136178
0.026688656
0.026244592
0.025804538
0.025368995
0.024938384
0.024514501
0.024097618
0.023688618
0.023288409
0.022897887
0.022517913
0.02214928
0.021792692
0.021448742
0.021117896
0.020800484
0.020496693
0.020206572
0.019930039
0.019666883
0.019416788
0.019179336
0.018954029
0.018740303
0.018542276
0.018353909
0.018171465
0.017998322
0.017833812
0.017680414
0.01753224
0.017390088
0.017254373
0.017124631
0.017000589
0.016883045
0.016770442
0.016661453
0.016556634
0.016456123
0.016359798
0.016267573
0.01617939
0.016095217
0.016015042
0.015938884
0.028049207
0.027614655
0.027182246
0.026752264
0.026325067
0.025901102
0.025480912
0.025064651
0.024653841
0.02424913
0.02385117
0.023460831
0.023078985
0.022706482
0.022344121
0.021992629
0.021652635
0.021324659
0.0210091
0.020706228
0.020416186
0.020138989
0.019874539
0.019622628
0.019382953
0.019155129
0.018938701
0.018737656
0.018546324
0.018361198
0.018185542
0.018018763
0.017863215
0.017713339
0.017569983
0.017433502
0.01730352
0.017179842
0.017063079
0.016951286
0.016843614
0.016740888
0.016642932
0.016549606
0.016460801
0.016376431
0.016296436
0.016220774
0.016149437
0.028058299
0.027641487
0.027226334
0.026813015
0.026401797
0.025993056
0.025587271
0.025184826
0.024786376
0.024393308
0.024005994
0.023625273
0.023251998
0.022887008
0.022531104
0.022185025
0.021849429
0.021524874
0.021211812
0.020910577
0.020621386
0.020344341
0.020079432
0.019826547
0.019585482
0.019355951
0.019137599
0.018934279
0.018740555
0.018553386
0.018375797
0.018207266
0.018050021
0.017898784
0.017754533
0.017617486
0.017487259
0.0173649
0.017248649
0.017137379
0.017031336
0.016930696
0.016835265
0.016744884
0.016659422
0.016578771
0.016502845
0.016431575
0.016364931
0.028067009
0.027667094
0.027268264
0.026870613
0.026474354
0.02607982
0.025687461
0.025297828
0.024911116
0.024528908
0.024151661
0.023780117
0.023415113
0.023057479
0.022708016
0.022367468
0.022036511
0.021715734
0.021405626
0.021106572
0.020818847
0.020542621
0.020277958
0.020024825
0.019783104
0.019552596
0.019333033
0.019128129
0.018932578
0.018743982
0.018565026
0.018395258
0.018236782
0.018084569
0.017939797
0.01780258
0.017672638
0.017550844
0.017435351
0.017324995
0.017220645
0.0171221
0.017029163
0.016941663
0.016859452
0.016782404
0.01671041
0.016643378
0.016581259
0.028075299
0.027691317
0.02730772
0.026924566
0.026542055
0.026160522
0.025780425
0.025402323
0.025026637
0.024654253
0.024286306
0.023923299
0.023566065
0.023215425
0.022872178
0.022537072
0.022210793
0.021893948
0.021587056
0.021290538
0.021004715
0.02072981
0.020465945
0.020213156
0.019971391
0.019740526
0.019520371
0.019314495
0.019117653
0.018928185
0.018748391
0.018577879
0.018418614
0.018265793
0.01812082
0.017983769
0.017854368
0.017733271
0.017618184
0.017509188
0.01740656
0.017310093
0.017219589
0.017134872
0.017055781
0.016982174
0.016913923
0.016850917
0.016793088
0.028083105
0.027713903
0.027344218
0.026974135
0.026603903
0.026233911
0.025864662
0.025496747
0.025130829
0.024767236
0.02440758
0.024052256
0.023702075
0.023357855
0.023020385
0.022690415
0.022368635
0.022055666
0.021752043
0.021458214
0.021174535
0.020901269
0.020638586
0.02038657
0.020145229
0.019914496
0.019694242
0.019487901
0.019290237
0.019100358
0.018920187
0.018749398
0.018589733
0.01843661
0.018291625
0.018154715
0.018026668
0.017906017
0.017791532
0.017683892
0.017582948
0.017488482
0.017400295
0.0173182
0.017242029
0.017171626
0.017106847
0.017047565
0.016993699
0.028090337
0.027734475
0.027377043
0.027018266
0.026658517
0.026298307
0.025938226
0.025578927
0.025221114
0.024865303
0.024512572
0.024163868
0.023819811
0.02348121
0.023148853
0.022823486
0.022505801
0.022196421
0.021895896
0.021604692
0.021323189
0.021051677
0.020790364
0.020539374
0.020298754
0.020068485
0.019848485
0.019642054
0.019443935
0.019253963
0.019073749
0.01890319
0.018743388
0.018590206
0.018445535
0.018309168
0.01818187
0.018061588
0.017948101
0.017841791
0.017742433
0.017649816
0.017563739
0.017484013
0.017410461
0.017342917
0.017281228
0.017225251
0.017174892
0.028096865
0.02775249
0.027405183
0.02705549
0.026704055
0.026351544
0.025998666
0.025646145
0.025294721
0.02494512
0.024597915
0.024254523
0.023915417
0.023581399
0.023253249
0.022931708
0.022617465
0.022311147
0.022013309
0.021724428
0.0214449
0.021175037
0.02091507
0.020665152
0.020425363
0.020195715
0.019976163
0.019769889
0.019571585
0.019381644
0.019201208
0.019032095
0.018871704
0.018718566
0.018574027
0.018439022
0.018312117
0.018192164
0.018079624
0.017974474
0.017876487
0.017785448
0.017701156
0.017623419
0.017552056
0.017486894
0.01742777
0.01737453
0.017327074
0.02810255
0.02776717
0.027427216
0.027083889
0.026738184
0.026390985
0.026043093
0.025695281
0.025348324
0.025003003
0.024659831
0.024320143
0.02398457
0.023653843
0.023328736
0.023009984
0.022698273
0.02239423
0.022098413
0.021811303
0.021533308
0.021264751
0.021005879
0.020756864
0.020517805
0.020288739
0.020069644
0.019863621
0.019665327
0.019475617
0.019295412
0.019126619
0.018966126
0.018813317
0.018669116
0.018534633
0.018408196
0.018288671
0.018176885
0.018072627
0.017975674
0.017885814
0.017802847
0.017726579
0.017656828
0.017593415
0.017536172
0.01748494
0.017439608
0.028107528
0.027777089
0.027440411
0.027099793
0.026756558
0.026411684
0.02606601
0.025720324
0.025375404
0.025032032
0.0246908
0.024352809
0.024018921
0.023689782
0.023366163
0.023048795
0.022738362
0.022435487
0.022140726
0.021854563
0.021577404
0.02130958
0.02105134
0.020802863
0.020564256
0.020335566
0.020116781
0.019910957
0.019712724
0.019523204
0.019343179
0.019174531
0.01901404
0.018861436
0.018717454
0.018583235
0.018456854
0.018337646
0.018226244
0.018122425
0.018025974
0.017936684
0.017854354
0.017778795
0.017709821
0.017647255
0.017590926
0.017540676
0.017496391
)
;

boundaryField
{
    inletLow
    {
        type            zeroGradient;
    }
    inletJet
    {
        type            zeroGradient;
    }
    inletHigh
    {
        type            zeroGradient;
    }
    outlet
    {
        type            zeroGradient;
    }
    upperWall
    {
        type            zeroGradient;
    }
    lowerWall
    {
        type            zeroGradient;
    }
    frontAndBack
    {
        type            empty;
    }
    procBoundary3to2
    {
        type            processor;
        value           nonuniform List<scalar> 
68
(
0.013216545
0.013216866
0.013217057
0.013217103
0.013216994
0.013216745
0.013216391
0.013215907
0.013215294
0.013214551
0.013213683
0.013212698
0.013211605
0.013210419
0.013209161
0.013207859
0.013206546
0.013205273
0.013204103
0.013446978
0.013446978
0.013443905
0.013440957
0.013438247
0.013672986
0.013672986
0.013667964
0.013663394
0.013659462
0.013656385
0.01365441
0.013653819
0.013654929
0.013658094
0.013663706
0.013672199
0.01368405
0.01369978
0.013719949
0.013745161
0.013776057
0.01381331
0.013857626
0.01390973
0.013970363
0.014040269
0.014120185
0.014210824
0.01431286
0.014426912
0.014661495
0.014661495
0.014795021
0.014941846
0.01510203
0.015275373
0.015461335
0.015658945
0.015866677
0.016082309
0.016302746
0.016523835
0.016740173
0.016944939
0.017129785
0.017284978
0.017399724
0.01745766
)
;
    }
    procBoundary3to6
    {
        type            processor;
        value           nonuniform List<scalar> 8(0.015378867 0.015110157 0.014837497 0.014565484 0.014292862 0.014019406 0.013747987 0.013479887);
    }
    procBoundary3to7
    {
        type            processor;
        value           nonuniform List<scalar> 
44
(
0.0048157106
0.0053204689
0.0059391315
0.0066023709
0.0072979071
0.0080183431
0.0087765909
0.0095770738
0.010416811
0.011284121
0.012162179
0.01303229
0.013875503
0.014673586
0.015409744
0.016068938
0.016637895
0.017104928
0.01747665
0.0177708
0.017998609
0.018170491
0.018305649
0.018399018
0.018456913
0.018483237
0.018481065
0.018452897
0.018400805
0.018326538
0.018231853
0.018118048
0.017985751
0.017836522
0.017671437
0.017491535
0.01729784
0.017091369
0.016873145
0.016644204
0.016405597
0.016158392
0.015903683
0.015642549
)
;
    }
}


// ************************************************************************* //
