/*--------------------------------*- C++ -*----------------------------------*\
| =========                 |                                                 |
| \\      /  F ield         | OpenFOAM: The Open Source CFD Toolbox           |
|  \\    /   O peration     | Version:  2312                                  |
|   \\  /    A nd           | Website:  www.openfoam.com                      |
|    \\/     M anipulation  |                                                 |
\*---------------------------------------------------------------------------*/
FoamFile
{
    version     2.0;
    format      ascii;
    arch        "LSB;label=32;scalar=64";
    class       volScalarField;
    location    "0.04";
    object      p;
}
// * * * * * * * * * * * * * * * * * * * * * * * * * * * * * * * * * * * * * //

dimensions      [1 -1 -2 0 0 0 0];

internalField   nonuniform List<scalar> 
3251
(
100001.57
100001.56
100001.55
100001.53
100001.52
100001.5
100001.49
100001.48
100001.46
100001.45
100001.43
100001.42
100001.41
100001.39
100001.38
100001.36
100001.35
100001.33
100001.32
100001.3
100001.29
100001.27
100001.26
100001.24
100001.23
100001.22
100001.2
100001.19
100001.17
100001.16
100001.14
100001.13
100001.11
100001.1
100001.08
100001.07
100001.05
100001.04
100001.02
100001.01
100000.99
100000.98
100000.96
100000.95
100000.93
100000.91
100000.9
100000.88
100000.87
100000.85
100000.83
100000.81
100000.8
100000.78
100000.76
100000.74
100000.72
100000.7
100001.57
100001.56
100001.55
100001.53
100001.52
100001.5
100001.49
100001.48
100001.46
100001.45
100001.43
100001.42
100001.41
100001.39
100001.38
100001.36
100001.35
100001.33
100001.32
100001.3
100001.29
100001.27
100001.26
100001.24
100001.23
100001.22
100001.2
100001.19
100001.17
100001.16
100001.14
100001.13
100001.11
100001.1
100001.08
100001.07
100001.05
100001.04
100001.02
100001.01
100000.99
100000.98
100000.96
100000.95
100000.93
100000.91
100000.9
100000.88
100000.87
100000.85
100000.83
100000.81
100000.8
100000.78
100000.76
100000.74
100000.72
100000.7
100001.57
100001.56
100001.54
100001.53
100001.52
100001.5
100001.49
100001.48
100001.46
100001.45
100001.43
100001.42
100001.4
100001.39
100001.38
100001.36
100001.35
100001.33
100001.32
100001.3
100001.29
100001.27
100001.26
100001.24
100001.23
100001.21
100001.2
100001.19
100001.17
100001.16
100001.14
100001.13
100001.11
100001.1
100001.08
100001.07
100001.05
100001.04
100001.02
100001.01
100000.99
100000.98
100000.96
100000.95
100000.93
100000.91
100000.9
100000.88
100000.87
100000.85
100000.83
100000.81
100000.8
100000.78
100000.76
100000.74
100000.72
100000.7
100001.57
100001.56
100001.54
100001.53
100001.52
100001.5
100001.49
100001.48
100001.46
100001.45
100001.43
100001.42
100001.4
100001.39
100001.38
100001.36
100001.35
100001.33
100001.32
100001.3
100001.29
100001.27
100001.26
100001.24
100001.23
100001.21
100001.2
100001.19
100001.17
100001.16
100001.14
100001.13
100001.11
100001.1
100001.08
100001.07
100001.05
100001.04
100001.02
100001.01
100000.99
100000.98
100000.96
100000.95
100000.93
100000.91
100000.9
100000.88
100000.86
100000.85
100000.83
100000.81
100000.8
100000.78
100000.76
100000.74
100000.72
100000.7
100001.57
100001.56
100001.54
100001.53
100001.52
100001.5
100001.49
100001.47
100001.46
100001.45
100001.43
100001.42
100001.4
100001.39
100001.37
100001.36
100001.35
100001.33
100001.32
100001.3
100001.29
100001.27
100001.26
100001.24
100001.23
100001.21
100001.2
100001.18
100001.17
100001.16
100001.14
100001.13
100001.11
100001.1
100001.08
100001.07
100001.05
100001.04
100001.02
100001.01
100000.99
100000.98
100000.96
100000.95
100000.93
100000.91
100000.9
100000.88
100000.86
100000.85
100000.83
100000.81
100000.79
100000.78
100000.76
100000.74
100000.72
100001.57
100001.56
100001.54
100001.53
100001.52
100001.5
100001.49
100001.47
100001.46
100001.45
100001.43
100001.42
100001.4
100001.39
100001.37
100001.36
100001.34
100001.33
100001.31
100001.3
100001.29
100001.27
100001.26
100001.24
100001.23
100001.21
100001.2
100001.18
100001.17
100001.15
100001.14
100001.13
100001.11
100001.1
100001.08
100001.07
100001.05
100001.04
100001.02
100001.01
100000.99
100000.98
100000.96
100000.94
100000.93
100000.91
100000.9
100000.88
100000.86
100000.85
100000.83
100000.81
100000.79
100000.78
100000.76
100000.74
100000.72
100001.57
100001.55
100001.54
100001.53
100001.51
100001.5
100001.49
100001.47
100001.46
100001.44
100001.43
100001.42
100001.4
100001.39
100001.37
100001.36
100001.34
100001.33
100001.31
100001.3
100001.28
100001.27
100001.25
100001.24
100001.23
100001.21
100001.2
100001.18
100001.17
100001.15
100001.14
100001.12
100001.11
100001.09
100001.08
100001.07
100001.05
100001.04
100001.02
100001.01
100000.99
100000.98
100000.96
100000.94
100000.93
100000.91
100000.9
100000.88
100000.86
100000.85
100000.83
100000.81
100000.79
100000.78
100000.76
100000.74
100000.72
100001.57
100001.55
100001.54
100001.53
100001.51
100001.5
100001.49
100001.47
100001.46
100001.44
100001.43
100001.41
100001.4
100001.39
100001.37
100001.36
100001.34
100001.33
100001.31
100001.3
100001.28
100001.27
100001.25
100001.24
100001.22
100001.21
100001.2
100001.18
100001.17
100001.15
100001.14
100001.12
100001.11
100001.09
100001.08
100001.06
100001.05
100001.03
100001.02
100001
100000.99
100000.97
100000.96
100000.94
100000.93
100000.91
100000.89
100000.88
100000.86
100000.84
100000.83
100000.81
100000.79
100000.77
100000.76
100000.74
100000.72
100001.56
100001.55
100001.54
100001.52
100001.51
100001.5
100001.48
100001.47
100001.46
100001.44
100001.43
100001.41
100001.4
100001.38
100001.37
100001.35
100001.34
100001.33
100001.31
100001.3
100001.28
100001.27
100001.25
100001.24
100001.22
100001.21
100001.19
100001.18
100001.16
100001.15
100001.14
100001.12
100001.11
100001.09
100001.08
100001.06
100001.05
100001.03
100001.02
100001
100000.99
100000.97
100000.96
100000.94
100000.93
100000.91
100000.89
100000.88
100000.86
100000.84
100000.83
100000.81
100000.79
100000.77
100000.75
100000.74
100001.56
100001.55
100001.54
100001.52
100001.51
100001.5
100001.48
100001.47
100001.45
100001.44
100001.43
100001.41
100001.4
100001.38
100001.37
100001.35
100001.34
100001.32
100001.31
100001.29
100001.28
100001.26
100001.25
100001.24
100001.22
100001.21
100001.19
100001.18
100001.16
100001.15
100001.13
100001.12
100001.1
100001.09
100001.08
100001.06
100001.05
100001.03
100001.02
100001
100000.99
100000.97
100000.96
100000.94
100000.92
100000.91
100000.89
100000.88
100000.86
100000.84
100000.82
100000.81
100000.79
100000.77
100000.75
100000.73
100001.56
100001.55
100001.53
100001.52
100001.51
100001.49
100001.48
100001.47
100001.45
100001.44
100001.42
100001.41
100001.39
100001.38
100001.37
100001.35
100001.34
100001.32
100001.31
100001.29
100001.28
100001.26
100001.25
100001.23
100001.22
100001.2
100001.19
100001.18
100001.16
100001.15
100001.13
100001.12
100001.1
100001.09
100001.07
100001.06
100001.04
100001.03
100001.01
100001
100000.98
100000.97
100000.95
100000.94
100000.92
100000.91
100000.89
100000.87
100000.86
100000.84
100000.82
100000.81
100000.79
100000.77
100000.75
100001.56
100001.54
100001.53
100001.52
100001.5
100001.49
100001.48
100001.46
100001.45
100001.44
100001.42
100001.41
100001.39
100001.38
100001.36
100001.35
100001.33
100001.32
100001.3
100001.29
100001.28
100001.26
100001.25
100001.23
100001.22
100001.2
100001.19
100001.17
100001.16
100001.14
100001.13
100001.12
100001.1
100001.09
100001.07
100001.06
100001.04
100001.03
100001.01
100001
100000.98
100000.97
100000.95
100000.94
100000.92
100000.9
100000.89
100000.87
100000.86
100000.84
100000.82
100000.8
100000.79
100000.77
100000.75
100001.56
100001.54
100001.53
100001.52
100001.5
100001.49
100001.48
100001.46
100001.45
100001.43
100001.42
100001.4
100001.39
100001.38
100001.36
100001.35
100001.33
100001.32
100001.3
100001.29
100001.27
100001.26
100001.24
100001.23
100001.21
100001.2
100001.19
100001.17
100001.16
100001.14
100001.13
100001.11
100001.1
100001.08
100001.07
100001.05
100001.04
100001.02
100001.01
100001
100000.98
100000.96
100000.95
100000.93
100000.92
100000.9
100000.89
100000.87
100000.85
100000.84
100000.82
100000.8
100000.78
100000.77
100001.55
100001.54
100001.53
100001.51
100001.5
100001.49
100001.47
100001.46
100001.44
100001.43
100001.42
100001.4
100001.39
100001.37
100001.36
100001.34
100001.33
100001.31
100001.3
100001.29
100001.27
100001.26
100001.24
100001.23
100001.21
100001.2
100001.18
100001.17
100001.15
100001.14
100001.13
100001.11
100001.1
100001.08
100001.07
100001.05
100001.04
100001.02
100001.01
100000.99
100000.98
100000.96
100000.95
100000.93
100000.92
100000.9
100000.88
100000.87
100000.85
100000.83
100000.82
100000.8
100000.78
100000.76
100001.55
100001.54
100001.52
100001.51
100001.5
100001.48
100001.47
100001.46
100001.44
100001.43
100001.41
100001.4
100001.39
100001.37
100001.36
100001.34
100001.33
100001.31
100001.3
100001.28
100001.27
100001.25
100001.24
100001.22
100001.21
100001.2
100001.18
100001.17
100001.15
100001.14
100001.12
100001.11
100001.09
100001.08
100001.06
100001.05
100001.03
100001.02
100001.01
100000.99
100000.98
100000.96
100000.94
100000.93
100000.91
100000.9
100000.88
100000.87
100000.85
100000.83
100000.82
100000.8
100000.78
100001.55
100001.53
100001.52
100001.51
100001.49
100001.48
100001.47
100001.45
100001.44
100001.43
100001.41
100001.4
100001.38
100001.37
100001.35
100001.34
100001.32
100001.31
100001.29
100001.28
100001.27
100001.25
100001.24
100001.22
100001.21
100001.19
100001.18
100001.16
100001.15
100001.13
100001.12
100001.11
100001.09
100001.08
100001.06
100001.05
100001.03
100001.02
100001
100000.99
100000.97
100000.96
100000.94
100000.93
100000.91
100000.9
100000.88
100000.86
100000.85
100000.83
100000.81
100000.8
100000.78
100001.54
100001.53
100001.52
100001.5
100001.49
100001.48
100001.46
100001.45
100001.44
100001.42
100001.41
100001.39
100001.38
100001.36
100001.35
100001.34
100001.32
100001.31
100001.29
100001.28
100001.26
100001.25
100001.23
100001.22
100001.2
100001.19
100001.18
100001.16
100001.15
100001.13
100001.12
100001.1
100001.09
100001.07
100001.06
100001.04
100001.03
100001.01
100001
100000.98
100000.97
100000.95
100000.94
100000.92
100000.91
100000.89
100000.88
100000.86
100000.84
100000.83
100000.81
100000.79
100001.54
100001.53
100001.51
100001.5
100001.49
100001.47
100001.46
100001.45
100001.43
100001.42
100001.4
100001.39
100001.38
100001.36
100001.35
100001.33
100001.32
100001.3
100001.29
100001.27
100001.26
100001.25
100001.23
100001.22
100001.2
100001.19
100001.17
100001.16
100001.14
100001.13
100001.11
100001.1
100001.08
100001.07
100001.06
100001.04
100001.03
100001.01
100001
100000.98
100000.97
100000.95
100000.94
100000.92
100000.91
100000.89
100000.87
100000.86
100000.84
100000.83
100000.81
100000.79
100001.53
100001.52
100001.51
100001.5
100001.48
100001.47
100001.46
100001.44
100001.43
100001.42
100001.4
100001.39
100001.37
100001.36
100001.34
100001.33
100001.31
100001.3
100001.29
100001.27
100001.26
100001.24
100001.23
100001.21
100001.2
100001.18
100001.17
100001.15
100001.14
100001.13
100001.11
100001.1
100001.08
100001.07
100001.05
100001.04
100001.02
100001.01
100000.99
100000.98
100000.96
100000.95
100000.93
100000.92
100000.9
100000.89
100000.87
100000.86
100000.84
100000.82
100000.81
100000.79
100001.53
100001.52
100001.51
100001.49
100001.48
100001.47
100001.45
100001.44
100001.43
100001.41
100001.4
100001.38
100001.37
100001.35
100001.34
100001.33
100001.31
100001.3
100001.28
100001.27
100001.25
100001.24
100001.22
100001.21
100001.19
100001.18
100001.17
100001.15
100001.14
100001.12
100001.11
100001.09
100001.08
100001.06
100001.05
100001.03
100001.02
100001.01
100000.99
100000.98
100000.96
100000.95
100000.93
100000.92
100000.9
100000.88
100000.87
100000.85
100000.84
100000.82
100000.8
100000.79
100001.53
100001.51
100001.5
100001.49
100001.48
100001.46
100001.45
100001.44
100001.42
100001.41
100001.39
100001.38
100001.37
100001.35
100001.34
100001.32
100001.31
100001.29
100001.28
100001.26
100001.25
100001.23
100001.22
100001.21
100001.19
100001.18
100001.16
100001.15
100001.13
100001.12
100001.1
100001.09
100001.08
100001.06
100001.05
100001.03
100001.02
100001
100000.99
100000.97
100000.96
100000.94
100000.93
100000.91
100000.9
100000.88
100000.87
100000.85
100000.83
100000.82
100000.8
100001.52
100001.51
100001.5
100001.48
100001.47
100001.46
100001.44
100001.43
100001.42
100001.4
100001.39
100001.38
100001.36
100001.35
100001.33
100001.32
100001.3
100001.29
100001.27
100001.26
100001.25
100001.23
100001.22
100001.2
100001.19
100001.17
100001.16
100001.14
100001.13
100001.11
100001.1
100001.09
100001.07
100001.06
100001.04
100001.03
100001.01
100001
100000.98
100000.97
100000.95
100000.94
100000.92
100000.91
100000.89
100000.88
100000.86
100000.85
100000.83
100000.81
100000.8
100001.52
100001.5
100001.49
100001.48
100001.47
100001.45
100001.44
100001.43
100001.41
100001.4
100001.38
100001.37
100001.36
100001.34
100001.33
100001.31
100001.3
100001.29
100001.27
100001.26
100001.24
100001.23
100001.21
100001.2
100001.18
100001.17
100001.15
100001.14
100001.13
100001.11
100001.1
100001.08
100001.07
100001.05
100001.04
100001.02
100001.01
100000.99
100000.98
100000.97
100000.95
100000.94
100000.92
100000.91
100000.89
100000.87
100000.86
100000.84
100000.83
100001.51
100001.5
100001.49
100001.47
100001.46
100001.45
100001.43
100001.42
100001.41
100001.39
100001.38
100001.37
100001.35
100001.34
100001.32
100001.31
100001.3
100001.28
100001.27
100001.25
100001.24
100001.22
100001.21
100001.19
100001.18
100001.16
100001.15
100001.14
100001.12
100001.11
100001.09
100001.08
100001.06
100001.05
100001.03
100001.02
100001.01
100000.99
100000.98
100000.96
100000.95
100000.93
100000.92
100000.9
100000.89
100000.87
100000.86
100000.84
100001.5
100001.49
100001.48
100001.47
100001.46
100001.44
100001.43
100001.42
100001.4
100001.39
100001.38
100001.36
100001.35
100001.33
100001.32
100001.3
100001.29
100001.28
100001.26
100001.25
100001.23
100001.22
100001.2
100001.19
100001.18
100001.16
100001.15
100001.13
100001.12
100001.1
100001.09
100001.07
100001.06
100001.05
100001.03
100001.02
100001
100000.99
100000.97
100000.96
100000.94
100000.93
100000.91
100000.9
100000.88
100000.87
100000.85
100000.84
100001.51
100001.5
100001.49
100001.47
100001.46
100001.45
100001.44
100001.42
100001.41
100001.4
100001.38
100001.37
100001.36
100001.34
100001.33
100001.31
100001.3
100001.29
100001.27
100001.26
100001.24
100001.23
100001.21
100001.2
100001.18
100001.17
100001.16
100001.14
100001.13
100001.11
100001.1
100001.08
100001.07
100001.06
100001.04
100001.03
100001.01
100001
100000.98
100000.97
100000.95
100000.94
100000.92
100000.91
100000.89
100000.88
100000.86
100000.85
100000.83
100001.5
100001.49
100001.48
100001.47
100001.46
100001.44
100001.43
100001.42
100001.4
100001.39
100001.38
100001.36
100001.35
100001.34
100001.32
100001.31
100001.29
100001.28
100001.27
100001.25
100001.24
100001.22
100001.21
100001.19
100001.18
100001.17
100001.15
100001.14
100001.12
100001.11
100001.09
100001.08
100001.07
100001.05
100001.04
100001.02
100001.01
100000.99
100000.98
100000.96
100000.95
100000.93
100000.92
100000.91
100000.89
100000.88
100000.86
100000.84
100000.83
100001.49
100001.48
100001.47
100001.46
100001.45
100001.44
100001.42
100001.41
100001.4
100001.38
100001.37
100001.36
100001.34
100001.33
100001.32
100001.3
100001.29
100001.27
100001.26
100001.25
100001.23
100001.22
100001.2
100001.19
100001.18
100001.16
100001.15
100001.13
100001.12
100001.1
100001.09
100001.07
100001.06
100001.05
100001.03
100001.02
100001
100000.99
100000.97
100000.96
100000.95
100000.93
100000.92
100000.9
100000.89
100000.87
100000.86
100000.84
100000.83
100001.49
100001.48
100001.46
100001.45
100001.44
100001.43
100001.42
100001.4
100001.39
100001.38
100001.37
100001.35
100001.34
100001.32
100001.31
100001.3
100001.28
100001.27
100001.26
100001.24
100001.23
100001.21
100001.2
100001.18
100001.17
100001.16
100001.14
100001.13
100001.11
100001.1
100001.08
100001.07
100001.06
100001.04
100001.03
100001.01
100001
100000.98
100000.97
100000.96
100000.94
100000.93
100000.91
100000.9
100000.88
100000.87
100000.85
100000.84
100000.82
100001.48
100001.47
100001.46
100001.45
100001.43
100001.42
100001.41
100001.4
100001.38
100001.37
100001.36
100001.35
100001.33
100001.32
100001.3
100001.29
100001.28
100001.26
100001.25
100001.24
100001.22
100001.21
100001.19
100001.18
100001.16
100001.15
100001.14
100001.12
100001.11
100001.09
100001.08
100001.06
100001.05
100001.04
100001.02
100001.01
100000.99
100000.98
100000.96
100000.95
100000.94
100000.92
100000.91
100000.89
100000.88
100000.86
100000.85
100000.83
100000.82
100001.47
100001.46
100001.45
100001.44
100001.43
100001.41
100001.4
100001.39
100001.38
100001.36
100001.35
100001.34
100001.32
100001.31
100001.3
100001.28
100001.27
100001.26
100001.24
100001.23
100001.21
100001.2
100001.19
100001.17
100001.16
100001.14
100001.13
100001.12
100001.1
100001.09
100001.07
100001.06
100001.05
100001.03
100001.02
100001
100000.99
100000.97
100000.96
100000.95
100000.93
100000.92
100000.9
100000.89
100000.87
100000.86
100000.84
100000.83
100000.81
100001.46
100001.45
100001.44
100001.43
100001.42
100001.41
100001.39
100001.38
100001.37
100001.36
100001.34
100001.33
100001.32
100001.3
100001.29
100001.28
100001.26
100001.25
100001.24
100001.22
100001.21
100001.19
100001.18
100001.17
100001.15
100001.14
100001.12
100001.11
100001.1
100001.08
100001.07
100001.05
100001.04
100001.03
100001.01
100001
100000.98
100000.97
100000.95
100000.94
100000.93
100000.91
100000.9
100000.88
100000.87
100000.85
100000.84
100000.82
100000.81
100001.45
100001.44
100001.43
100001.42
100001.41
100001.4
100001.38
100001.37
100001.36
100001.35
100001.34
100001.32
100001.31
100001.3
100001.28
100001.27
100001.26
100001.24
100001.23
100001.22
100001.2
100001.19
100001.17
100001.16
100001.15
100001.13
100001.12
100001.1
100001.09
100001.08
100001.06
100001.05
100001.03
100001.02
100001.01
100000.99
100000.98
100000.96
100000.95
100000.94
100000.92
100000.91
100000.89
100000.88
100000.86
100000.85
100000.83
100000.82
100000.8
100001.44
100001.43
100001.42
100001.41
100001.4
100001.39
100001.38
100001.36
100001.35
100001.34
100001.33
100001.31
100001.3
100001.29
100001.28
100001.26
100001.25
100001.24
100001.22
100001.21
100001.19
100001.18
100001.17
100001.15
100001.14
100001.13
100001.11
100001.1
100001.08
100001.07
100001.06
100001.04
100001.03
100001.01
100001
100000.99
100000.97
100000.96
100000.94
100000.93
100000.92
100000.9
100000.89
100000.87
100000.86
100000.84
100000.83
100000.81
100000.8
100001.43
100001.42
100001.41
100001.4
100001.39
100001.38
100001.37
100001.35
100001.34
100001.33
100001.32
100001.31
100001.29
100001.28
100001.27
100001.25
100001.24
100001.23
100001.21
100001.2
100001.19
100001.17
100001.16
100001.15
100001.13
100001.12
100001.1
100001.09
100001.08
100001.06
100001.05
100001.04
100001.02
100001.01
100000.99
100000.98
100000.97
100000.95
100000.94
100000.92
100000.91
100000.9
100000.88
100000.87
100000.85
100000.84
100000.82
100000.81
100000.79
100001.42
100001.41
100001.4
100001.39
100001.38
100001.37
100001.36
100001.34
100001.33
100001.32
100001.31
100001.3
100001.28
100001.27
100001.26
100001.25
100001.23
100001.22
100001.21
100001.19
100001.18
100001.17
100001.15
100001.14
100001.13
100001.11
100001.1
100001.08
100001.07
100001.06
100001.04
100001.03
100001.02
100001
100000.99
100000.97
100000.96
100000.95
100000.93
100000.92
100000.9
100000.89
100000.88
100000.86
100000.85
100000.83
100000.82
100000.8
100000.79
100001.4
100001.39
100001.39
100001.38
100001.37
100001.35
100001.34
100001.33
100001.32
100001.31
100001.3
100001.29
100001.27
100001.26
100001.25
100001.24
100001.22
100001.21
100001.2
100001.18
100001.17
100001.16
100001.14
100001.13
100001.12
100001.1
100001.09
100001.08
100001.06
100001.05
100001.04
100001.02
100001.01
100000.99
100000.98
100000.97
100000.95
100000.94
100000.93
100000.91
100000.9
100000.88
100000.87
100000.86
100000.84
100000.83
100000.81
100000.8
100000.78
100001.39
100001.38
100001.37
100001.36
100001.35
100001.34
100001.33
100001.32
100001.31
100001.3
100001.29
100001.28
100001.26
100001.25
100001.24
100001.23
100001.21
100001.2
100001.19
100001.18
100001.16
100001.15
100001.14
100001.12
100001.11
100001.1
100001.08
100001.07
100001.06
100001.04
100001.03
100001.02
100001
100000.99
100000.97
100000.96
100000.95
100000.93
100000.92
100000.91
100000.89
100000.88
100000.86
100000.85
100000.84
100000.82
100000.81
100000.79
100000.78
100001.38
100001.37
100001.36
100001.35
100001.34
100001.33
100001.32
100001.31
100001.3
100001.29
100001.28
100001.27
100001.25
100001.24
100001.23
100001.22
100001.2
100001.19
100001.18
100001.17
100001.15
100001.14
100001.13
100001.11
100001.1
100001.09
100001.07
100001.06
100001.05
100001.03
100001.02
100001.01
100000.99
100000.98
100000.97
100000.95
100000.94
100000.93
100000.91
100000.9
100000.89
100000.87
100000.86
100000.84
100000.83
100000.82
100000.8
100000.79
100000.77
100001.36
100001.35
100001.34
100001.34
100001.33
100001.32
100001.31
100001.3
100001.29
100001.28
100001.27
100001.25
100001.24
100001.23
100001.22
100001.21
100001.19
100001.18
100001.17
100001.16
100001.14
100001.13
100001.12
100001.11
100001.09
100001.08
100001.07
100001.05
100001.04
100001.03
100001.01
100001
100000.99
100000.97
100000.96
100000.95
100000.93
100000.92
100000.91
100000.89
100000.88
100000.87
100000.85
100000.84
100000.82
100000.81
100000.8
100000.78
100000.77
100001.35
100001.34
100001.33
100001.32
100001.31
100001.3
100001.29
100001.28
100001.27
100001.26
100001.25
100001.24
100001.23
100001.22
100001.21
100001.2
100001.18
100001.17
100001.16
100001.15
100001.13
100001.12
100001.11
100001.1
100001.08
100001.07
100001.06
100001.04
100001.03
100001.02
100001.01
100000.99
100000.98
100000.97
100000.95
100000.94
100000.93
100000.91
100000.9
100000.89
100000.87
100000.86
100000.85
100000.83
100000.82
100000.8
100000.79
100000.78
100000.76
100001.33
100001.32
100001.31
100001.31
100001.3
100001.29
100001.28
100001.27
100001.26
100001.25
100001.24
100001.23
100001.22
100001.21
100001.2
100001.18
100001.17
100001.16
100001.15
100001.14
100001.12
100001.11
100001.1
100001.09
100001.07
100001.06
100001.05
100001.04
100001.02
100001.01
100001
100000.98
100000.97
100000.96
100000.94
100000.93
100000.92
100000.91
100000.89
100000.88
100000.87
100000.85
100000.84
100000.83
100000.81
100000.8
100000.79
100000.77
100000.76
100001.31
100001.3
100001.3
100001.29
100001.28
100001.27
100001.26
100001.26
100001.25
100001.24
100001.23
100001.22
100001.2
100001.19
100001.18
100001.17
100001.16
100001.15
100001.14
100001.12
100001.11
100001.1
100001.09
100001.08
100001.06
100001.05
100001.04
100001.03
100001.01
100001
100000.99
100000.97
100000.96
100000.95
100000.94
100000.92
100000.91
100000.9
100000.88
100000.87
100000.86
100000.85
100000.83
100000.82
100000.81
100000.79
100000.78
100000.77
100000.75
100001.29
100001.29
100001.28
100001.27
100001.27
100001.26
100001.25
100001.24
100001.23
100001.22
100001.21
100001.2
100001.19
100001.18
100001.17
100001.16
100001.15
100001.14
100001.12
100001.11
100001.1
100001.09
100001.08
100001.07
100001.05
100001.04
100001.03
100001.02
100001
100000.99
100000.98
100000.97
100000.95
100000.94
100000.93
100000.92
100000.9
100000.89
100000.88
100000.86
100000.85
100000.84
100000.83
100000.81
100000.8
100000.79
100000.77
100000.76
100000.75
100001.27
100001.27
100001.26
100001.25
100001.25
100001.24
100001.23
100001.22
100001.21
100001.21
100001.2
100001.19
100001.18
100001.17
100001.16
100001.15
100001.13
100001.12
100001.11
100001.1
100001.09
100001.08
100001.07
100001.05
100001.04
100001.03
100001.02
100001.01
100000.99
100000.98
100000.97
100000.96
100000.94
100000.93
100000.92
100000.91
100000.89
100000.88
100000.87
100000.86
100000.84
100000.83
100000.82
100000.8
100000.79
100000.78
100000.77
100000.75
100000.74
100001.25
100001.25
100001.24
100001.24
100001.23
100001.22
100001.21
100001.21
100001.2
100001.19
100001.18
100001.17
100001.16
100001.15
100001.14
100001.13
100001.12
100001.11
100001.1
100001.09
100001.08
100001.07
100001.05
100001.04
100001.03
100001.02
100001.01
100000.99
100000.98
100000.97
100000.96
100000.95
100000.93
100000.92
100000.91
100000.9
100000.89
100000.87
100000.86
100000.85
100000.84
100000.82
100000.81
100000.8
100000.78
100000.77
100000.76
100000.75
100000.73
100001.23
100001.23
100001.22
100001.22
100001.21
100001.2
100001.2
100001.19
100001.18
100001.17
100001.16
100001.15
100001.15
100001.14
100001.13
100001.12
100001.11
100001.1
100001.08
100001.07
100001.06
100001.05
100001.04
100001.03
100001.02
100001.01
100001
100000.98
100000.97
100000.96
100000.95
100000.94
100000.92
100000.91
100000.9
100000.89
100000.88
100000.86
100000.85
100000.84
100000.83
100000.81
100000.8
100000.79
100000.78
100000.77
100000.75
100000.74
100000.73
100001.21
100001.21
100001.2
100001.2
100001.19
100001.18
100001.18
100001.17
100001.16
100001.15
100001.15
100001.14
100001.13
100001.12
100001.11
100001.1
100001.09
100001.08
100001.07
100001.06
100001.05
100001.04
100001.03
100001.02
100001.01
100000.99
100000.98
100000.97
100000.96
100000.95
100000.94
100000.93
100000.91
100000.9
100000.89
100000.88
100000.87
100000.85
100000.84
100000.83
100000.82
100000.81
100000.79
100000.78
100000.77
100000.76
100000.75
100000.73
100001.19
100001.18
100001.18
100001.17
100001.17
100001.16
100001.16
100001.15
100001.14
100001.13
100001.13
100001.12
100001.11
100001.1
100001.09
100001.08
100001.07
100001.06
100001.05
100001.04
100001.03
100001.02
100001.01
100001
100000.99
100000.98
100000.97
100000.96
100000.95
100000.94
100000.93
100000.91
100000.9
100000.89
100000.88
100000.87
100000.86
100000.85
100000.83
100000.82
100000.81
100000.8
100000.79
100000.77
100000.76
100000.75
100000.74
100001.16
100001.16
100001.16
100001.15
100001.15
100001.14
100001.13
100001.13
100001.12
100001.11
100001.11
100001.1
100001.09
100001.08
100001.08
100001.07
100001.06
100001.05
100001.04
100001.03
100001.02
100001.01
100001
100000.99
100000.98
100000.97
100000.96
100000.95
100000.94
100000.92
100000.91
100000.9
100000.89
100000.88
100000.87
100000.86
100000.85
100000.84
100000.82
100000.81
100000.8
100000.79
100000.78
100000.77
100000.75
100000.74
100001.14
100001.13
100001.13
100001.13
100001.12
100001.12
100001.11
100001.11
100001.1
100001.09
100001.09
100001.08
100001.07
100001.06
100001.06
100001.05
100001.04
100001.03
100001.02
100001.01
100001
100000.99
100000.98
100000.97
100000.96
100000.95
100000.94
100000.93
100000.92
100000.91
100000.9
100000.89
100000.88
100000.87
100000.86
100000.85
100000.84
100000.82
100000.81
100000.8
100000.79
100000.78
100000.77
100000.76
100000.75
100000.73
100001.11
100001.11
100001.11
100001.1
100001.1
100001.09
100001.09
100001.08
100001.08
100001.07
100001.07
100001.06
100001.05
100001.04
100001.04
100001.03
100001.02
100001.01
100001
100001
100000.99
100000.98
100000.97
100000.96
100000.95
100000.94
100000.93
100000.92
100000.91
100000.9
100000.89
100000.88
100000.87
100000.86
100000.85
100000.84
100000.83
100000.81
100000.8
100000.79
100000.78
100000.77
100000.76
100000.75
100000.74
100000.73
100001.08
100001.08
100001.08
100001.08
100001.07
100001.07
100001.06
100001.06
100001.05
100001.05
100001.04
100001.04
100001.03
100001.02
100001.02
100001.01
100001
100000.99
100000.99
100000.98
100000.97
100000.96
100000.95
100000.94
100000.93
100000.92
100000.91
100000.9
100000.89
100000.88
100000.87
100000.86
100000.85
100000.84
100000.83
100000.82
100000.81
100000.8
100000.79
100000.78
100000.77
100000.76
100000.75
100000.74
100000.73
100000.72
100001.06
100001.05
100001.05
100001.05
100001.05
100001.04
100001.04
100001.04
100001.03
100001.03
100001.02
100001.01
100001.01
100001
100001
100000.99
100000.98
100000.97
100000.97
100000.96
100000.95
100000.94
100000.93
100000.92
100000.92
100000.91
100000.9
100000.89
100000.88
100000.87
100000.86
100000.85
100000.84
100000.83
100000.82
100000.81
100000.8
100000.79
100000.78
100000.77
100000.76
100000.75
100000.74
100000.73
100000.72
100000.71
100001.03
100001.03
100001.02
100001.02
100001.02
100001.02
100001.01
100001.01
100001.01
100001
100001
100000.99
100000.99
100000.98
100000.97
100000.97
100000.96
100000.95
100000.95
100000.94
100000.93
100000.92
100000.91
100000.91
100000.9
100000.89
100000.88
100000.87
100000.86
100000.85
100000.85
100000.84
100000.83
100000.82
100000.81
100000.8
100000.79
100000.78
100000.77
100000.76
100000.75
100000.74
100000.73
100000.72
100000.71
100000.7
100001
100001
100000.99
100000.99
100000.99
100000.99
100000.99
100000.98
100000.98
100000.98
100000.97
100000.97
100000.96
100000.96
100000.95
100000.94
100000.94
100000.93
100000.92
100000.92
100000.91
100000.9
100000.9
100000.89
100000.88
100000.87
100000.86
100000.86
100000.85
100000.84
100000.83
100000.82
100000.81
100000.8
100000.79
100000.79
100000.78
100000.77
100000.76
100000.75
100000.74
100000.73
100000.72
100000.71
100000.7
100000.69
100000.97
100000.97
100000.96
100000.96
100000.96
100000.96
100000.96
100000.96
100000.95
100000.95
100000.94
100000.94
100000.94
100000.93
100000.93
100000.92
100000.91
100000.91
100000.9
100000.9
100000.89
100000.88
100000.88
100000.87
100000.86
100000.85
100000.85
100000.84
100000.83
100000.82
100000.81
100000.81
100000.8
100000.79
100000.78
100000.77
100000.76
100000.75
100000.75
100000.74
100000.73
100000.72
100000.71
100000.7
100000.69
100000.68
100000.93
100000.93
100000.93
100000.93
100000.93
100000.93
100000.93
100000.93
100000.92
100000.92
100000.92
100000.91
100000.91
100000.91
100000.9
100000.9
100000.89
100000.89
100000.88
100000.87
100000.87
100000.86
100000.85
100000.85
100000.84
100000.83
100000.83
100000.82
100000.81
100000.8
100000.8
100000.79
100000.78
100000.77
100000.77
100000.76
100000.75
100000.74
100000.73
100000.72
100000.72
100000.71
100000.7
100000.69
100000.68
100000.9
100000.9
100000.9
100000.9
100000.9
100000.9
100000.9
100000.9
100000.89
100000.89
100000.89
100000.89
100000.88
100000.88
100000.87
100000.87
100000.87
100000.86
100000.86
100000.85
100000.84
100000.84
100000.83
100000.83
100000.82
100000.81
100000.81
100000.8
100000.79
100000.79
100000.78
100000.77
100000.77
100000.76
100000.75
100000.74
100000.73
100000.73
100000.72
100000.71
100000.7
100000.7
100000.69
100000.68
100000.67
100000.87
100000.87
100000.87
100000.87
100000.87
100000.87
100000.87
100000.87
100000.86
100000.86
100000.86
100000.86
100000.85
100000.85
100000.85
100000.84
100000.84
100000.83
100000.83
100000.83
100000.82
100000.82
100000.81
100000.8
100000.8
100000.79
100000.79
100000.78
100000.77
100000.77
100000.76
100000.75
100000.75
100000.74
100000.73
100000.73
100000.72
100000.71
100000.71
100000.7
100000.69
100000.68
100000.68
100000.67
100000.66
100000.83
100000.83
100000.83
100000.84
100000.84
100000.84
100000.84
100000.83
100000.83
100000.83
100000.83
100000.83
100000.82
100000.82
100000.82
100000.82
100000.81
100000.81
100000.8
100000.8
100000.8
100000.79
100000.79
100000.78
100000.78
100000.77
100000.77
100000.76
100000.75
100000.75
100000.74
100000.74
100000.73
100000.72
100000.72
100000.71
100000.7
100000.7
100000.69
100000.68
100000.68
100000.67
100000.66
100000.66
100000.65
100000.8
100000.8
100000.8
100000.8
100000.8
100000.8
100000.8
100000.8
100000.8
100000.8
100000.8
100000.8
100000.79
100000.79
100000.79
100000.79
100000.78
100000.78
100000.78
100000.77
100000.77
100000.76
100000.76
100000.76
100000.75
100000.75
100000.74
100000.74
100000.73
100000.73
100000.72
100000.72
100000.71
100000.7
100000.7
100000.69
100000.69
100000.68
100000.67
100000.67
100000.66
100000.66
100000.65
100000.64
100000.64
100000.75
100000.75
100000.75
100000.76
100000.76
100000.76
100000.76
100000.76
100000.76
100000.76
100000.76
100000.75
100000.75
100000.75
100000.75
100000.75
100000.74
100000.74
100000.74
100000.74
100000.73
100000.73
100000.73
100000.72
100000.72
100000.71
100000.71
100000.71
100000.7
100000.7
100000.69
100000.69
100000.68
100000.68
100000.67
100000.67
100000.66
100000.66
100000.65
100000.64
100000.64
100000.63
100000.63
100000.62
100000.62
100000.75
100000.75
100000.75
100000.75
100000.75
100000.75
100000.76
100000.76
100000.76
100000.76
100000.76
100000.75
100000.75
100000.75
100000.75
100000.75
100000.75
100000.75
100000.74
100000.74
100000.74
100000.74
100000.73
100000.73
100000.73
100000.72
100000.72
100000.72
100000.71
100000.71
100000.7
100000.7
100000.69
100000.69
100000.69
100000.68
100000.68
100000.67
100000.67
100000.66
100000.66
100000.65
100000.65
100000.64
100000.63
100001.03
100001.03
100001.04
100001.04
100001.04
100001.04
100001.04
100001.05
100001.05
100001.05
100001.05
100001.05
100001.04
100001.04
100001.04
100001.04
100001.04
100001.04
100001.03
100001.03
100001.03
100001.02
100001.02
100001.02
100001.01
100001.01
100001
100001
100000.99
100000.99
100000.98
100000.98
100000.97
100000.97
100000.96
100000.95
100000.95
100000.94
100000.94
100000.93
100000.92
100000.92
100000.91
100000.9
)
;

boundaryField
{
    inletLow
    {
        type            zeroGradient;
    }
    inletJet
    {
        type            zeroGradient;
    }
    inletHigh
    {
        type            zeroGradient;
    }
    outlet
    {
        type            fixedValue;
        value           nonuniform List<scalar> 0();
    }
    upperWall
    {
        type            totalPressure;
        rho             rho;
        psi             none;
        gamma           1;
        p0              uniform 100000;
        value           uniform 100000;
    }
    lowerWall
    {
        type            totalPressure;
        rho             rho;
        psi             none;
        gamma           1;
        p0              nonuniform List<scalar> 0();
        value           nonuniform List<scalar> 0();
    }
    frontAndBack
    {
        type            empty;
    }
    procBoundary0to1
    {
        type            processor;
        value           nonuniform List<scalar> 
80
(
100000.68
100000.68
100000.68
100000.68
100000.7
100000.7
100000.7
100000.7
100000.7
100000.72
100000.72
100000.72
100000.73
100000.73
100000.73
100000.75
100000.75
100000.75
100000.76
100000.76
100000.76
100000.78
100000.78
100000.77
100000.77
100000.77
100000.78
100000.78
100000.81
100000.78
100000.79
100000.81
100000.82
100000.82
100000.82
100000.82
100000.81
100000.81
100000.81
100000.8
100000.8
100000.79
100000.79
100000.78
100000.78
100000.78
100000.77
100000.77
100000.76
100000.75
100000.75
100000.74
100000.74
100000.73
100000.73
100000.72
100000.71
100000.72
100000.72
100000.73
100000.73
100000.73
100000.73
100000.72
100000.72
100000.71
100000.7
100000.69
100000.68
100000.67
100000.67
100000.67
100000.66
100000.65
100000.64
100000.63
100000.61
100000.63
100000.89
100000.89
)
;
    }
    procBoundary0to2
    {
        type            processor;
        value           nonuniform List<scalar> 
66
(
100001.58
100001.58
100001.58
100001.58
100001.58
100001.58
100001.58
100001.58
100001.58
100001.57
100001.57
100001.57
100001.57
100001.56
100001.56
100001.56
100001.56
100001.55
100001.55
100001.54
100001.54
100001.53
100001.53
100001.52
100001.52
100001.52
100001.52
100001.51
100001.51
100001.5
100001.49
100001.48
100001.47
100001.46
100001.45
100001.44
100001.43
100001.41
100001.4
100001.38
100001.37
100001.35
100001.34
100001.32
100001.3
100001.28
100001.26
100001.24
100001.21
100001.19
100001.17
100001.14
100001.11
100001.09
100001.06
100001.03
100001
100000.97
100000.93
100000.9
100000.87
100000.83
100000.79
100000.75
100000.74
100001.03
)
;
    }
    procBoundary0to4
    {
        type            processor;
        value           nonuniform List<scalar> 6(100000.8 100000.78 100000.76 100000.74 100000.72 100000.7);
    }
    procBoundary0to5
    {
        type            processor;
        value           nonuniform List<scalar> 
52
(
100001.57
100001.56
100001.55
100001.53
100001.52
100001.5
100001.49
100001.48
100001.46
100001.45
100001.43
100001.42
100001.41
100001.39
100001.38
100001.36
100001.35
100001.33
100001.32
100001.3
100001.29
100001.27
100001.26
100001.24
100001.23
100001.22
100001.2
100001.19
100001.17
100001.16
100001.14
100001.13
100001.11
100001.1
100001.08
100001.07
100001.05
100001.04
100001.02
100001.01
100000.99
100000.98
100000.96
100000.95
100000.93
100000.91
100000.9
100000.88
100000.87
100000.85
100000.83
100000.81
)
;
    }
}


// ************************************************************************* //
