/*--------------------------------*- C++ -*----------------------------------*\
| =========                 |                                                 |
| \\      /  F ield         | OpenFOAM: The Open Source CFD Toolbox           |
|  \\    /   O peration     | Version:  2312                                  |
|   \\  /    A nd           | Website:  www.openfoam.com                      |
|    \\/     M anipulation  |                                                 |
\*---------------------------------------------------------------------------*/
FoamFile
{
    version     2.0;
    format      ascii;
    arch        "LSB;label=32;scalar=64";
    class       volScalarField;
    location    "0.02";
    object      CO2;
}
// * * * * * * * * * * * * * * * * * * * * * * * * * * * * * * * * * * * * * //

dimensions      [0 0 0 0 0 0 0];

internalField   nonuniform List<scalar> 
3272
(
0.041763441
0.042062588
0.042293306
0.042453579
0.042541535
0.042555835
0.042496666
0.042361147
0.042149272
0.041861228
0.041497393
0.041058604
0.040546172
0.039961889
0.039308031
0.038587347
0.037803038
0.036958736
0.036058461
0.035106586
0.034107789
0.033081025
0.032010383
0.03090262
0.029769727
0.028617296
0.027450936
0.026276202
0.025098524
0.02392315
0.022755088
0.021599064
0.020459482
0.019340396
0.018245488
0.017178048
0.016140968
0.015136742
0.014167463
0.013234839
0.012340198
0.011484515
0.010668421
0.0098922374
0.0091559911
0.008459446
0.0078021282
0.0071833516
0.0066022409
0.0060577448
0.0055486352
0.0050737711
0.0046318168
0.042146279
0.042454806
0.042694579
0.042863547
0.042959857
0.042981701
0.042929425
0.042800338
0.042594033
0.042310747
0.041950796
0.041514957
0.041004488
0.040421133
0.039767126
0.03904518
0.038258475
0.037410626
0.03650565
0.035547927
0.034542154
0.033507555
0.032428768
0.031311045
0.030167324
0.029003269
0.027824569
0.026636865
0.025445683
0.024256366
0.023074021
0.021903476
0.020749233
0.019615441
0.018505873
0.017423904
0.016372505
0.015354241
0.014371268
0.013425347
0.012517858
0.011649809
0.010821866
0.010034372
0.0092873692
0.008580632
0.0079136929
0.0072858762
0.0066963379
0.0061440902
0.0056271622
0.0051453119
0.0046969487
0.042850097
0.043175866
0.043432267
0.043617165
0.043728598
0.043764295
0.04372476
0.043607605
0.043411666
0.043137288
0.042784673
0.042354491
0.041847899
0.04126655
0.040612597
0.039888691
0.03909796
0.038243986
0.037330774
0.036362699
0.035344446
0.034295644
0.03320248
0.032066771
0.030903461
0.029718326
0.028517196
0.027305868
0.026090037
0.024875224
0.02366672
0.022469537
0.021288359
0.020127513
0.01899094
0.017882176
0.016804338
0.015760123
0.014751809
0.013781261
0.012849947
0.011958953
0.011109003
0.010300484
0.009533469
0.0088077455
0.0081228445
0.007478067
0.0068726029
0.0063040412
0.0057737711
0.0052792292
0.0048189684
0.043820302
0.044169683
0.044448897
0.04465566
0.044787853
0.04484266
0.044820786
0.044720257
0.04453885
0.044277055
0.043934916
0.043512954
0.043012182
0.042434126
0.041780826
0.041054835
0.040259213
0.039397498
0.038473682
0.037492125
0.036457323
0.035388415
0.034276566
0.033116711
0.031926957
0.030713233
0.029481569
0.028237985
0.026988411
0.025738616
0.024494147
0.023260269
0.022041924
0.020843687
0.019669735
0.018523829
0.017409296
0.016329021
0.015285455
0.014280612
0.01331609
0.012393086
0.011512413
0.010674524
0.0098795376
0.0091272642
0.0084172462
0.0077485235
0.0071187986
0.0065305577
0.0059808115
0.0054681779
0.0049911016
0.045008967
0.045387091
0.045694133
0.045927633
0.046085292
0.046163645
0.04616361
0.046083696
0.045920532
0.045674646
0.045345919
0.044934685
0.044441781
0.043868567
0.043216938
0.042489327
0.041688707
0.040818591
0.039883052
0.038886795
0.037835266
0.036734636
0.035602556
0.034415408
0.033194243
0.031946197
0.030677659
0.029394959
0.02810433
0.026811851
0.025523384
0.024244517
0.022980508
0.021736243
0.0205162
0.019324424
0.018164504
0.017039571
0.01595229
0.014904873
0.013899085
0.012936269
0.012017359
0.011142899
0.010313061
0.0095276807
0.0087854185
0.0080848571
0.0074291387
0.0068148834
0.0062408154
0.0057055142
0.0052073569
0.046373836
0.046784758
0.047123631
0.047387801
0.047574813
0.047680634
0.047706094
0.047649724
0.047508422
0.04728146
0.046968918
0.046570901
0.046088031
0.045521467
0.044872924
0.044144684
0.043339601
0.042461102
0.041513192
0.040500447
0.039427928
0.038300863
0.037141172
0.035924403
0.034667862
0.033381132
0.032070876
0.03074374
0.0294063
0.028064993
0.026726047
0.025395426
0.024078759
0.022781303
0.02150789
0.020262903
0.019050249
0.017873349
0.016735133
0.015638045
0.014584061
0.013574705
0.012611072
0.011693827
0.010823195
0.0099972242
0.0092160072
0.0084831343
0.0077948575
0.0071500445
0.0065473885
0.0059854234
0.0054624579
0.047877607
0.048324438
0.048698236
0.048996084
0.049215194
0.049352923
0.049406459
0.049376296
0.049259797
0.049054549
0.04876084
0.048378515
0.047907948
0.047350063
0.046706361
0.045978931
0.045170458
0.044284226
0.043324103
0.042294499
0.041200276
0.040046593
0.038856957
0.03760957
0.036314881
0.034986335
0.033630813
0.032255269
0.030866634
0.029471729
0.028077192
0.0266894
0.02531441
0.023957891
0.022625086
0.021320766
0.020049206
0.018814162
0.01761887
0.01646605
0.015357918
0.014296223
0.013282277
0.012316935
0.011397419
0.01052591
0.0097062166
0.0089342918
0.0082092144
0.0075298453
0.0068948506
0.0063027179
0.0057516838
0.049487391
0.04997243
0.050383541
0.050717592
0.050971604
0.051142848
0.051227302
0.051225926
0.051136778
0.050955846
0.050683481
0.050319279
0.049863343
0.049316337
0.048679508
0.047954714
0.047144434
0.046251769
0.045280431
0.044234696
0.043119282
0.04193899
0.040716871
0.039439807
0.038105536
0.036733313
0.035330221
0.033903534
0.032460555
0.031008519
0.029554499
0.02810533
0.026667529
0.025247233
0.023850136
0.022481447
0.021145853
0.019847497
0.018589962
0.017376274
0.016208919
0.015089891
0.014020817
0.012998715
0.012027746
0.011111801
0.010246654
0.0094317107
0.0086660892
0.0079486487
0.0072780258
0.0066526578
0.0060707048
0.051174219
0.051699
0.052149075
0.052521091
0.052811858
0.053018462
0.053136114
0.05316581
0.053105533
0.052951648
0.052702914
0.052359165
0.051920194
0.051386367
0.050758647
0.050038628
0.049228549
0.048331308
0.047350475
0.046290313
0.04515582
0.043952831
0.042688451
0.041384634
0.040012622
0.038596161
0.037144358
0.035664919
0.034165567
0.032653976
0.031137685
0.029624017
0.028119988
0.026632239
0.025166961
0.023729847
0.022326043
0.020960123
0.019636065
0.018357243
0.017126421
0.015945807
0.014812259
0.01373377
0.01271272
0.011745018
0.010830672
0.0099692128
0.0091597819
0.008401214
0.0076920954
0.0070307881
0.0064152414
0.052912676
0.05347805
0.053968078
0.05437916
0.054707828
0.054950769
0.055104812
0.055166644
0.055136757
0.055011967
0.05478899
0.054467905
0.054048182
0.053529866
0.05291361
0.052200711
0.051393132
0.050493526
0.049505251
0.048432375
0.047279664
0.046052467
0.04475644
0.04341889
0.042012407
0.040551514
0.039050659
0.037517798
0.035961023
0.034388446
0.032808088
0.03122778
0.029655072
0.028097139
0.026560712
0.025052007
0.023576678
0.022139777
0.020745735
0.019398357
0.018100803
0.016850526
0.015656793
0.014521113
0.013441533
0.012418471
0.011451768
0.010540878
0.0096849004
0.008882619
0.0081325387
0.054680622
0.055286849
0.055817254
0.056268021
0.056635471
0.056916108
0.0571067
0.05720241
0.05720444
0.057110342
0.056915084
0.056618686
0.056220376
0.055719859
0.055117451
0.054414122
0.053611525
0.052712026
0.05171872
0.050635428
0.049466649
0.048217371
0.046892586
0.04551915
0.044082018
0.042577603
0.041028277
0.039442199
0.03782783
0.036193722
0.034548388
0.032900188
0.031257223
0.029627237
0.028017529
0.026434881
0.024885488
0.023374923
0.021908121
0.020489445
0.019119021
0.017802275
0.016545427
0.015346243
0.01420605
0.013125268
0.012103804
0.011141143
0.01023638
0.0093882546
0.008595049
0.056458952
0.057105762
0.057676457
0.058167014
0.058573565
0.058892427
0.059120159
0.059250759
0.059286153
0.059223277
0.059057838
0.058787905
0.058412996
0.057932452
0.057346228
0.056654938
0.055859894
0.054963143
0.053967489
0.05287652
0.051694618
0.050426984
0.04907981
0.047661181
0.046196645
0.044654264
0.043057935
0.041419626
0.039748262
0.038052863
0.03634244
0.03462589
0.032911882
0.031208752
0.029524398
0.027866189
0.026240895
0.02465462
0.023112701
0.021618734
0.020174015
0.018791481
0.017466883
0.016202522
0.014999784
0.0138593
0.012781114
0.011764779
0.010809416
0.0099137507
0.0090759895
0.058231358
0.058918007
0.059528431
0.060058411
0.060503892
0.060860999
0.061126157
0.061292657
0.061361904
0.061331114
0.061196838
0.060954933
0.060605209
0.060146646
0.059578824
0.05890198
0.058117059
0.057225749
0.056230523
0.055134665
0.053942283
0.052658305
0.051288376
0.049838284
0.04833761
0.046763723
0.04512204
0.043433006
0.041705877
0.039950102
0.038175174
0.036390524
0.034605399
0.032828742
0.031069068
0.029334366
0.027632007
0.02596872
0.024350877
0.022776716
0.021263918
0.019809072
0.018414873
0.017083547
0.01581659
0.014614792
0.013478325
0.012406819
0.011399431
0.01045488
0.0095713194
0.059984081
0.060709416
0.061358601
0.061927224
0.062411024
0.062805853
0.063107665
0.063312365
0.063415129
0.063416881
0.063314535
0.063102009
0.062778991
0.062344196
0.061796814
0.06113669
0.060364374
0.059481174
0.058489192
0.05739137
0.056191513
0.054894355
0.053505669
0.052032531
0.050483983
0.048886584
0.047203989
0.04546648
0.043685432
0.041870796
0.040032557
0.03818068
0.036324994
0.034475059
0.03264003
0.030828527
0.029048484
0.027306821
0.025606833
0.023963389
0.022375541
0.0208475
0.019382479
0.017982922
0.01665051
0.015386202
0.014190298
0.013062513
0.012002044
0.011007609
0.010077307
0.061705688
0.062468217
0.063154858
0.063761025
0.064282291
0.064714329
0.065052945
0.065294146
0.065431155
0.065466348
0.065395708
0.065214043
0.064918956
0.064509454
0.063984325
0.063343003
0.062585628
0.061713098
0.060727124
0.059630269
0.058425992
0.05711869
0.05571376
0.05421754
0.052636513
0.051003243
0.049289393
0.047505671
0.045672927
0.043801424
0.041901585
0.039983893
0.038058754
0.036136357
0.034226517
0.032338555
0.030481313
0.028663748
0.026887221
0.025165378
0.023501552
0.02189964
0.020363056
0.018894484
0.017495827
0.016168228
0.014912129
0.013727334
0.012613084
0.011568103
0.010590435
0.063386853
0.064184802
0.064907308
0.065549628
0.06610719
0.066575511
0.066950247
0.067227264
0.067398549
0.06746712
0.067428394
0.067278322
0.067012153
0.066629216
0.0661279
0.06550723
0.064766923
0.063907453
0.062930113
0.061837063
0.06063138
0.059317099
0.057899294
0.056384259
0.054780052
0.053097699
0.051362672
0.049537113
0.047655493
0.045729572
0.043770289
0.04178865
0.039795645
0.037802089
0.035818442
0.033854579
0.031919363
0.030019546
0.028170958
0.026373573
0.024634427
0.022958663
0.021350294
0.019812384
0.018347116
0.016955847
0.015639171
0.014396994
0.013228606
0.012132738
0.011107382
0.06502013
0.065851508
0.066608056
0.067284889
0.0678773
0.068380653
0.068790444
0.069102456
0.069308152
0.069409504
0.069402738
0.069284492
0.069047974
0.068692581
0.068216358
0.067617924
0.066896567
0.066052325
0.065086052
0.063999486
0.062795298
0.061477155
0.060049781
0.058519076
0.056892141
0.055176036
0.053404692
0.051549245
0.04962156
0.047643964
0.045627747
0.043584416
0.041525535
0.039462566
0.037406711
0.035368776
0.033359
0.031384016
0.029456421
0.027582295
0.025767819
0.024018365
0.022338334
0.02073115
0.019199292
0.017744343
0.016367064
0.015067468
0.013844906
0.012698112
0.011625019
0.066599744
0.067462395
0.068250988
0.068960506
0.06958611
0.070122994
0.070566389
0.070911537
0.071153425
0.071286096
0.071311218
0.071224049
0.071018005
0.070690782
0.07024063
0.069665732
0.068964937
0.068137834
0.067184827
0.066107209
0.064907227
0.063588148
0.062154336
0.060611365
0.058966155
0.057226991
0.055404233
0.053529095
0.051560608
0.049534446
0.047464106
0.045361642
0.04323919
0.041108828
0.038982425
0.036871621
0.034788336
0.032737678
0.030734122
0.028784482
0.026895456
0.02507292
0.023321733
0.021645706
0.020047631
0.018529334
0.017091752
0.015735017
0.014458541
0.01326107
0.012140432
0.068121382
0.069013044
0.069831568
0.070571815
0.071228835
0.071797689
0.072273462
0.0726513
0.072926505
0.073090748
0.073147493
0.073090855
0.072915553
0.072616933
0.072193568
0.071643227
0.070964324
0.070155998
0.069218193
0.068151742
0.066958447
0.065641148
0.064203811
0.062651601
0.06099092
0.059229106
0.057373023
0.055460762
0.053463994
0.051392169
0.049270636
0.04711182
0.044928374
0.042732952
0.040537936
0.038355073
0.036194581
0.034074581
0.031997747
0.029974118
0.028011669
0.026117003
0.024295503
0.022551395
0.0208878
0.019306798
0.017809513
0.016396201
0.015066343
0.01381872
0.069582
0.070500352
0.071346621
0.072115558
0.072802118
0.073401255
0.073907939
0.074317212
0.074624268
0.074819393
0.074906993
0.074880447
0.074735747
0.07446592
0.074069789
0.073544745
0.072888779
0.072100581
0.071179634
0.070126302
0.068941923
0.067628892
0.066190751
0.064632265
0.062959476
0.061179663
0.059301359
0.057336372
0.055319609
0.053209327
0.0510397
0.048827463
0.046585815
0.044328027
0.0420672
0.039816042
0.037586854
0.03539262
0.033242541
0.031146014
0.029111397
0.027145815
0.025255138
0.023444005
0.021715876
0.020073093
0.018516973
0.017047893
0.015665367
0.014367882
0.070979635
0.071922344
0.072794143
0.073589686
0.074303844
0.074931472
0.075467435
0.075906664
0.076244256
0.076469452
0.076586819
0.076589869
0.076475183
0.076234217
0.075865485
0.0753662
0.074733933
0.07396693
0.073064212
0.072025669
0.070852165
0.06954563
0.068109157
0.06654708
0.064865018
0.0630698
0.061169144
0.059170572
0.05711568
0.054979497
0.052764823
0.050502101
0.048205107
0.045887698
0.043563665
0.041246473
0.038949131
0.036684275
0.034462956
0.032295242
0.030190056
0.028155059
0.026196612
0.024319777
0.022528359
0.020824972
0.019211129
0.017687338
0.016253168
0.014906986
0.072313245
0.073277999
0.074173121
0.074993175
0.075732954
0.076387218
0.076950715
0.077418248
0.077784877
0.078039732
0.078185423
0.078217751
0.078131639
0.077919635
0.077578222
0.077104903
0.07649683
0.075751813
0.074868411
0.073846044
0.072685092
0.071387011
0.069954429
0.068391235
0.066702639
0.064895173
0.062976651
0.06095648
0.058848354
0.056689979
0.054440576
0.052130201
0.049780757
0.047406524
0.04502193
0.042641111
0.040277609
0.03794469
0.035654392
0.033417522
0.031243637
0.029140973
0.0271164
0.025175415
0.023322179
0.021559585
0.019889351
0.018312123
0.01682754
0.015433872
0.073582551
0.074567093
0.075483372
0.076325865
0.077089291
0.077768317
0.078357548
0.078851536
0.079244696
0.079530809
0.079702681
0.079763119
0.079704603
0.079521082
0.079206735
0.07875937
0.078175744
0.077453241
0.076589973
0.075584889
0.07443789
0.073149948
0.071723214
0.070161123
0.068468462
0.066651395
0.064717417
0.062675129
0.060533015
0.058334742
0.056061699
0.053707001
0.051308148
0.048879963
0.04643755
0.043995746
0.041568454
0.039169954
0.036813048
0.034509231
0.032268713
0.030100327
0.028011469
0.026008082
0.024094692
0.022274476
0.020549362
0.018920139
0.017386558
0.074787903
0.075790057
0.076725392
0.077588305
0.078373448
0.0790754
0.079688659
0.080207656
0.080626764
0.080940438
0.081138548
0.081226036
0.081194236
0.081038496
0.080750788
0.080329165
0.079770014
0.079070314
0.07822774
0.077240781
0.076108862
0.07483247
0.073413278
0.071854254
0.070159758
0.068335604
0.066389092
0.064329072
0.06216628
0.05991575
0.05761219
0.055228712
0.052783518
0.050304306
0.047806862
0.045306904
0.042818303
0.040356817
0.037935786
0.035567358
0.033262415
0.031030407
0.028879266
0.02681539
0.024843672
0.022967575
0.02118923
0.019509519
0.017927876
0.075930161
0.076947852
0.077900233
0.078781622
0.079586611
0.080309704
0.080945314
0.081487789
0.081931461
0.082270768
0.082494084
0.082607445
0.082601488
0.082472595
0.082211012
0.081814737
0.081279886
0.080603055
0.079781499
0.078813257
0.077697287
0.076433594
0.07502337
0.073469116
0.071774756
0.069945729
0.067989072
0.065913529
0.063729785
0.061450787
0.059090453
0.05668968
0.054203923
0.05167666
0.049126906
0.046571663
0.044024354
0.041502653
0.039020063
0.036589448
0.034222398
0.031928991
0.029717702
0.027595383
0.025567296
0.023637193
0.021807409
0.020078946
0.018451091
0.077010592
0.078041865
0.079009381
0.079907389
0.08073043
0.081472937
0.082129249
0.082693639
0.083160366
0.08352375
0.083771036
0.083908915
0.08392815
0.083824607
0.083588794
0.083217266
0.082706356
0.082052265
0.081251837
0.080302676
0.079203281
0.077953186
0.076553103
0.075005064
0.073312551
0.071480603
0.06951592
0.067426944
0.065223875
0.062918222
0.060520364
0.058079298
0.055567514
0.052995031
0.050395545
0.047786346
0.045184518
0.042605468
0.040063886
0.037573558
0.035146802
0.032794318
0.030525119
0.028346509
0.026264122
0.024281996
0.022402686
0.020627327
0.018955129
0.078030774
0.079073801
0.080054662
0.080967538
0.081806916
0.082567176
0.08324258
0.083827329
0.084315603
0.084701615
0.084971655
0.085132657
0.085176212
0.085096698
0.084885923
0.08453849
0.084051028
0.083419381
0.082640003
0.081710079
0.080627665
0.079391832
0.078002823
0.076462201
0.074772998
0.072939844
0.070969072
0.068868803
0.066648947
0.064321046
0.061898192
0.059399019
0.056866206
0.054258116
0.051611924
0.048951514
0.046297873
0.043663814
0.041065741
0.038518216
0.036034222
0.033625058
0.031300266
0.029067598
0.026933054
0.024900965
0.022974102
0.02115379
0.078992518
0.080045611
0.08103815
0.081964251
0.082818351
0.083594769
0.084287709
0.084891288
0.085399608
0.085806836
0.086098584
0.086281276
0.086348032
0.086291414
0.086104739
0.08578063
0.085315999
0.084706354
0.083947783
0.08303707
0.081971843
0.080750726
0.079373498
0.077841264
0.076156603
0.074323726
0.072348588
0.070238975
0.068004514
0.065656525
0.063207615
0.060670291
0.058095607
0.055464156
0.052774797
0.05006811
0.047363144
0.044676493
0.042024526
0.039422383
0.03688367
0.034420277
0.032042264
0.029757826
0.027573325
0.025493367
0.02352089
0.021656913
0.07989781
0.080959418
0.081962096
0.082899894
0.083767201
0.084558277
0.085267251
0.085888162
0.086415
0.086841893
0.087154893
0.087357704
0.08744639
0.087411533
0.087247914
0.086946274
0.08650375
0.085915543
0.085177392
0.084285703
0.083237693
0.082031552
0.080666612
0.079143521
0.077464417
0.075633083
0.07365509
0.071537888
0.069290841
0.066925157
0.064453787
0.061891802
0.059260664
0.056602311
0.053883323
0.051131878
0.048379176
0.045642754
0.042939575
0.040285424
0.037694542
0.0351794
0.032750571
0.030416689
0.028184465
0.026058781
0.024042762
0.02213733
0.080748755
0.081817467
0.082828873
0.083776958
0.084656064
0.085460387
0.086183979
0.086820768
0.087364535
0.087808623
0.088144518
0.088365172
0.088474279
0.088460045
0.088318337
0.088038277
0.087617048
0.087049609
0.086331372
0.085458382
0.084427464
0.083236391
0.081884061
0.080370679
0.078697942
0.076869214
0.074889675
0.07276644
0.070508607
0.068127244
0.06563532
0.063047827
0.060383093
0.057671647
0.054935431
0.052143086
0.04934573
0.046562332
0.04381062
0.041107073
0.038466574
0.035902173
0.03342495
0.031043964
0.028766277
0.026597034
0.024539554
0.022594787
0.081547534
0.082622076
0.083640926
0.084598005
0.085487609
0.086303872
0.087040766
0.087692117
0.088251579
0.088712494
0.089067911
0.0893065
0.089434739
0.089440119
0.089318972
0.089059702
0.088658862
0.088111435
0.087412508
0.086557777
0.085543693
0.084367632
0.083028072
0.081524789
0.079859049
0.0780338
0.076053837
0.073925933
0.071658925
0.069263725
0.066753299
0.064142721
0.06144967
0.058693666
0.055919837
0.05310243
0.050263005
0.047435338
0.044637736
0.04188738
0.039199802
0.036588624
0.034065423
0.031639678
0.029318786
0.027108155
0.025011293
0.023029226
0.082296366
0.0833756
0.084400732
0.085365629
0.086264539
0.087091535
0.087840518
0.08850523
0.089079257
0.089556004
0.089928932
0.090184626
0.090330841
0.090355039
0.09025292
0.090013626
0.089632269
0.089104049
0.088423751
0.087586745
0.086589127
0.085427893
0.084101121
0.082608173
0.080949896
0.07912883
0.077149386
0.075018003
0.072743245
0.070335856
0.067808765
0.065177111
0.062458475
0.059672568
0.056840554
0.054007354
0.051131409
0.04826219
0.045421291
0.042626673
0.039894522
0.037239026
0.034672246
0.032204067
0.029842216
0.027592355
0.025458176
0.023440793
0.082997482
0.084080399
0.085110767
0.086082416
0.086989547
0.087826173
0.088586127
0.089263085
0.089850582
0.090342042
0.090730957
0.091002714
0.091165787
0.091207801
0.091123535
0.090903222
0.090540425
0.090030567
0.089368159
0.088548267
0.087566654
0.086419957
0.08510587
0.083623357
0.081972862
0.080156527
0.078178387
0.076044545
0.073763291
0.071345181
0.06880305
0.066152006
0.063409388
0.060593991
0.057722742
0.054851205
0.051952144
0.049043617
0.046161909
0.043325517
0.040551256
0.037853863
0.035245869
0.032737554
0.030336961
0.028049999
0.025880542
0.023829786
0.083653091
0.084738811
0.085773481
0.086750926
0.087665294
0.088510539
0.089280434
0.089968594
0.090568505
0.091073563
0.091477187
0.091763936
0.09194275
0.092001538
0.091934056
0.091731695
0.091386512
0.090894142
0.090248843
0.089445397
0.088479255
0.087346713
0.086045104
0.08457301
0.082930488
0.081119293
0.079143094
0.077007663
0.074721014
0.072293498
0.06973783
0.067069055
0.064304432
0.061462973
0.058564876
0.055637
0.052722537
0.049780381
0.046860409
0.043984672
0.041170709
0.038433794
0.03578691
0.033240713
0.030803558
0.028481586
0.026278848
0.024196624
0.084265345
0.085353133
0.086391274
0.08737366
0.08829438
0.089147327
0.089926213
0.090624598
0.091235916
0.091753514
0.092170719
0.092471408
0.092664859
0.09273938
0.09268766
0.092502224
0.092173703
0.09169793
0.091068928
0.090281215
0.08932995
0.08821111
0.086921684
0.085459893
0.083825422
0.082019655
0.080045904
0.077909616
0.07561853
0.073182786
0.070614963
0.067930034
0.065145218
0.062279596
0.059353451
0.056386713
0.053436949
0.050474092
0.047517825
0.044605068
0.041753748
0.038979628
0.036296122
0.033714251
0.03124266
0.028887723
0.026653655
0.024541818
0.084836303
0.08592558
0.08696648
0.087953058
0.088879338
0.089739151
0.090526155
0.091233857
0.091855636
0.092384779
0.092814525
0.093128148
0.093335166
0.093424408
0.093387459
0.09321793
0.092905126
0.092445051
0.091831515
0.09105879
0.090121765
0.089016116
0.087738508
0.08628682
0.084660382
0.082860222
0.08088931
0.078752774
0.07645808
0.074015156
0.071436441
0.068736833
0.065933536
0.063045734
0.060094182
0.057101489
0.054097622
0.051123396
0.04813514
0.045187758
0.042301365
0.039492295
0.036774376
0.034158975
0.031655022
0.029269105
0.027005603
0.024865955
0.085367962
0.086458274
0.087501364
0.088491481
0.089422613
0.090288538
0.091082862
0.091799038
0.092430392
0.092970149
0.093411471
0.093737086
0.093956634
0.094059613
0.094036481
0.093881855
0.093583841
0.093138567
0.092539655
0.091781154
0.090857699
0.089764685
0.088498473
0.087056618
0.085438114
0.08364365
0.081675865
0.079539577
0.077241988
0.074792814
0.072204348
0.069491421
0.066671239
0.06376308
0.060787894
0.057768058
0.054726136
0.051723317
0.048714242
0.045733966
0.042814664
0.03997282
0.037222628
0.03457578
0.032041471
0.0296265
0.0273354
0.025169681
0.082374714
0.083568206
0.084732357
0.085862919
0.086953422
0.087998139
0.088991211
0.089926563
0.090797918
0.091598831
0.092322704
0.092962809
0.093512314
0.093964309
0.094301027
0.094532112
0.094647887
0.09463766
0.094496933
0.094212827
0.09378146
0.093196329
0.092451276
0.0915407
0.090459732
0.08920445
0.087772102
0.086161366
0.084372606
0.082408145
0.080272507
0.07797263
0.075518023
0.072920836
0.070195832
0.06736023
0.064433409
0.06143647
0.058391592
0.055319153
0.052278602
0.049254749
0.046244828
0.043294816
0.040422304
0.037641906
0.034965623
0.032402899
0.029960731
0.027643804
0.025453685
0.082842609
0.084031955
0.08519378
0.08632272
0.08741303
0.088458919
0.089454439
0.090393449
0.091269621
0.092076458
0.092807311
0.093455402
0.094013845
0.09447567
0.094822658
0.095064352
0.095192007
0.095193844
0.095065958
0.094794981
0.094376615
0.093804426
0.093072045
0.092173644
0.091104113
0.08985926
0.08843605
0.086832858
0.085049745
0.083088731
0.080954055
0.078652404
0.076193083
0.073588099
0.070852146
0.068002459
0.065058524
0.062041661
0.058974523
0.055880696
0.052791711
0.049753446
0.046721995
0.043743084
0.040841902
0.038033289
0.035329512
0.032740239
0.03027266
0.027931617
0.025718693
0.083278045
0.084463053
0.085622021
0.086749204
0.087839042
0.08888573
0.08988326
0.090825434
0.091705872
0.092518026
0.093255201
0.093910567
0.094477191
0.094948061
0.095304552
0.095555976
0.095694607
0.095707836
0.095591647
0.09533301
0.094926803
0.094366737
0.093646255
0.092759325
0.091700606
0.09046566
0.089051182
0.087455267
0.085677687
0.083720176
0.081586702
0.079283709
0.076820302
0.074208348
0.07146247
0.068599913
0.065640267
0.062605036
0.059517122
0.056400115
0.053277539
0.050212726
0.047166646
0.044160686
0.041232793
0.038397891
0.035668489
0.03305446
0.030563177
0.028199672
0.025965462
0.083682516
0.084863071
0.086018935
0.0871442
0.088233335
0.089280512
0.090279677
0.091224579
0.092108789
0.092925711
0.0936686
0.09433058
0.094904675
0.095383854
0.095749165
0.096009501
0.096158271
0.09618211
0.09607668
0.095829548
0.095434682
0.094885941
0.0941766
0.093300437
0.092251902
0.091026324
0.089620149
0.088031209
0.086259004
0.084304997
0.082172899
0.079868921
0.077401976
0.074783792
0.07202892
0.06915461
0.066180538
0.063128379
0.060021225
0.056882647
0.053734121
0.050635605
0.047578604
0.044548817
0.041596184
0.038736847
0.035983623
0.033346553
0.030833165
0.028448788
0.026194752
0.084057587
0.085233632
0.08638626
0.087509471
0.088597711
0.089645121
0.090645599
0.091592847
0.092480387
0.093301577
0.094049623
0.0947176
0.095298487
0.095785271
0.096158857
0.096427338
0.096585422
0.096619081
0.096523572
0.096287117
0.095902798
0.095364606
0.094665663
0.093799574
0.092760594
0.091543838
0.09014552
0.088563225
0.0867962
0.084845652
0.08271505
0.080410382
0.077940376
0.075316624
0.072553605
0.069668567
0.066681265
0.063613536
0.060488726
0.057330987
0.054165058
0.051024682
0.047954495
0.04490913
0.041933322
0.039051309
0.036276
0.033617526
0.031083422
0.02867956
0.026407088
0.084404773
0.085576308
0.086725637
0.087846696
0.088933893
0.089981325
0.090982843
0.091932103
0.09282258
0.093647585
0.094400275
0.095073666
0.095660684
0.096154347
0.096535922
0.096811792
0.096978375
0.097021071
0.096934698
0.096708119
0.096333579
0.095805183
0.095115915
0.094259221
0.093229174
0.092020693
0.090629775
0.089053777
0.087291708
0.085344537
0.083215502
0.080910383
0.078437729
0.075809002
0.073038607
0.070143786
0.067144366
0.064062333
0.060921276
0.057745726
0.054560653
0.051391324
0.048298735
0.045242566
0.042245381
0.039342419
0.036546704
0.033868378
0.084725533
0.085892609
0.087038626
0.088157476
0.089243521
0.090290805
0.091293134
0.092244116
0.09313718
0.09396559
0.094722451
0.095400714
0.0959932
0.096492833
0.096882686
0.097165057
0.097339312
0.09739028
0.097312306
0.097094833
0.096729331
0.096210007
0.095529715
0.094681751
0.093660027
0.092459275
0.091075297
0.089505235
0.087747877
0.085803971
0.083676536
0.081371157
0.078896213
0.07626304
0.073485971
0.070582239
0.067571732
0.064476574
0.061320572
0.058128535
0.054925465
0.051734247
0.048613219
0.045549617
0.042533538
0.039611318
0.036796771
0.085021271
0.086183979
0.087326711
0.088443335
0.089528156
0.090575163
0.091578111
0.092530561
0.093425901
0.094257347
0.095017951
0.095700588
0.096297903
0.09680199
0.097201711
0.09748919
0.097670281
0.09772879
0.097658515
0.097449417
0.097092246
0.096581296
0.095909303
0.095069427
0.094055428
0.092861871
0.091484372
0.089919878
0.088166971
0.086226191
0.084100358
0.081794868
0.079317943
0.076680798
0.073897694
0.070985853
0.067965218
0.064858037
0.061688313
0.058481128
0.055261941
0.052056362
0.048898705
0.045829396
0.042799194
0.039859136
0.037027026
0.085293332
0.0864518
0.087591306
0.088705723
0.089789284
0.090835917
0.091839325
0.092793027
0.093690366
0.094524515
0.095288474
0.09597505
0.096576782
0.097085667
0.097492822
0.097785823
0.097973172
0.098038557
0.09797533
0.097773911
0.097424395
0.096921153
0.096256809
0.0954244
0.094417547
0.093230658
0.091859183
0.090299886
0.088551159
0.086613351
0.084489093
0.082183607
0.079704967
0.077064273
0.074275717
0.071356507
0.068326633
0.065208456
0.062026154
0.058805038
0.055570847
0.052349289
0.04916665
0.04608354
0.04304363
0.040086981
0.037238692
0.085542995
0.086697387
0.087833759
0.08894602
0.090028315
0.091074506
0.092078247
0.093033013
0.093932108
0.094768662
0.095535628
0.096225757
0.096831538
0.097345054
0.097758327
0.098056667
0.098249773
0.098321434
0.098264639
0.098070244
0.09772774
0.097231569
0.096574252
0.095748713
0.094748444
0.093567714
0.092201814
0.090647344
0.088902521
0.086967515
0.084844784
0.082539389
0.080059262
0.077415397
0.074621919
0.071696022
0.068657735
0.065529522
0.062335713
0.059101815
0.05585373
0.052616924
0.049414926
0.04631442
0.043267683
0.040295786
0.037432705
0.085771457
0.086921979
0.088055349
0.08916554
0.090246591
0.091292298
0.092296269
0.093251938
0.094152572
0.094991263
0.095760923
0.096454259
0.097063738
0.097581553
0.09800008
0.098303389
0.098501776
0.098579161
0.098528223
0.09834023
0.09800413
0.097514425
0.096863541
0.0960443
0.095050076
0.093875009
0.092514248
0.090964241
0.089223043
0.087290661
0.085169392
0.082864147
0.08038273
0.077736031
0.074938114
0.072006158
0.068960226
0.065822872
0.062618565
0.059372987
0.056112196
0.052861642
0.049644288
0.046522911
0.043472046
0.040486501
0.037609974
0.085979823
0.087126736
0.088257295
0.089365533
0.090445384
0.091490586
0.092494706
0.093451141
0.094353124
0.095193712
0.095965781
0.096662007
0.097274849
0.097796586
0.098219718
0.098527577
0.098730783
0.098813376
0.098767757
0.098585583
0.09825531
0.097771497
0.097126482
0.096312992
0.095324295
0.094154414
0.092798369
0.091252466
0.089514615
0.087584672
0.085464787
0.083159733
0.080677192
0.078027962
0.075226049
0.072288611
0.069235747
0.066090088
0.062876233
0.059620026
0.056347726
0.053085133
0.049857827
0.046708547
0.043656978
0.040660125
0.037771421
0.086169119
0.087312747
0.088440761
0.08954719
0.090625903
0.091670597
0.092674801
0.093631886
0.094535049
0.095377319
0.096151539
0.096850362
0.097466248
0.09799153
0.098418738
0.098730722
0.098938306
0.09902562
0.098984817
0.098807915
0.098482927
0.098004461
0.097364778
0.096556519
0.095572855
0.094407702
0.093055963
0.091513815
0.089779037
0.087851346
0.085732757
0.083427917
0.080944396
0.078292906
0.075487397
0.072545012
0.069485876
0.066332693
0.063110178
0.059844335
0.05656163
0.053288225
0.050050507
0.046880005
0.043822329
0.040817892
0.037917966
0.080592661
0.081731966
0.082881665
0.084036516
0.085190845
0.086340454
0.087481151
0.088606878
0.089711647
0.090789296
0.091833489
0.092837732
0.093795364
0.094699559
0.095543316
0.096319454
0.097020604
0.09763923
0.098167697
0.098598526
0.098914229
0.099125768
0.099217345
0.099180888
0.099008744
0.098688528
0.098214896
0.097580037
0.096776514
0.095797413
0.09463655
0.093288722
0.091749994
0.090018019
0.088092392
0.085975004
0.083670386
0.081186008
0.0785325
0.075723762
0.072776923
0.069712128
0.066552149
0.063321806
0.060047248
0.056755137
0.053471875
0.050223709
0.047036947
0.043970715
0.04096063
0.038050473
0.080770438
0.081903165
0.083047347
0.084197458
0.085348194
0.086494948
0.087633057
0.088756731
0.089859989
0.09093665
0.091980362
0.092984606
0.093942701
0.094847795
0.095692865
0.096470705
0.097173934
0.097795014
0.098326329
0.098760375
0.099079413
0.099294507
0.099389917
0.099357363
0.099189495
0.098873571
0.098404289
0.097773774
0.09697452
0.095999532
0.094842542
0.09349825
0.091962614
0.090233181
0.088309432
0.086193145
0.083888748
0.081403616
0.078748309
0.075936678
0.072985837
0.069915953
0.066749856
0.063512461
0.060230048
0.056929436
0.053637171
0.050379136
0.047179341
0.044103698
0.041089228
0.038169764
0.080930529
0.082057358
0.083196497
0.084342297
0.085489665
0.086633728
0.087769526
0.088891356
0.089993244
0.091068999
0.092112252
0.093116472
0.094074955
0.094980832
0.095827055
0.096606402
0.097311479
0.097934746
0.098468596
0.098905495
0.099227508
0.099445779
0.099544618
0.099515555
0.09935151
0.099039427
0.098574039
0.097947416
0.097151988
0.09618069
0.095027176
0.093686058
0.092153204
0.09042606
0.088504004
0.086388717
0.084084529
0.081598733
0.078941822
0.076127604
0.07317318
0.070098735
0.066927152
0.063683429
0.060393964
0.057085705
0.053785281
0.050518258
0.047307585
0.044222353
0.041204523
0.038276618
0.081073899
0.082195461
0.083330046
0.084471977
0.085616252
0.086757835
0.087891559
0.089011737
0.090112388
0.091187316
0.092230141
0.093234316
0.094193126
0.09509968
0.095946914
0.096727588
0.097434299
0.098059505
0.098595599
0.099035019
0.099359671
0.099580765
0.099682655
0.099656694
0.099496051
0.099187385
0.098725463
0.098102306
0.097310286
0.096342277
0.095191862
0.093853578
0.092323207
0.090598107
0.088677567
0.086563176
0.084259179
0.081772795
0.079114456
0.076297932
0.073340311
0.070261795
0.067085313
0.06383594
0.060540176
0.057225081
0.053917352
0.050642346
0.047422398
0.044327527
0.041307257
0.038371769
0.081201574
0.08231845
0.083448956
0.084587434
0.085728909
0.086868235
0.088000102
0.089118802
0.090218347
0.091292526
0.092334953
0.093339071
0.094298153
0.095205291
0.096053405
0.096835243
0.097543391
0.098170304
0.098708372
0.099150009
0.099476988
0.099700575
0.099805158
0.099781937
0.099624301
0.099318657
0.0988598
0.098239708
0.097450703
0.096485605
0.095337933
0.094002157
0.092473985
0.090750696
0.088831499
0.086717901
0.084414072
0.081927164
0.079267556
0.076448984
0.073488522
0.07040639
0.067225556
0.063971164
0.060669808
0.057348649
0.054034465
0.050752529
0.047524715
0.044419925
0.04139808
0.038455912
0.081314564
0.08242727
0.083554153
0.084689566
0.085828531
0.086965828
0.088096041
0.089213432
0.090311992
0.091385499
0.09242756
0.093431614
0.09439092
0.095298559
0.096147437
0.096930288
0.097639689
0.098268095
0.098807889
0.099251462
0.099580477
0.099806248
0.099913193
0.099892368
0.099737375
0.09943438
0.098978212
0.098360809
0.09757445
0.096611906
0.095466642
0.094133067
0.092606825
0.090885124
0.088967102
0.086854197
0.084550509
0.082063133
0.0794024
0.076582014
0.073619042
0.070533713
0.067349038
0.064090215
0.060783928
0.057457435
0.05413762
0.050849827
0.047615685
0.044500096
0.04147755
0.038529716
0.08141381
0.082522817
0.083646508
0.084779222
0.085915966
0.08705146
0.088180215
0.089296455
0.090394149
0.091467058
0.092508787
0.093512771
0.094472262
0.095380327
0.09622986
0.097013585
0.097724072
0.098353771
0.098895061
0.099340311
0.099671093
0.099898759
0.10000776
0.099989018
0.099836317
0.099535625
0.099081793
0.098466726
0.097682667
0.096722343
0.095579171
0.094247507
0.092722939
0.091002615
0.089085609
0.086973296
0.084669721
0.082181924
0.079520195
0.076698213
0.073733033
0.070644899
0.067456858
0.06419415
0.060883549
0.057552406
0.054227738
0.050935139
0.047696735
0.044568365
0.041546129
0.038593847
0.081500151
0.082605932
0.083726846
0.08485721
0.085992011
0.087125928
0.088253413
0.089368654
0.090465596
0.091537979
0.092579407
0.09358332
0.094542959
0.095451383
0.096301474
0.097085946
0.097797364
0.098428172
0.098970744
0.099417432
0.099749731
0.099979025
0.10008979
0.10007284
0.099922109
0.099623394
0.09917157
0.09855851
0.097776426
0.096818007
0.09567663
0.094346606
0.092823471
0.091104322
0.08918818
0.087076365
0.084772872
0.082284694
0.079622088
0.076798707
0.073831602
0.070741024
0.067550046
0.064283973
0.060969634
0.057634473
0.054305654
0.051009174
0.04776976
0.044624683
0.041604206
0.038649005
0.081574296
0.082677415
0.083795949
0.084924293
0.08605742
0.087189978
0.088316375
0.089430765
0.090527063
0.091598987
0.092640146
0.093643987
0.094603745
0.095512468
0.096363028
0.097148131
0.097860335
0.098492082
0.099035739
0.099483644
0.099817228
0.1000479
0.10016016
0.10014473
0.099995668
0.09969863
0.099248504
0.098637145
0.097856733
0.096899926
0.095760066
0.094431425
0.092909498
0.091191336
0.089275913
0.087164505
0.084861062
0.08237254
0.079709163
0.076884569
0.073915798
0.070823111
0.067629593
0.064360642
0.061043097
0.057704501
0.054372145
0.051072304
0.04783027
0.044674667
0.041653131
0.038695872
0.081637179
0.082738039
0.083854554
0.08498119
0.086112901
0.08724431
0.088369793
0.089483473
0.090579235
0.091650761
0.09269168
0.093695451
0.094655303
0.095564271
0.096415218
0.097200844
0.097913702
0.098546231
0.099090791
0.09953971
0.099874364
0.10010619
0.10021969
0.10020553
0.10005785
0.09976221
0.099313499
0.098703554
0.097924531
0.096969064
0.095830462
0.094502966
0.092982035
0.091264684
0.089349846
0.087238758
0.084935335
0.082446502
0.079782455
0.076956816
0.073986622
0.070892142
0.067696485
0.064425074
0.061104817
0.057763321
0.054427975
0.051125197
0.047880187
0.044717523
0.041693896
0.038735027
0.081693729
0.082792529
0.08390722
0.085032327
0.086162773
0.08729316
0.088417838
0.089530898
0.09062619
0.091697351
0.092738041
0.093741739
0.094701667
0.095610847
0.096462133
0.097248218
0.097961651
0.098594867
0.099140221
0.099590031
0.099925626
0.10015846
0.10027306
0.10026001
0.10011356
0.099819137
0.099371667
0.098762962
0.097985158
0.097030862
0.09589336
0.094566862
0.093046796
0.091330142
0.0894158
0.087304974
0.085001544
0.082512407
0.079847739
0.077021144
0.074049657
0.070953553
0.06775597
0.064482353
0.061159663
0.057815569
0.054477538
0.05117204
0.047924008
0.044755987
0.041729863
0.038769572
0.081742305
0.082839297
0.083952406
0.08507621
0.086205587
0.087335117
0.088459131
0.08957169
0.090666603
0.091737434
0.092777906
0.093781533
0.094741518
0.095650871
0.096502437
0.097288902
0.09800281
0.098636595
0.099182609
0.099633158
0.099969531
0.1002032
0.10031871
0.10030659
0.10016114
0.099867732
0.099421285
0.098813602
0.098036799
0.097083464
0.095946861
0.094621173
0.093101803
0.091385703
0.089471745
0.087361101
0.085057627
0.082568194
0.07990296
0.077075519
0.074102899
0.071005381
0.067806141
0.064530627
0.061205854
0.057859539
0.0545192
0.05121131
0.047960522
0.044788463
0.041759866
0.038798369
0.081779386
0.082874951
0.083986827
0.08510965
0.086238233
0.087367135
0.088490682
0.089602904
0.090697562
0.091768114
0.092808398
0.09381196
0.094771983
0.09568146
0.096533227
0.097319967
0.09803422
0.098668418
0.09921491
0.099665996
0.10000293
0.10023721
0.10035337
0.10034192
0.10019719
0.099904518
0.099458804
0.098851853
0.098075765
0.097123114
0.095987144
0.094662024
0.093143135
0.091427408
0.089513693
0.087403142
0.08509959
0.082609891
0.07994419
0.077116071
0.074142562
0.07104396
0.067843438
0.064566474
0.061240116
0.057892116
0.054550022
0.051240281
0.047987342
0.044812446
0.04178178
0.038819367
0.081804883
0.082899408
0.084010409
0.085132577
0.086260643
0.087389151
0.088512428
0.089624484
0.090719014
0.091789327
0.092829458
0.093832971
0.094793014
0.095702568
0.096554463
0.097341375
0.098055844
0.0986903
0.099237092
0.099688513
0.1000258
0.10026046
0.10037702
0.10036598
0.1002217
0.099929477
0.09948421
0.098877704
0.098102048
0.097149804
0.096014207
0.094689413
0.093170791
0.091455257
0.089541647
0.087431102
0.08512744
0.082637508
0.079971441
0.077142819
0.074168673
0.071069298
0.067867879
0.064589914
0.06126247
0.057913322
0.054570033
0.051259021
0.048004599
0.044827848
0.04179564
0.038832612
0.081818703
0.0829126
0.084023132
0.085144978
0.086272809
0.087401155
0.088524361
0.089636432
0.090730946
0.091801045
0.092841087
0.093844575
0.094804627
0.095714214
0.096566161
0.097353144
0.098067701
0.098702262
0.099249175
0.099700733
0.10003815
0.10027296
0.10038968
0.10037879
0.10023468
0.099942628
0.099497521
0.09889117
0.098115657
0.097163541
0.096028051
0.094703336
0.09318476
0.091469232
0.089555583
0.087444946
0.085141135
0.082650992
0.079984649
0.077155686
0.074181134
0.071081293
0.067879355
0.064600826
0.061272786
0.057923022
0.054579101
0.051267418
0.048012208
0.044834481
0.041801327
0.03883796
)
;

boundaryField
{
    inletLow
    {
        type            fixedValue;
        value           nonuniform List<scalar> 0();
    }
    inletJet
    {
        type            fixedValue;
        value           nonuniform List<scalar> 0();
    }
    inletHigh
    {
        type            fixedValue;
        value           nonuniform List<scalar> 0();
    }
    outlet
    {
        type            inletOutlet;
        inletValue      nonuniform List<scalar> 0();
        value           nonuniform List<scalar> 0();
    }
    upperWall
    {
        type            inletOutlet;
        inletValue      nonuniform List<scalar> 0();
        value           nonuniform List<scalar> 0();
    }
    lowerWall
    {
        type            inletOutlet;
        inletValue      uniform 0;
        value           nonuniform List<scalar> 
53
(
0.041763441
0.042062588
0.042293306
0.042453579
0.042541535
0.042555835
0.042496666
0.042361147
0.042149272
0.041861228
0.041497393
0.041058604
0.040546172
0.039961889
0.039308031
0.038587347
0.037803038
0.036958736
0.036058461
0.035106586
0.034107789
0.033081025
0.032010383
0.03090262
0.029769727
0.028617296
0.027450936
0.026276202
0.025098524
0.02392315
0.022755088
0.021599064
0.020459482
0.019340396
0.018245488
0.017178048
0.016140968
0.015136742
0.014167463
0.013234839
0.012340198
0.011484515
0.010668421
0.0098922374
0.0091559911
0.008459446
0.0078021282
0.0071833516
0.0066022409
0.0060577448
0.0055486352
0.0050737711
0.0046318168
)
;
    }
    frontAndBack
    {
        type            empty;
    }
    procBoundary6to2
    {
        type            processor;
        value           nonuniform List<scalar> 
44
(
0.090731306
0.091801021
0.092841165
0.093844705
0.094804797
0.095714424
0.096566411
0.097353435
0.098068033
0.098702638
0.099249598
0.099701191
0.10003867
0.10027352
0.10039028
0.10037945
0.10023539
0.09994339
0.099498342
0.098892049
0.098116596
0.097164541
0.096029112
0.094704458
0.093185941
0.09147047
0.089556875
0.087446286
0.085142517
0.082652409
0.079986091
0.077157142
0.074182594
0.071082745
0.067880787
0.064602228
0.061274148
0.057924335
0.054580354
0.051268588
0.048013245
0.044835324
0.041801879
0.038839388
)
;
    }
    procBoundary6to3
    {
        type            processor;
        value           nonuniform List<scalar> 8(0.081817646 0.082912223 0.08402285 0.085144718 0.08627258 0.087400978 0.08852434 0.089637217);
    }
    procBoundary6to5
    {
        type            processor;
        value           nonuniform List<scalar> 
74
(
0.0042220266
0.0042810844
0.004392022
0.0045485564
0.0047452579
0.0049773431
0.005240536
0.0055309831
0.0074323866
0.0058453064
0.0067828041
0.0074323866
0.0078554487
0.008294928
0.0087475078
0.0092098387
0.0096787231
0.010151154
0.010624377
0.011095945
0.012650834
0.012650834
0.013153929
0.013647861
0.014130867
0.015946506
0.015946506
0.016443341
0.016923691
0.017386616
0.019438811
0.019438811
0.019901301
0.020342957
0.02076346
0.021162791
0.021541101
0.02189867
0.022235883
0.022553212
0.022851195
0.023130429
0.023391557
0.023635268
0.02386231
0.02407351
0.031315063
0.028893427
0.024269654
0.026605872
0.031315063
0.034099314
0.034099314
0.034313
0.034509403
0.034689358
0.034853726
0.035003378
0.035139164
0.035261898
0.035372356
0.035471274
0.035559357
0.035637275
0.035705673
0.035765171
0.035816367
0.03585983
0.035896096
0.035928026
0.035954504
0.035973666
0.035985604
0.035990396
)
;
    }
    procBoundary6to7
    {
        type            processor;
        value           nonuniform List<scalar> 
73
(
0.04139852
0.041771762
0.04245778
0.043403657
0.044562773
0.045893996
0.047361015
0.048931818
0.050578241
0.052275587
0.054002318
0.055739874
0.057472428
0.05918663
0.060871385
0.06251764
0.064118165
0.065667335
0.067160933
0.06859596
0.069970456
0.07128334
0.072534267
0.07372349
0.074851759
0.075920205
0.076930265
0.077883602
0.078782051
0.079627565
0.080422178
0.081167966
0.081867027
0.082521454
0.083133315
0.083704647
0.081871476
0.08306988
0.084237605
0.084237605
0.081155822
0.08162991
0.082071384
0.082481838
0.082862823
0.083215819
0.083542251
0.083843498
0.084120891
0.084375712
0.084609178
0.084822456
0.080394409
0.081541281
0.082696994
0.08385704
0.085016747
0.085016747
0.079467347
0.079653143
0.079820249
0.079969656
0.080102487
0.080220102
0.08032379
0.080414942
0.080494922
0.080563504
0.080625529
0.080678942
0.080719713
0.080747655
0.080762682
)
;
    }
}


// ************************************************************************* //
