/*--------------------------------*- C++ -*----------------------------------*\
| =========                 |                                                 |
| \\      /  F ield         | OpenFOAM: The Open Source CFD Toolbox           |
|  \\    /   O peration     | Version:  2312                                  |
|   \\  /    A nd           | Website:  www.openfoam.com                      |
|    \\/     M anipulation  |                                                 |
\*---------------------------------------------------------------------------*/
FoamFile
{
    version     2.0;
    format      ascii;
    arch        "LSB;label=32;scalar=64";
    class       volScalarField;
    location    "0.07";
    object      CO2;
}
// * * * * * * * * * * * * * * * * * * * * * * * * * * * * * * * * * * * * * //

dimensions      [0 0 0 0 0 0 0];

internalField   nonuniform List<scalar> 
3224
(
0.0079043707
0.0076229749
0.0073473781
0.0070774933
0.0068132237
0.0065544682
0.0063011223
0.0060530781
0.0058102243
0.0055724467
0.0053396289
0.0051116522
0.0048883966
0.0046697405
0.0044555616
0.0042457368
0.0040401428
0.0038386559
0.0036411527
0.0034475101
0.0032576054
0.0030713166
0.0028885223
0.0027091023
0.0025329373
0.0023599095
0.0021899026
0.0020228021
0.0018584957
0.0016968739
0.0015378297
0.0013812599
0.0012270645
0.001075148
0.00092541886
0.00077779038
0.00063218065
0.00048851291
0.00034671591
0.00020672424
6.8478268e-05
0.0079037496
0.0076223545
0.0073467673
0.0070769005
0.0068126531
0.0065539218
0.0063006009
0.006052582
0.0058097533
0.0055720005
0.0053392071
0.0051112544
0.0048880221
0.0046693887
0.0044552319
0.0042454286
0.0040398554
0.0038383888
0.0036409052
0.0034472816
0.0032573952
0.0030711241
0.0028883468
0.0027089431
0.0025327938
0.0023597809
0.002189788
0.0020227008
0.0018584069
0.0016967966
0.0015377631
0.001381203
0.0012270166
0.0010751081
0.00092538612
0.00077776406
0.00063216008
0.00048849754
0.00034670529
0.00020671805
6.8476287e-05
0.0079022648
0.0076209029
0.0073453633
0.0070755503
0.006811359
0.0065526846
0.0062994204
0.0060514573
0.0058086835
0.0055709846
0.0053382437
0.0051103423
0.00488716
0.0046685753
0.0044544659
0.0042447088
0.0040391805
0.0038377576
0.0036403165
0.0034467342
0.0032568879
0.0030706555
0.0028879159
0.0027085486
0.0025324343
0.002359455
0.0021894944
0.0020224379
0.0018581732
0.0016965905
0.0015375829
0.001381047
0.0012268831
0.0010749954
0.00092529265
0.00077768824
0.00063210049
0.00048845292
0.00034667455
0.00020670027
6.8470647e-05
0.0078999119
0.0076186205
0.0073431683
0.0070734452
0.0068093443
0.0065507593
0.0062975832
0.0060497065
0.0058070173
0.0055694009
0.0053367407
0.0051089178
0.004885812
0.0046673019
0.0044532652
0.0042435787
0.0040381193
0.0038367634
0.0036393876
0.0034458687
0.0032560841
0.0030699117
0.0028872301
0.0027079191
0.0025318591
0.0023589323
0.002189022
0.0020220137
0.0018577949
0.0016962557
0.0015372893
0.001380792
0.0012266642
0.0010748101
0.0009251385
0.00077756294
0.00063200187
0.00048837903
0.00034662365
0.00020667084
6.8461303e-05
0.0081837806
0.0078966662
0.0076155085
0.0073401847
0.007070588
0.0068066113
0.0065481483
0.0062950917
0.0060473319
0.0058047567
0.0055672516
0.0053346997
0.0051069825
0.0048839797
0.0046655699
0.0044516308
0.0042420396
0.0040366729
0.0038354072
0.0036381192
0.0034446859
0.0032549845
0.003068893
0.00288629
0.0027070551
0.0025310688
0.002358213
0.0021883711
0.0020214284
0.0018572721
0.0016957924
0.0015368822
0.001380438
0.0012263598
0.0010745521
0.00092492367
0.00077738814
0.00063186418
0.00048827579
0.0003465525
0.00020662967
6.84482e-05
0.0081796655
0.0078927843
0.0076117957
0.0073366303
0.0070671866
0.0068033591
0.0065450418
0.0062921273
0.0060445062
0.0058020662
0.0055646929
0.0053322695
0.0051046774
0.0048817965
0.0046635054
0.004449682
0.0042402034
0.0040349465
0.0038337877
0.003636604
0.0034432721
0.0032536694
0.0030676739
0.0028851642
0.0027060197
0.002530121
0.0023573498
0.0021875893
0.0020207247
0.0018566431
0.0016952345
0.0015363916
0.0013800109
0.0012259923
0.0010742404
0.00092466383
0.00077717656
0.00063169741
0.00048815068
0.0003464662
0.00020657966
6.8432231e-05
0.0081750776
0.007888402
0.0076076047
0.0073326206
0.0070633511
0.0067996926
0.0065415397
0.0062887854
0.0060413204
0.0057990325
0.0055618074
0.0053295284
0.0051020769
0.004879333
0.0046611754
0.0044474819
0.00423813
0.0040329965
0.003831958
0.0036348914
0.0034416736
0.003252182
0.0030662946
0.0028838899
0.0027048473
0.0025290473
0.0023563714
0.0021867028
0.0020199264
0.0018559291
0.0016946008
0.0015358342
0.0013795253
0.0012255743
0.0010738855
0.00092436791
0.00077693547
0.00063150729
0.00048800795
0.00034636767
0.00020652249
6.8413905e-05
0.0081696299
0.0078831772
0.007602608
0.0073278412
0.0070587805
0.0067953238
0.0065373671
0.0062848037
0.0060375244
0.0057954175
0.0055583686
0.0053262611
0.0050989768
0.0048763957
0.0046583967
0.0044448578
0.0042356564
0.0040306696
0.0038297741
0.0036328468
0.0034397648
0.0032504054
0.0030646466
0.0028823669
0.0027034457
0.0025277632
0.002355201
0.0021856418
0.0020189705
0.001855074
0.0016938416
0.0015351659
0.0013789429
0.0012250727
0.0010734595
0.00092401256
0.00077664583
0.00063127877
0.00048783631
0.00034624909
0.0002064536
6.8391747e-05
0.0084553675
0.0081632203
0.0078770466
0.0075967459
0.0073222351
0.0070534198
0.0067902003
0.0065324737
0.006280134
0.0060330724
0.0057911773
0.0055543347
0.0053224281
0.0050953394
0.0048729489
0.0046551355
0.0044417775
0.0042327524
0.0040279374
0.0038272093
0.0036304452
0.0034375221
0.0032483176
0.0030627095
0.0028805763
0.0027017974
0.0025262527
0.0023538238
0.0021843931
0.0020178453
0.0018540669
0.0016929471
0.0015343784
0.0013782564
0.0012244812
0.0010729571
0.00092359323
0.00077630393
0.00063100892
0.00048763354
0.00034610891
0.00020637207
6.8365461e-05
0.0084475524
0.0081557891
0.0078699449
0.0075899557
0.0073157414
0.0070472108
0.0067842662
0.0065268061
0.0062747254
0.0060279156
0.0057862657
0.0055496616
0.0053179873
0.0050911249
0.0048689547
0.004651356
0.0044382072
0.0042293859
0.0040247696
0.0038242352
0.0036276598
0.0034349207
0.0032458954
0.0030604617
0.0028784982
0.0026998839
0.002524499
0.0023522244
0.0021829426
0.0020165379
0.0018528965
0.0016919074
0.0015334627
0.001377458
0.0012237931
0.0010723724
0.00092310516
0.00077590587
0.00063069465
0.00048739731
0.00034594553
0.00020627697
6.8334751e-05
0.0087358183
0.008438622
0.0081472704
0.0078618035
0.0075821706
0.0073082959
0.0070400915
0.0067774621
0.0065203075
0.0062685235
0.0060220023
0.005780633
0.0055443022
0.0053128939
0.0050862905
0.0048643727
0.0046470198
0.0044341106
0.0042255228
0.004021134
0.0038208214
0.0036244623
0.003431934
0.003243114
0.0030578802
0.0028761112
0.0026976858
0.0025224839
0.0023503864
0.0021812755
0.0020150349
0.0018515508
0.0016907117
0.0015324094
0.0013765394
0.0012230013
0.0010716995
0.00092254329
0.00077544754
0.00063033272
0.00048712519
0.00034575727
0.00020616735
6.8299318e-05
0.0087252415
0.0084284933
0.0081375921
0.0078525497
0.0075733196
0.0072998301
0.0070319963
0.0067697251
0.0065129177
0.0062614709
0.0060152774
0.005774227
0.0055382065
0.0053071004
0.0050807913
0.00485916
0.0046420864
0.0044294492
0.0042211267
0.0040169964
0.003816936
0.0036208226
0.0034285338
0.0032399472
0.0030549407
0.0028733927
0.0026951821
0.0025201885
0.0023482924
0.0021793758
0.0020133221
0.001850017
0.0016893486
0.0015312086
0.001375492
0.0012220983
0.0010709319
0.00092190229
0.00077492458
0.00062991971
0.00048681463
0.00034554239
0.00020604219
6.8258853e-05
0.0090154209
0.0087133313
0.0084170812
0.0081266751
0.007842106
0.0075633278
0.0072902718
0.0070228556
0.0067609884
0.0065045727
0.0062535063
0.0060076826
0.0057669919
0.0055313215
0.0053005562
0.005074579
0.0048532711
0.0046365125
0.0044241823
0.004216159
0.0040123205
0.0038125445
0.0036167085
0.0034246901
0.003236367
0.0030516171
0.0028703187
0.0026923507
0.0025175922
0.0023459238
0.0021772267
0.0020113842
0.0018482814
0.0016878061
0.0015298495
0.0013743063
0.001221076
0.0010700629
0.00092117651
0.00077433242
0.00062945202
0.00048646294
0.00034529905
0.00020590046
6.8213032e-05
0.009001532
0.0086999937
0.0084042959
0.0081144345
0.0078303901
0.0075521154
0.0072795439
0.0070125955
0.0067511811
0.0064952046
0.0062445648
0.0059991558
0.0057588685
0.0055235908
0.0052932077
0.0050676028
0.0048466575
0.0046302522
0.0044182664
0.0042105788
0.0040070676
0.0038076108
0.003612086
0.003420371
0.0032323436
0.0030478818
0.0028668637
0.0026891679
0.0025146736
0.0023432608
0.0021748104
0.0020092051
0.0018463296
0.0016860713
0.0015283208
0.0013729726
0.001219926
0.0010690852
0.00092035996
0.00077366619
0.00062892586
0.00048606732
0.00034502535
0.00020574108
6.8161517e-05
0.0092928112
0.0089860539
0.0086851297
0.0083900422
0.0081007794
0.0078173141
0.0075395978
0.0072675651
0.0070011377
0.0067402281
0.0064847415
0.0062345775
0.0059896312
0.0057497941
0.0055149544
0.0052849979
0.0050598084
0.0048392677
0.0046232568
0.0044116554
0.0042043425
0.0040011967
0.0038020961
0.0036069188
0.0034155427
0.0032278455
0.0030437054
0.0028630004
0.0026856089
0.0025114097
0.0023402825
0.0021721077
0.0020067676
0.0018441463
0.0016841305
0.0015266105
0.0013714804
0.0012186392
0.0010679912
0.00091944629
0.00077292076
0.00062833722
0.00048562482
0.0003447193
0.00020556292
6.8103963e-05
0.009274952
0.0089688794
0.0086686347
0.0083742185
0.0080856127
0.0078027848
0.0075256851
0.0072542489
0.0069883992
0.0067280498
0.006473107
0.0062234715
0.0059790391
0.005739702
0.005505349
0.0052758664
0.0050511383
0.0048310473
0.0046154746
0.0044043003
0.0041974038
0.0039946641
0.0037959596
0.0036011686
0.0034101691
0.0032228391
0.0030390567
0.0028586999
0.0026816468
0.002507776
0.0023369665
0.0021690985
0.0020040535
0.001841715
0.0016819692
0.0015247058
0.0013698185
0.0012172062
0.0010667728
0.00091842879
0.00077209073
0.00062768193
0.00048513241
0.00034437891
0.00020536489
6.8040028e-05
0.0095663137
0.0092552079
0.0089498937
0.0086503973
0.0083567172
0.0080688312
0.0077867031
0.0075102821
0.0072395037
0.0069742919
0.0067145616
0.0064602202
0.0062111693
0.0059673055
0.0057285216
0.0054947071
0.0052657489
0.0050415316
0.0048219383
0.0046068506
0.0043961491
0.0041897136
0.0039874235
0.0037891575
0.0035947942
0.0034042119
0.0032172887
0.0030339026
0.0028539315
0.0026772534
0.0025037464
0.0023332892
0.0021657612
0.0020010433
0.0018390184
0.001679572
0.0015225931
0.0013679752
0.0012156166
0.0010654215
0.00091730038
0.00077117045
0.00062695569
0.00048458701
0.00034400221
0.00020514593
6.7969405e-05
0.0095437192
0.009233461
0.0089289757
0.0086302989
0.008337424
0.0080503254
0.007768964
0.0074932879
0.0072232325
0.0069587227
0.0066996742
0.0064459955
0.0061975888
0.0059543518
0.0057161779
0.0054829573
0.0052545774
0.0050309235
0.0048118791
0.0045973264
0.0043871465
0.0041812197
0.0039794256
0.0037816436
0.0035877524
0.0033976306
0.0032111564
0.0030282078
0.0028486627
0.0026723986
0.0024992935
0.0023292253
0.0021620729
0.0019977164
0.001836038
0.0016769224
0.0015202581
0.0013659378
0.0012138597
0.0010639281
0.00091605361
0.00077015404
0.00062615412
0.00048398566
0.00034358743
0.00020490522
6.7891871e-05
0.0095189467
0.0092095781
0.0089059953
0.0086082134
0.0083162179
0.0080299791
0.007749456
0.0074745952
0.0072053324
0.0069415927
0.0066832928
0.0064303419
0.0061826432
0.005940095
0.0057025916
0.0054700239
0.0052422798
0.0050192454
0.0048008046
0.0045868403
0.0043772341
0.0041718667
0.0039706184
0.0037733688
0.003579997
0.0033903819
0.0032044018
0.0030219348
0.0028428586
0.0026670504
0.0024943877
0.002324748
0.0021580092
0.0019940509
0.0018327542
0.001674003
0.0015176852
0.0013636929
0.0012119241
0.001062283
0.00091468072
0.00076903551
0.00062527296
0.00048332569
0.00034313326
0.00020464235
6.7807395e-05
0.009491814
0.0091834088
0.0088808123
0.0085840071
0.0082929704
0.0080076694
0.0077280609
0.0074540908
0.0071856944
0.0069227974
0.0066653171
0.0064131633
0.0061662403
0.0059244471
0.0056876786
0.0054558266
0.0052287797
0.0050064244
0.0047886457
0.0045753267
0.0043663496
0.004161596
0.0039609463
0.0037642808
0.0035714791
0.00338242
0.0031969823
0.0030150439
0.0028364824
0.0026611748
0.002488998
0.0023198287
0.0021535444
0.0019900234
0.001829146
0.0016707953
0.0015148582
0.0013612265
0.0012097978
0.0010604764
0.00091317372
0.0007678089
0.00062430828
0.00048260514
0.00034263934
0.00020435782
6.7716349e-05
0.0097752531
0.0094621063
0.0091547931
0.0088532784
0.0085575384
0.008267546
0.007983266
0.0077046537
0.0074316545
0.0071642033
0.0069022261
0.0066456407
0.006394358
0.0061482826
0.0059073147
0.0056713498
0.0054402804
0.0052139959
0.0049923836
0.004775329
0.0045627159
0.0043544274
0.0041503452
0.0039503507
0.0037543245
0.0035621466
0.0033736963
0.0031888524
0.0030074929
0.0028294951
0.0026547357
0.0024830911
0.0023144373
0.0021486508
0.001985609
0.0018251912
0.0016672794
0.0015117598
0.0013585235
0.001207468
0.0010584976
0.00091152447
0.00076646854
0.00062325701
0.00048182349
0.00034210725
0.00020405401
6.7619943e-05
0.009741572
0.0094296753
0.0091235694
0.0088232378
0.0085286578
0.008239801
0.0079566311
0.0076791023
0.0074071593
0.0071407369
0.0068797616
0.0066241515
0.0063738181
0.0061286671
0.0058885993
0.005653511
0.0054232954
0.0051978429
0.0049770413
0.004760777
0.0045489345
0.0043413974
0.0041380484
0.0039387693
0.0037434412
0.0035519446
0.0033641592
0.003179964
0.0029992368
0.002821855
0.0026476948
0.0024766319
0.0023085416
0.0021432993
0.0019807815
0.0018208662
0.0016634345
0.0015083716
0.0013555681
0.0012049213
0.0010563359
0.00090972497
0.0007650095
0.00062211767
0.00048098293
0.00034154221
0.00020373698
6.7521164e-05
0.010342881
0.010021138
0.0097048867
0.0093943542
0.0090895692
0.0087905267
0.0084972077
0.0082095841
0.0079276193
0.0076512668
0.0073804708
0.0071151664
0.00685528
0.0066007304
0.0063514299
0.0061072847
0.0058681964
0.0056340623
0.0054047764
0.0051802297
0.0049603111
0.0047449075
0.0045339043
0.0043271859
0.0041246357
0.003926136
0.0037315687
0.0035408147
0.003353754
0.0031702659
0.0029902282
0.0028135181
0.0026400113
0.0024695829
0.0023021073
0.0021374589
0.0019755127
0.0018161459
0.0016592382
0.0015046741
0.0013523435
0.0012021438
0.0010539804
0.00090776769
0.00076342832
0.00062089177
0.00048009062
0.00034095655
0.00020342038
6.7426889e-05
0.010625844
0.010300016
0.0099797433
0.0096650207
0.0093559659
0.0090526161
0.0087549733
0.008463022
0.0081767355
0.0078960768
0.0076209994
0.0073514472
0.0070873553
0.0068286505
0.0065752521
0.0063270729
0.00608402
0.0058459958
0.0056128984
0.0053846227
0.0051610605
0.0049421016
0.0047276336
0.0045175429
0.0043117147
0.004110033
0.003912381
0.0037186411
0.0035286949
0.0033424227
0.003159704
0.0029804167
0.0028044376
0.0026316421
0.0024619045
0.0022950982
0.0021310964
0.001969773
0.0018110036
0.001654667
0.0015006466
0.0013488321
0.0011991211
0.0010514203
0.0009056461
0.00076172412
0.00061958593
0.00047916271
0.00034037606
0.00020313354
6.7352879e-05
0.010577695
0.010253528
0.0099348774
0.0096217834
0.009314321
0.0090125238
0.0087163965
0.008425926
0.0081410866
0.0078618416
0.0075881443
0.0073199386
0.0070571598
0.0067997349
0.0065475838
0.0063006199
0.0060587513
0.0058218809
0.0055899079
0.0053627279
0.0051402338
0.004922316
0.0047088634
0.004499763
0.0042949009
0.0040941619
0.0038974302
0.0037045888
0.0035155197
0.0033301039
0.0031482208
0.0029697487
0.0027945639
0.0026225413
0.0024535544
0.0022874756
0.0021241768
0.0019635305
0.001805411
0.0016496957
0.0014962674
0.0013450154
0.0011958384
0.001048645
0.0009033555
0.00075990028
0.0006182154
0.00047823113
0.00033985221
0.0002029387
6.7336339e-05
0.010525593
0.010203205
0.0098863132
0.0095749658
0.0092692174
0.0089690956
0.0086746056
0.0083857355
0.0081024599
0.0078247427
0.007552537
0.007285787
0.0070244279
0.0067683873
0.0065175856
0.0062719369
0.0060313499
0.0057957287
0.0055649731
0.0053389797
0.0051176423
0.0049008524
0.0046884996
0.0044804722
0.004276657
0.0040769398
0.0038812055
0.0036893379
0.0035012198
0.0033167324
0.0031357556
0.0029581675
0.0027838442
0.0026126602
0.0024444879
0.0022791986
0.0021166629
0.0019567517
0.0017993378
0.0016442977
0.0014915132
0.0013408741
0.0011922806
0.0010456451
0.00090089411
0.00075796687
0.00061680923
0.00047735477
0.00033948475
0.00020296876
6.7469575e-05
0.010469275
0.010148807
0.0098338149
0.0095243448
0.0092204401
0.0089221239
0.0086293998
0.0083422563
0.0080606684
0.0077845999
0.0075140042
0.0072488255
0.0069889994
0.0067344538
0.0064851098
0.0062408821
0.0060016804
0.0057674093
0.0055379698
0.0053132594
0.0050931729
0.0048776028
0.0046664398
0.004459573
0.0042568904
0.0040582788
0.0038636239
0.0036728104
0.0034857215
0.0033022393
0.0031222438
0.002945613
0.0027722229
0.0026019471
0.0024346574
0.0022702236
0.0021085148
0.0019494006
0.0017927521
0.0016384447
0.0014863598
0.0013363882
0.0011884329
0.0010424127
0.00089826438
0.00075594362
0.00061541734
0.00047663653
0.00033946203
0.00020350947
6.7996652e-05
0.010408474
0.010090079
0.009777135
0.0094696838
0.0091677623
0.0088713895
0.0085805676
0.0082952845
0.0080155153
0.0077412237
0.0074723635
0.0072088788
0.0069507057
0.0066977725
0.0064500009
0.0062073065
0.0059695995
0.0057367858
0.0055087671
0.0052854419
0.0050667062
0.0048524535
0.0046425755
0.0044369626
0.0042355036
0.0040380865
0.003844598
0.0036549236
0.0034689474
0.0032865517
0.0031076171
0.0029320215
0.0027596406
0.0025903474
0.0024240124
0.0022605043
0.0020996906
0.0019414392
0.0017856198
0.0016321066
0.0014807814
0.0013315367
0.0011842807
0.0010389418
0.00089547441
0.00075386308
0.00061411839
0.00047624538
0.00034012625
0.00020517533
6.9611716e-05
0.01034291
0.010026753
0.0097160145
0.0094107342
0.0091109447
0.0088166619
0.0085278863
0.0082446052
0.0079667934
0.0076944147
0.0074274227
0.007165762
0.0069093691
0.0066581727
0.0064120952
0.0061710528
0.0059349569
0.005703714
0.005477227
0.0052553955
0.0050381164
0.0048252844
0.0046167925
0.0044125321
0.0042123934
0.0040162652
0.0038240354
0.0036355904
0.0034508151
0.0032695925
0.0030918033
0.0029173256
0.0027460346
0.0025778027
0.0024124992
0.0022499915
0.0020901453
0.0019328269
0.0017779045
0.0016252517
0.0014747511
0.0013262985
0.0011798099
0.0010352292
0.00089253887
0.0007517726
0.00061302483
0.00047643477
0.00034205527
0.00020925733
7.4444802e-05
0.010272294
0.0099585472
0.0096501819
0.0093472348
0.0090497359
0.0087576986
0.0084711222
0.0081899929
0.0079142854
0.0076439631
0.0073789801
0.0071192811
0.0068648029
0.006615475
0.0063712203
0.0061319559
0.005897594
0.0056680421
0.0054432043
0.0052229811
0.0050072708
0.0047959692
0.0045889705
0.0043861672
0.0041874509
0.0039927117
0.0038018384
0.0036147186
0.0034312379
0.00325128
0.0030747259
0.0029014538
0.0027313384
0.0025642514
0.002400061
0.0022386329
0.0020798313
0.0019235205
0.0017695678
0.0016178463
0.0014682404
0.0013206514
0.0011750071
0.0010312745
0.00088947875
0.00074973249
0.00061227664
0.00047752902
0.00034608192
0.00021822711
8.9541935e-05
0.010196322
0.0098851685
0.0095793534
0.009278912
0.0089838721
0.0086942454
0.0084100298
0.0081312109
0.0078577628
0.0075896491
0.0073268239
0.0070692321
0.0068168111
0.0065694909
0.0063271952
0.006089842
0.0058573442
0.0056296106
0.0054065463
0.005188053
0.0049740301
0.0047643747
0.0045589825
0.0043577472
0.0041605617
0.0039673173
0.0037779042
0.0035922109
0.0034101241
0.003231528
0.0030563041
0.0028843304
0.0027154816
0.0025496282
0.0023866373
0.002226373
0.0020686977
0.0019134742
0.0017605686
0.0016098545
0.0014612194
0.0013145727
0.0011698594
0.0010270791
0.00088631898
0.00074780797
0.00061201332
0.00047982388
0.00035296467
0.00023534642
0.00013995863
0.010114678
0.00980631
0.0095032324
0.0092054794
0.008913077
0.0086260355
0.0083443518
0.0080680108
0.0077969864
0.007531242
0.0072707318
0.0070154012
0.0067651879
0.0065200227
0.00627983
0.0060445287
0.0058140327
0.0055882519
0.0053670924
0.0051504574
0.0049382475
0.0047303611
0.0045266952
0.0043271451
0.004131605
0.0039399676
0.0037521243
0.0035679649
0.003387377
0.0032102455
0.0030364523
0.0028658756
0.0026983895
0.0025338636
0.0023721639
0.0022131527
0.0020566907
0.0019026391
0.0017508633
0.0016012384
0.0014536564
0.0013080387
0.0011643535
0.001022645
0.00088308384
0.0007460552
0.00061232714
0.00048339252
0.00036226066
0.00025565245
0.00018099644
0.010027031
0.0097216518
0.0094215096
0.0091266379
0.0088370617
0.00855279
0.008273819
0.0080001331
0.0077317057
0.0074685003
0.0072104712
0.0069575643
0.0067097178
0.0064668631
0.0062289255
0.0059958248
0.005767476
0.0055437901
0.0053246744
0.0051100334
0.004899769
0.0046937813
0.0044919685
0.0042942276
0.004100454
0.0039105421
0.0037243846
0.0035418725
0.0033628945
0.0031873364
0.0030150804
0.0028460047
0.0026799831
0.0025168842
0.0023565727
0.0021989092
0.0020437527
0.001890963
0.0017404055
0.0015919574
0.001445518
0.0013010242
0.0011584751
0.0010179723
0.00087979136
0.00074450851
0.00061324064
0.0004881172
0.00037325087
0.00027681142
0.00021558191
0.0099330388
0.0096308606
0.0093338621
0.0090420755
0.0087555246
0.0084742177
0.0081981503
0.0079273062
0.0076616587
0.0074011714
0.0071457987
0.006895487
0.0066501751
0.0064097951
0.0061742732
0.00594353
0.0057174819
0.0054960409
0.0052791156
0.005066612
0.0048584333
0.0046544811
0.0044546553
0.0042588543
0.0040669752
0.003878914
0.0036945649
0.00351382
0.0033365693
0.0031626994
0.002992093
0.0028246284
0.0026601788
0.0024986122
0.0023397915
0.0021835759
0.0020298227
0.0018783906
0.0017291455
0.0015819683
0.001436768
0.0012935018
0.0011522072
0.0010130562
0.00087644801
0.00074317286
0.00061470765
0.00049375357
0.00038518875
0.00029759677
0.000245486
0.0098323425
0.0095335898
0.0092399542
0.0089514672
0.0086681515
0.0083900149
0.0081170521
0.0078492469
0.0075865722
0.0073289918
0.0070764604
0.0068289248
0.0065863244
0.0063485922
0.0061156551
0.0058874351
0.0056638495
0.0054448116
0.0052302314
0.0050200163
0.0048140711
0.0046122989
0.0044146013
0.0042208783
0.0040310289
0.0038449505
0.0036625389
0.0034836879
0.0033082883
0.0031362279
0.0029673898
0.0028016524
0.0026388884
0.002478965
0.0023217437
0.002167082
0.0020148357
0.0018648628
0.0017170304
0.0015712249
0.0014273677
0.001285441
0.0011455288
0.0010078845
0.00087304482
0.00074202296
0.00061663492
0.00050003601
0.00039751963
0.00031743717
0.00027181689
0.0097245714
0.0094294791
0.0091394368
0.008854475
0.0085746156
0.0082998655
0.0080302193
0.0077656603
0.0075061616
0.0072516869
0.0070021914
0.0067576223
0.0065179198
0.0062830177
0.0060528439
0.0058273214
0.0056063688
0.0053899007
0.0051778286
0.0049700614
0.0047665054
0.0045670655
0.004371645
0.0041801457
0.0039924683
0.003808512
0.0036281743
0.0034513505
0.0032779327
0.0031078095
0.0029408648
0.0027769771
0.0026160187
0.0024578556
0.0023023482
0.0021493524
0.0019987225
0.0018503166
0.0017040038
0.0015596774
0.0014172746
0.0012768073
0.0011384129
0.0010024348
0.00086955462
0.00074100294
0.00061889073
0.00050669111
0.00040982733
0.00033607742
0.00029528011
0.0096093404
0.0093181554
0.0090319482
0.0087507486
0.0084745775
0.0082034415
0.0079373346
0.0076762399
0.0074201307
0.0071689709
0.0069227161
0.0066813139
0.0064447054
0.0062128253
0.0059856024
0.0057629611
0.005544821
0.0053310982
0.0051217059
0.0049165542
0.0047155516
0.0045186044
0.0043256177
0.0041364955
0.0039511401
0.0037694527
0.0035913324
0.0034166762
0.0032453777
0.0030773264
0.002912407
0.0027504979
0.0025914711
0.0024351919
0.0022815192
0.0021303074
0.0019814099
0.0018346849
0.001690005
0.0015472722
0.0014064421
0.001267561
0.0011308251
0.00099667338
0.00086593179
0.00074003123
0.00062131978
0.00051345947
0.00042179953
0.00035340592
0.00031633138
0.0094862517
0.0091992323
0.0089171138
0.008639925
0.008367686
0.0081004027
0.0078380689
0.0075806679
0.0073281726
0.0070805475
0.0068377484
0.0065997238
0.0063664154
0.0061377589
0.0059136843
0.005694117
0.0054789782
0.0052681854
0.0050616533
0.0048592938
0.0046610169
0.0044667312
0.0042763434
0.0040897595
0.003906884
0.0037276198
0.0035518681
0.0033795274
0.0032104928
0.003044655
0.0028818994
0.0027221046
0.0025651424
0.002410877
0.0022591661
0.0021098629
0.00196282
0.0018178965
0.0016749693
0.0015339512
0.0013948189
0.0012576564
0.0011227229
0.00099055399
0.00086211357
0.0007390068
0.00062375715
0.00052010618
0.00043319958
0.00036937184
0.00033526561
0.0093548947
0.0090723114
0.008794547
0.0085216294
0.0082535777
0.0079903975
0.0077320823
0.0074786151
0.0072299693
0.0069861093
0.0067469918
0.0065125659
0.006282774
0.0060575528
0.0058368337
0.0056205432
0.005408604
0.0052009351
0.0049974528
0.0047980708
0.0046027012
0.0044112542
0.0042236388
0.0040397629
0.003859533
0.0036828543
0.0035096299
0.00333976
0.0031731414
0.003009666
0.0028492198
0.0026916819
0.0025369236
0.0023848085
0.0022351932
0.0020879297
0.0019428702
0.0017998753
0.0016588276
0.0015196519
0.0013823483
0.0012470416
0.001114055
0.00098401878
0.00085802273
0.00073781553
0.00062603709
0.00052642341
0.00044384458
0.00038394694
0.00035227246
0.009214847
0.0089369824
0.0086638497
0.0083954756
0.0081318784
0.0078730632
0.0076190234
0.0073697419
0.0071251922
0.0068853392
0.0066501399
0.0064195443
0.0061934959
0.0059719322
0.0057547858
0.0055419848
0.0053334531
0.0051291116
0.0049288782
0.0047326686
0.0045403965
0.0043519745
0.0041673135
0.0039863236
0.0038089136
0.0036349908
0.0034644603
0.0032972243
0.0031331811
0.0029722242
0.0028142402
0.0026591087
0.0025067009
0.0023568795
0.0022095002
0.002064414
0.0019214733
0.0017805409
0.0016415057
0.0015043065
0.0013689683
0.0012356577
0.0011047617
0.00097699952
0.00085357112
0.00073633649
0.00062799998
0.0005322305
0.00045359113
0.00039711106
0.00036747396
0.009065675
0.0087928241
0.0085246127
0.0082610665
0.008002203
0.0077480268
0.0074985309
0.0072536984
0.0070135029
0.0067779098
0.0065468766
0.0063203541
0.0060982866
0.005880613
0.0056672671
0.0054581784
0.0052532724
0.0050524717
0.0048556959
0.0046628627
0.0044738879
0.0042886861
0.0041071705
0.0039292534
0.003754846
0.0035838577
0.0034161958
0.0032517646
0.0030904642
0.0029321893
0.0027768277
0.0026242593
0.0024743553
0.0023269778
0.0021819816
0.0020392172
0.0018985375
0.0017598081
0.0016229252
0.0014878424
0.0013546111
0.0012234395
0.0010947757
0.00096941982
0.00084866396
0.00073444824
0.00062949813
0.00053737431
0.00046232814
0.00040885046
0.00038095266
0.0089069351
0.0086394052
0.0083764169
0.0081179952
0.0078641567
0.0076149053
0.0073702339
0.0071301255
0.006894554
0.0066634851
0.006436877
0.0062146813
0.0059968434
0.0057833034
0.0055739963
0.0053688531
0.0051678011
0.0049707645
0.004777665
0.004588422
0.0044029537
0.0042211766
0.0040430066
0.003868358
0.0036971445
0.0035292778
0.0033646676
0.0032032202
0.0030448376
0.002889416
0.0027368443
0.002587003
0.0024397631
0.0022949866
0.0021525276
0.0020122364
0.0018739664
0.0017375871
0.0016030026
0.0014701822
0.0013392037
0.0012103158
0.0010840236
0.00096119791
0.00084320432
0.00073203449
0.00063040082
0.00054173067
0.000469975
0.00041916244
0.00039277408
0.0087381749
0.0084762855
0.0082188344
0.007965846
0.0077173358
0.0074733072
0.0072337529
0.0069986556
0.0067679895
0.0065417208
0.0063198084
0.0061022046
0.0058888561
0.0056797039
0.0054746848
0.0052737311
0.0050767719
0.0048837331
0.0046945385
0.0045091096
0.0043273666
0.0041492285
0.0039746133
0.0038034381
0.0036356187
0.0034710695
0.0033097024
0.0031514259
0.0029961441
0.0028437547
0.0026941479
0.0025472048
0.0024027968
0.0022607854
0.0021210244
0.0019833642
0.0018476597
0.0017137841
0.0015816505
0.0014512439
0.0013226682
0.0011962108
0.0010724277
0.00095224955
0.0008370972
0.00072898889
0.00063059791
0.00054520541
0.00047648152
0.0004280611
0.00040300313
0.0085589344
0.008303017
0.0080514293
0.0078041952
0.0075613291
0.0073228337
0.0070887011
0.006858914
0.0066334468
0.0064122661
0.0061953315
0.0059825963
0.0057740082
0.0055695095
0.0053690385
0.0051725291
0.0049799122
0.0047911155
0.0046060648
0.0044246838
0.004246895
0.0040726198
0.0039017784
0.0037342905
0.0035700746
0.0034090473
0.0032511232
0.0030962132
0.0029442232
0.0027950527
0.0026485933
0.002504727
0.0023633253
0.00222425
0.0020873549
0.0019524904
0.0018195135
0.0016883018
0.0015587774
0.0014309416
0.001304923
0.0011810446
0.0010599075
0.00094249029
0.00083025244
0.00072521771
0.00063000162
0.00054773339
0.00048182623
0.00043557969
0.00041171284
0.0083687479
0.0081191458
0.0078737597
0.0076326134
0.0073957198
0.0071630804
0.0069346866
0.0067105212
0.0064905585
0.0062747656
0.0060631029
0.0058555246
0.0056519796
0.0054524115
0.00525676
0.0050649609
0.0048769466
0.004692647
0.0045119898
0.004334901
0.0041613054
0.0039911266
0.0038242876
0.0036607105
0.0035003163
0.0033430245
0.003188752
0.003037412
0.0028889127
0.0027431556
0.0026000336
0.0024594296
0.002321216
0.0021852546
0.0020513995
0.0019195021
0.0017894213
0.0016610398
0.0015342892
0.0014091861
0.0012858831
0.001164735
0.0010463809
0.00093183704
0.00082258583
0.00072063957
0.00062854275
0.00054927327
0.00048601022
0.00044176659
0.00041898376
0.0081671457
0.0079242132
0.0076853796
0.007450668
0.0072200884
0.0069936406
0.0067713155
0.0065530956
0.0063389554
0.0061288625
0.005922778
0.005720657
0.0055224495
0.0053281008
0.0051375518
0.0049507401
0.0047676001
0.0045880634
0.0044120601
0.0042395182
0.0040703649
0.0039045263
0.0037419279
0.0035824944
0.0034261496
0.0032728154
0.0031224114
0.0029748533
0.0028300516
0.0026879097
0.0025483222
0.0024111732
0.002276336
0.0021436728
0.0020130384
0.0018842854
0.0017572754
0.0016318964
0.0015080895
0.0013858863
0.0012654614
0.0011471976
0.0010317656
0.00092020845
0.00081401865
0.00071518326
0.00062616684
0.00054979926
0.00048904702
0.00044667565
0.00042489594
0.0079536537
0.0077177561
0.0074858428
0.0072579274
0.0070340169
0.0068141099
0.0065981965
0.006386259
0.0061782721
0.0059742039
0.0057740162
0.0055776652
0.005385102
0.0051962733
0.0050111216
0.0048295861
0.004651603
0.0044771063
0.0043060279
0.0041382982
0.0039738466
0.0038126018
0.0036544919
0.0034994442
0.003347385
0.0031982392
0.0030519289
0.0029083724
0.0027674826
0.002629165
0.0024933159
0.0023598211
0.0022285546
0.00209938
0.0019721528
0.0018467274
0.0017229684
0.0016007696
0.0014800814
0.00136095
0.0012435697
0.0011283476
0.001015979
0.00090752484
0.00080447615
0.00070878399
0.00062282724
0.00054929227
0.00049095184
0.00045035554
0.00042951894
0.0079600592
0.0077277751
0.0074993184
0.0072747117
0.0070539694
0.0068370976
0.0066240942
0.0064149489
0.006209644
0.0060081544
0.0058104486
0.0056164893
0.0054262335
0.0052396336
0.0050566376
0.0048771897
0.0047012308
0.004528699
0.0043595302
0.0041936584
0.0040310163
0.0038715359
0.0037151482
0.0035617838
0.0034113728
0.0032638442
0.0031191256
0.0029771418
0.0028378137
0.0027010568
0.0025667789
0.0024348782
0.0023052422
0.0021777466
0.002052256
0.0019286275
0.0018067176
0.0016863947
0.0015675584
0.0014501685
0.0013342849
0.0012201194
0.0011080994
0.00099893885
0.00089370775
0.00079388604
0.00070138025
0.00061847991
0.00054773323
0.00049173412
0.00045284256
0.00043290551
0.0079413137
0.0077133778
0.0074890851
0.0072684749
0.0070515729
0.006838394
0.0066289444
0.0064232216
0.006221215
0.0060229067
0.0058282719
0.0056372796
0.0054498931
0.0052660705
0.0050857654
0.0049089271
0.0047355014
0.0045654308
0.0043986554
0.004235113
0.0040747398
0.0039174708
0.0037632402
0.0036119816
0.0034636282
0.0033181126
0.0031753668
0.003035321
0.0028979029
0.0027630361
0.0026306387
0.0025006209
0.0023728834
0.0022473154
0.0021237946
0.0020021874
0.001882353
0.0017641504
0.0016474523
0.0015321645
0.0014182562
0.0013057997
0.0011950224
0.0010863681
0.00098056327
0.00087867949
0.00078217722
0.00069291153
0.00061308012
0.0005450977
0.00049139423
0.00045415874
0.00043509054
0.0078952906
0.0076724563
0.0074530726
0.0072371881
0.0070248399
0.0068160532
0.0066108425
0.0064092133
0.0062111627
0.0060166796
0.0058257461
0.0056383375
0.0054544231
0.0052739671
0.0050969283
0.0049232616
0.0047529175
0.0045858434
0.0044219834
0.0042612795
0.0041036715
0.0039490977
0.0037974953
0.0036488009
0.0035029506
0.0033598801
0.0032195249
0.0030818195
0.0029466971
0.0028140883
0.0026839195
0.0025561115
0.0024305774
0.0023072204
0.0021859321
0.0020665925
0.0019490703
0.0018332272
0.0017189259
0.0016060436
0.0014944927
0.0013842514
0.0012754038
0.0011681907
0.0010630682
0.00096076987
0.00086236201
0.00076927826
0.00068331657
0.00060658117
0.0005413579
0.00048992398
0.0004543125
0.00043609257
0.007602901
0.0073891904
0.0071787933
0.0069717506
0.0067680953
0.0065678499
0.0063710276
0.0061776325
0.0059876607
0.0058011007
0.0056179342
0.0054381365
0.0052616774
0.0050885215
0.0049186286
0.0047519545
0.0045884511
0.0044280672
0.0042707487
0.0041164391
0.0039650804
0.003816613
0.0036709762
0.0035281091
0.0033879502
0.003250438
0.0031155105
0.0029831053
0.0028531584
0.0027256034
0.0026003699
0.0024773817
0.0023565548
0.0022377954
0.0021209981
0.0020060456
0.0018928096
0.0017811552
0.0016709492
0.0015620739
0.001454449
0.0013480614
0.0012430059
0.0011395343
0.0010381117
0.00093947357
0.00084467436
0.0007551146
0.00067253028
0.00059893088
0.00053647734
0.00048730313
0.00045329835
0.00043591384
0.0072953695
0.0070912492
0.0068902985
0.0066925526
0.0064980396
0.006306779
0.0061187815
0.0059340495
0.0057525777
0.0055743539
0.0053993592
0.0052275688
0.0050589528
0.0048934761
0.0047310995
0.0045717795
0.0044154695
0.0042621195
0.0041116772
0.0039640879
0.0038192954
0.0036772423
0.0035378703
0.0034011208
0.0032669349
0.003135254
0.0030060189
0.0028791702
0.0027546471
0.0026323864
0.0025123212
0.0023943786
0.0022784781
0.0021645292
0.0020524301
0.0019420669
0.0018333152
0.0017260441
0.0016201252
0.001515447
0.0014119361
0.0013095885
0.0012085085
0.0011089569
0.0010114038
0.00091658185
0.00082552794
0.00073960361
0.00066047864
0.00059006665
0.00053040675
0.00048349609
0.00045109314
0.00043453826
0.0069725967
0.0067785594
0.0065875393
0.0063995663
0.006214664
0.0060328481
0.0058541266
0.0056784997
0.0055059604
0.0053364955
0.0051700854
0.0050067051
0.0048463246
0.0046889094
0.0045344208
0.0043828165
0.0042340508
0.0040880755
0.0039448396
0.0038042906
0.0036663742
0.0035310353
0.0033982181
0.0032678666
0.0031399248
0.003014337
0.0028910475
0.00277
0.0026511374
0.0025344002
0.0024197252
0.0023070436
0.0021962788
0.0020873443
0.0019801425
0.0018745638
0.0017704882
0.00166779
0.0015663463
0.0014660522
0.0013668419
0.0012687199
0.0011717989
0.0010763462
0.00098283408
0.00089198703
0.00080481906
0.0007226474
0.00064707172
0.00057990866
0.000523078
0.00047844656
0.00044764854
0.00043192404
0.0066348004
0.0064513617
0.0062707765
0.0060930697
0.0059182602
0.0057463597
0.005577373
0.0054112981
0.0052481262
0.0050878425
0.0049304269
0.0047758539
0.0046240936
0.0044751118
0.0043288707
0.0041853289
0.0040444422
0.0039061639
0.0037704451
0.0036372352
0.0035064825
0.0033781344
0.003252138
0.0031284406
0.0030069895
0.0028877326
0.0027706181
0.0026555937
0.0025426066
0.0024316016
0.0023225201
0.0022152977
0.0021098625
0.002006133
0.0019040163
0.0018034079
0.0017041932
0.0016062521
0.0015094681
0.0014137433
0.0013190197
0.0012253096
0.0011327329
0.0010415611
0.00095226457
0.00086555537
0.00078241919
0.00070412397
0.00063219559
0.00056835244
0.00051439686
0.00047207012
0.00044288848
0.00042799744
0.0062826909
0.0061103782
0.0059407401
0.0057737961
0.0056095599
0.0054480396
0.0052892366
0.0051331462
0.0049797579
0.0048290556
0.0046810182
0.0045356203
0.0043928321
0.0042526202
0.0041149476
0.0039797747
0.003847059
0.0037167561
0.0035888194
0.0034632013
0.0033398533
0.0032187261
0.0030997709
0.0029829388
0.0028681818
0.0027554525
0.0026447039
0.002535889
0.00242896
0.0023238672
0.0022205572
0.002118971
0.0020190421
0.0019206944
0.0018238406
0.0017283816
0.0016342089
0.0015412084
0.0014492705
0.0013583041
0.0012682587
0.0011791535
0.0010911138
0.0010044127
0.00091951453
0.0008371144
0.00075816445
0.00068387845
0.00061570496
0.00055526281
0.00050423832
0.00046425104
0.00043670456
0.00042265492
0.0059176939
0.0057570188
0.0055988169
0.0054431016
0.0052898824
0.0051391634
0.0049909431
0.0048452143
0.0047019649
0.0045611779
0.0044228322
0.0042869026
0.0041533605
0.0040221739
0.0038933082
0.0037667262
0.0036423885
0.003520254
0.0034002803
0.0032824238
0.0031666407
0.0030528871
0.0029411195
0.0028312951
0.0027233721
0.0026173094
0.0025130668
0.0024106037
0.0023098788
0.0022108485
0.0021134655
0.0020176768
0.0019234216
0.0018306292
0.001739218
0.0016490945
0.0015601556
0.0014722935
0.0013854045
0.001299404
0.0012142477
0.0011299602
0.0010466696
0.00096464723
0.00088434759
0.00080644369
0.00073184909
0.00066171879
0.00059742066
0.00054047276
0.00049244647
0.00045484291
0.00042895741
0.0004157609
0.005542177
0.0053935705
0.0052471977
0.0051030724
0.0049612009
0.0048215837
0.0046842165
0.004549091
0.0044161945
0.0042855108
0.0041570202
0.0040306998
0.0039065239
0.0037844645
0.0036644911
0.0035465716
0.0034306721
0.0033167576
0.003204792
0.0030947391
0.0029865623
0.0028802257
0.0027756943
0.0026729339
0.0025719116
0.0024725951
0.0023749523
0.0022789506
0.0021845559
0.0020917309
0.0020004343
0.0019106182
0.0018222265
0.0017351931
0.0016494404
0.0015648791
0.0014814105
0.0013989307
0.0013173407
0.0012365602
0.001156549
0.0010773343
0.00099904413
0.00092194396
0.0008464741
0.00077328065
0.00070323379
0.00063742554
0.00057714032
0.00052379448
0.0004788458
0.00044368004
0.0004194883
0.00040716024
0.0052978031
0.0051595101
0.0050231576
0.0048887654
0.004756342
0.0046258898
0.0044974075
0.0043708909
0.004246333
0.0041237244
0.004003053
0.0038843044
0.0037674622
0.0036525079
0.0035394214
0.003428181
0.0033187639
0.0032111465
0.0031053041
0.003001212
0.002898845
0.0027981787
0.0026991892
0.0026018533
0.0025061491
0.0024120551
0.0023195495
0.0022286091
0.0021392086
0.0020513193
0.0019649082
0.0018799364
0.0017963579
0.0017141176
0.00163315
0.0015533778
0.0014747124
0.0013970554
0.001320304
0.0012443601
0.0011691445
0.0010946177
0.001020806
0.00094783331
0.00087595544
0.00080559411
0.00073736421
0.0006720886
0.00061079331
0.00055467767
0.00050505654
0.0004632762
0.00043061066
0.00040815101
0.0003967095
0.0048993425
0.0047733418
0.0046489451
0.0045261774
0.004405051
0.0042855714
0.0041677419
0.0040515651
0.0039370426
0.0038241753
0.0037129628
0.0036034034
0.003495494
0.0033892306
0.0032846084
0.0031816217
0.0030802645
0.00298053
0.0028824112
0.0027859005
0.0026909901
0.0025976719
0.0025059379
0.00241578
0.0023271895
0.0022401565
0.0021546676
0.0020707044
0.0019882426
0.0019072512
0.0018276925
0.0017495213
0.0016726846
0.0015971198
0.0015227546
0.0014495053
0.0013772772
0.0013059672
0.0012354683
0.0011656789
0.0010965169
0.0010279395
0.00095996854
0.00089272024
0.00082643751
0.00076152036
0.00069854982
0.0006382995
0.00058172862
0.0005299521
0.00048418575
0.00044566834
0.00041556723
0.00039487869
0.00038434201
0.0044999652
0.0043850249
0.0042713009
0.0041588377
0.0040476699
0.0039378215
0.0038293146
0.0037221713
0.0036164144
0.0035120664
0.0034091492
0.0033076839
0.0032076908
0.0031091903
0.0030122029
0.002916749
0.0028228483
0.0027305194
0.0026397801
0.0025506451
0.0024631268
0.0023772343
0.0022929731
0.0022103448
0.0021293473
0.0020499731
0.0019722053
0.0018960144
0.0018213587
0.0017481852
0.001676432
0.00160603
0.0015369036
0.0014689703
0.0014021399
0.0013363137
0.0012713848
0.0012072398
0.0011437634
0.0010808475
0.0010184043
0.00095638573
0.00089480758
0.00083377744
0.00077352448
0.00071442695
0.00065703275
0.00060206791
0.00055042787
0.00050314765
0.00046134998
0.00042617329
0.00039868592
0.00037979654
0.00037017719
0.004092906
0.0039860475
0.0038801115
0.0037751735
0.0036713133
0.0035685943
0.0034670741
0.0033668083
0.0032678511
0.0031702546
0.0030740694
0.002979346
0.0028861375
0.0027945002
0.0027044915
0.002616171
0.0025295875
0.0024447861
0.0023618098
0.0022806875
0.0022014374
0.0021240693
0.0020485788
0.0019749489
0.001903156
0.0018331678
0.0017649343
0.0016983819
0.001633415
0.001569924
0.0015077925
0.0014469035
0.0013871413
0.0013283912
0.0012705387
0.0012134669
0.0011570559
0.0011011835
0.0010457285
0.00099057935
0.00093564606
0.00088087899
0.00082629159
0.00077198687
0.00071818479
0.00066524688
0.0006136938
0.00056421103
0.00051763847
0.00047494087
0.00043715865
0.00040534132
0.00038046944
0.00036337396
0.00035466734
0.0036443766
0.003540674
0.0034381448
0.003336866
0.0032369476
0.0031384837
0.0030415559
0.0029462368
0.0028525917
0.0027606816
0.0026705695
0.0025823329
0.0024960762
0.0024119249
0.0023299847
0.0022503881
0.002173163
0.0020983267
0.0020259252
0.0019559422
0.0018883322
0.0018230502
0.0017600153
0.0016991187
0.001640255
0.0015833238
0.0015282032
0.0014747328
0.0014227202
0.0013719611
0.0013222585
0.0012734332
0.0012253269
0.0011777994
0.0011307232
0.0010839786
0.0010374495
0.00099102157
0.00094458448
0.00089803819
0.00085130483
0.00080434599
0.0007571847
0.00070993059
0.00066280533
0.00061616486
0.00057051426
0.00052651109
0.00048495349
0.00044675088
0.00041287715
0.00038430885
0.00036195382
0.00034657831
0.00033874492
0.0030612893
0.0029572871
0.0028559817
0.0027572934
0.002661201
0.0025677021
0.0024767945
0.0023884678
0.002302709
0.002219516
0.0021389323
0.0020611151
0.0019864191
0.001915319
0.0018477375
0.0017841651
0.0017241231
0.0016672342
0.0016135526
0.00156283
0.001514767
0.0014691935
0.0014258623
0.0013844666
0.0013447605
0.0013065711
0.0012697176
0.0012339569
0.0011989969
0.0011645419
0.0011303303
0.0010961516
0.0010618454
0.0010272913
0.00099239574
0.00095708036
0.00092127358
0.00088490569
0.00084790879
0.00081022219
0.0007718037
0.00073264656
0.00069280124
0.00065239988
0.00061168069
0.00057100845
0.00053088752
0.00049196325
0.00045500904
0.00042089728
0.00039055452
0.0003649036
0.00034479774
0.000330954
0.00032389671
0.0021692417
0.0020754614
0.0019868547
0.0019028135
0.0018229182
0.0017468592
0.0016743829
0.00160527
0.0015393422
0.0014765057
0.0014168953
0.0013612679
0.0013118311
0.0012724874
0.0012370665
0.0012101025
0.0011869141
0.0011652075
0.001146043
0.0011287003
0.0011123862
0.0010970635
0.0010824418
0.0010680479
0.0010535983
0.0010390363
0.00102431
0.0010092394
0.0009935442
0.00097693424
0.00095917777
0.00094012547
0.00091970174
0.00089788421
0.00087468086
0.00085011174
0.0008241965
0.00079694779
0.00076837063
0.00073846808
0.00070725305
0.0006747662
0.00064109833
0.00060641526
0.00057098196
0.00053518246
0.0004995317
0.00046467592
0.00043137903
0.00040049383
0.00037291875
0.00034954285
0.00033118388
0.00031852636
0.000312069
0.00085593285
0.00080818474
0.00076491402
0.00072544137
0.00068918026
0.00065566461
0.00062453041
0.00059548935
0.00056831693
0.00054286202
0.00051914405
0.00049778488
0.000481841
0.00048457509
0.0005625914
0.00059674909
0.00065297003
0.0006987917
0.00073103299
0.00075979294
0.0007844755
0.00080446539
0.00082119196
0.00083507305
0.00084590373
0.00085375665
0.0008590591
0.00086217636
0.00086319929
0.00086201548
0.00085846154
0.00085242713
0.00084389393
0.00083291182
0.00081958589
0.00080403924
0.0007863944
0.00076676022
0.00074522595
0.00072186174
0.00069672562
0.00066987687
0.0006413951
0.00061140379
0.0005800959
0.00054775838
0.000514792
0.00048172284
0.00044920228
0.0004179931
0.00038894091
0.00036293182
0.00034083894
0.00032346274
0.00031147154
0.00030535096
)
;

boundaryField
{
    inletLow
    {
        type            fixedValue;
        value           nonuniform List<scalar> 0();
    }
    inletJet
    {
        type            fixedValue;
        value           nonuniform List<scalar> 0();
    }
    inletHigh
    {
        type            fixedValue;
        value           nonuniform List<scalar> 0();
    }
    outlet
    {
        type            inletOutlet;
        inletValue      uniform 0;
        value           nonuniform List<scalar> 
65
(
0
0
0
0
0
0
0
0
0
0
0
0
0
0
0
0
0
0
0
0
0
0
0
0
0
0
0
0
0
0
0.00013995863
0.00018099644
0.00021558191
0.000245486
0.00027181689
0.00029528011
0.00031633138
0.00033526561
0.00035227246
0.00036747396
0.00038095266
0.00039277408
0.00040300313
0.00041171284
0.00041898376
0.00042489594
0.00042951894
0.00043290551
0.00043509054
0.00043609257
0.00043591384
0.00043453826
0.00043192404
0.00042799744
0.00042265492
0.0004157609
0.00040716024
0.0003967095
0.00038434201
0.00037017719
0.00035466734
0.00033874492
0.00032389671
0.000312069
0.00030535096
)
;
    }
    upperWall
    {
        type            inletOutlet;
        inletValue      uniform 0;
        value           nonuniform List<scalar> 
56
(
0
0
0
0
0
0
0
0
0
0
0
0
0
0
0.0005625914
0.00059674909
0.00065297003
0.0006987917
0.00073103299
0.00075979294
0.0007844755
0.00080446539
0.00082119196
0.00083507305
0.00084590373
0.00085375665
0.0008590591
0.00086217636
0.00086319929
0.00086201548
0.00085846154
0.00085242713
0.00084389393
0.00083291182
0.00081958589
0.00080403924
0.0007863944
0.00076676022
0.00074522595
0.00072186174
0.00069672562
0.00066987687
0.0006413951
0.00061140379
0.0005800959
0.00054775838
0.000514792
0.00048172284
0.00044920228
0.0004179931
0.00038894091
0.00036293182
0.00034083894
0.00032346274
0.00031147154
0.00030535096
)
;
    }
    lowerWall
    {
        type            inletOutlet;
        inletValue      nonuniform List<scalar> 0();
        value           nonuniform List<scalar> 0();
    }
    frontAndBack
    {
        type            empty;
    }
    procBoundary1to0
    {
        type            processor;
        value           nonuniform List<scalar> 
80
(
0.0081915112
0.008190901
0.0081894329
0.0081871307
0.0081871307
0.008476166
0.0084720637
0.0084674491
0.0084619842
0.0084619842
0.008752796
0.0087449827
0.0087449827
0.0090383277
0.0090276624
0.0090276624
0.0093228542
0.009308751
0.009308751
0.0096049132
0.0095866743
0.0095866743
0.0098827397
0.0098595011
0.0098339614
0.0098060012
0.0098060012
0.01009379
0.010382109
0.010059104
0.010059104
0.010670067
0.010670067
0.010956879
0.010907191
0.010853346
0.010795109
0.010732217
0.010664388
0.010591325
0.010512717
0.01042824
0.010337553
0.010240303
0.01013612
0.010024623
0.0099054152
0.0097780861
0.0096422132
0.0094973618
0.009343086
0.0091789298
0.0090044281
0.0088191092
0.0086224962
0.0084141111
0.0081934806
0.0081934806
0.0081960596
0.0081960596
0.0081727671
0.0081727671
0.0081214526
0.007819836
0.007502584
0.0071695838
0.0068210332
0.0064576279
0.0060808019
0.0056929862
0.0056929862
0.0054380701
0.0050270069
0.0046162318
0.0042008311
0.0037493205
0.0031677205
0.002267245
0.002267245
0.00090607945
)
;
    }
    procBoundary1to4
    {
        type            processor;
        value           nonuniform List<scalar> 
41
(
0.0079039107
0.0076225738
0.0073470131
0.0070771545
0.0068129053
0.006554167
0.0063008362
0.0060528056
0.0058099643
0.0055721984
0.0053393917
0.0051114257
0.0048881803
0.0046695341
0.0044553647
0.0042455492
0.0040399642
0.0038384862
0.0036409917
0.0034473576
0.0032574613
0.0030711806
0.0028883943
0.0027089822
0.002532825
0.0023598049
0.0021898055
0.0020227124
0.0018584133
0.0016967987
0.0015377616
0.0013811987
0.0012270102
0.0010751003
0.00092537785
0.0007777559
0.00063215258
0.00048849117
0.00034670039
0.00020671486
6.8475082e-05
)
;
    }
}


// ************************************************************************* //
