/*--------------------------------*- C++ -*----------------------------------*\
| =========                 |                                                 |
| \\      /  F ield         | OpenFOAM: The Open Source CFD Toolbox           |
|  \\    /   O peration     | Version:  2312                                  |
|   \\  /    A nd           | Website:  www.openfoam.com                      |
|    \\/     M anipulation  |                                                 |
\*---------------------------------------------------------------------------*/
FoamFile
{
    version     2.0;
    format      ascii;
    arch        "LSB;label=32;scalar=64";
    class       volScalarField;
    location    "0.1";
    object      CH4;
}
// * * * * * * * * * * * * * * * * * * * * * * * * * * * * * * * * * * * * * //

dimensions      [0 0 0 0 0 0 0];

internalField   nonuniform List<scalar> 
3251
(
0.060670218
0.059700522
0.058727145
0.057750644
0.05677161
0.05579066
0.05480844
0.053825617
0.052842874
0.051860914
0.050880446
0.049902188
0.048926861
0.047955184
0.046987873
0.046025635
0.045069166
0.044119147
0.043176241
0.042241092
0.041314319
0.040396519
0.03948826
0.038590082
0.037702494
0.036825976
0.035960975
0.035107904
0.034267145
0.033439046
0.032623922
0.031822056
0.031033696
0.030259063
0.029498342
0.028751693
0.028019243
0.027301093
0.02659732
0.025907973
0.025233078
0.02457264
0.023926644
0.023295056
0.022677826
0.02207489
0.021486175
0.020911597
0.020351073
0.019804522
0.019271873
0.018753172
0.01824853
0.017757599
0.017279983
0.01681551
0.016364064
0.015925566
0.060664809
0.059695247
0.058722023
0.057745675
0.05676679
0.055785985
0.054803908
0.053821224
0.052838619
0.051856793
0.050876457
0.049898329
0.048923129
0.047951577
0.046984388
0.04602227
0.045065918
0.044116014
0.043173221
0.042238182
0.041311517
0.040393823
0.039485667
0.038587589
0.0377001
0.036823679
0.035958771
0.035105791
0.034265121
0.033437109
0.03262207
0.031820285
0.031032006
0.03025745
0.029496805
0.028750229
0.02801785
0.02729977
0.026596064
0.025906782
0.02523195
0.024571575
0.02392564
0.023294112
0.022676943
0.02207407
0.021485419
0.02091091
0.02035046
0.01980399
0.019271429
0.018752775
0.01824806
0.01775702
0.017279328
0.016814808
0.016363348
0.015924899
0.060653704
0.059684425
0.058711496
0.05773544
0.056756842
0.055776319
0.054794518
0.053812105
0.052829767
0.051848202
0.050868123
0.049890247
0.048915295
0.047943986
0.046977036
0.046015153
0.045059031
0.044109352
0.04316678
0.042231958
0.041305506
0.040388019
0.039480066
0.038582187
0.037694892
0.03681866
0.035953938
0.03510114
0.034260646
0.033432806
0.032617934
0.031816313
0.031028193
0.030253792
0.029493297
0.028746867
0.028014631
0.027296689
0.026593117
0.025903966
0.025229261
0.024569009
0.023923195
0.023291786
0.022674733
0.022071975
0.021483439
0.020909047
0.020348715
0.019802363
0.019269918
0.018751345
0.01824662
0.017755528
0.017277802
0.016813267
0.016361815
0.015923392
0.060636864
0.059668017
0.058695522
0.057719898
0.056741722
0.055761616
0.054780223
0.053798212
0.052816269
0.051835092
0.050855394
0.049877893
0.048903308
0.047932361
0.046965766
0.046004231
0.045048452
0.044099109
0.043156866
0.042222366
0.04129623
0.040379053
0.039471404
0.038573822
0.037686817
0.036810868
0.035946423
0.035093895
0.034253666
0.033426083
0.032611462
0.031810086
0.031022204
0.030248035
0.029487766
0.028741556
0.028009533
0.027291798
0.026588428
0.025899472
0.025224958
0.024564891
0.023919257
0.023288023
0.022671142
0.022068552
0.021480182
0.020905953
0.020345782
0.019799587
0.01926729
0.018748832
0.018244151
0.017753065
0.017275348
0.016810838
0.016359429
0.015920978
0.060614269
0.059646001
0.058674082
0.057699027
0.056721411
0.055741854
0.054761003
0.053779523
0.052798102
0.051817439
0.050838245
0.04986124
0.048887143
0.047916675
0.046950551
0.045989479
0.045034153
0.044085256
0.04314345
0.042209379
0.041283662
0.040366897
0.03945965
0.038562463
0.037675844
0.036800273
0.035936196
0.035084028
0.03424415
0.03341691
0.032602624
0.031801573
0.031014009
0.030240149
0.029480181
0.028734263
0.028002524
0.027285067
0.026581965
0.02589327
0.025219009
0.024559188
0.023913793
0.023282792
0.022666137
0.022063769
0.021475615
0.020901596
0.02034163
0.019795632
0.019263516
0.018745209
0.018240621
0.017749593
0.017271931
0.016807491
0.016356188
0.060587541
0.059619956
0.058648712
0.057674323
0.056697362
0.05571845
0.054738232
0.053757375
0.052776566
0.051796505
0.050817904
0.049841481
0.048867956
0.04789805
0.046932479
0.045971949
0.045017156
0.044068782
0.043127489
0.042193922
0.041268699
0.040352417
0.039445645
0.038548921
0.037662755
0.036787628
0.035923985
0.035072241
0.034232776
0.03340594
0.032592047
0.031791381
0.03100419
0.030230694
0.02947108
0.028725507
0.027994103
0.027276971
0.026574186
0.025885798
0.025211836
0.024552304
0.02390719
0.023276461
0.022660072
0.022057961
0.021470058
0.020896283
0.020336551
0.019790776
0.019258867
0.018740735
0.01823628
0.017745353
0.017267784
0.016803458
0.016352371
0.060557519
0.059590698
0.058620209
0.057646563
0.056670334
0.055692141
0.05471263
0.053732469
0.052752344
0.051772956
0.050795016
0.049819243
0.048846358
0.04787708
0.046912126
0.045952203
0.044998006
0.044050217
0.043109499
0.042176494
0.041251824
0.040336083
0.03942984
0.038533635
0.037647978
0.036773347
0.035910189
0.035058919
0.034219918
0.033393534
0.032580082
0.031779845
0.030993072
0.030219984
0.029460767
0.02871558
0.027984552
0.027267784
0.026565353
0.02587731
0.025203681
0.024544473
0.023899673
0.02326925
0.022653156
0.022051332
0.021463707
0.020890201
0.020330729
0.019785199
0.019253517
0.018735584
0.01823129
0.017740496
0.017263053
0.016798871
0.016348007
0.060521845
0.059555931
0.058586335
0.057613569
0.056638205
0.055660862
0.054682188
0.053702849
0.052723533
0.05174494
0.050767783
0.04979278
0.048820651
0.047852118
0.046887895
0.04592869
0.044975198
0.044028102
0.043088063
0.042155725
0.041231709
0.040316609
0.039410994
0.038515404
0.037630348
0.036756306
0.035893724
0.035043016
0.034204563
0.033378714
0.032565785
0.031766057
0.030979781
0.030207176
0.02944843
0.0287037
0.027973117
0.027256782
0.026554771
0.025867135
0.025193902
0.024535078
0.02389065
0.023260588
0.022644844
0.022043358
0.021456061
0.020882871
0.020323702
0.01977846
0.019247045
0.018729349
0.018225258
0.017734639
0.017257363
0.016793366
0.016342706
0.060480106
0.059515251
0.058546696
0.057574954
0.056600598
0.055624247
0.054646548
0.053668168
0.052689795
0.051712131
0.050735886
0.04976178
0.048790533
0.047822867
0.046859497
0.04590113
0.044948462
0.044002173
0.043062928
0.042131368
0.041208115
0.040293763
0.039388882
0.038494009
0.037609656
0.0367363
0.03587439
0.035024338
0.034186526
0.033361303
0.032548983
0.03174985
0.030964154
0.030192113
0.029433916
0.028689721
0.027959657
0.027243827
0.026542307
0.025855147
0.025182376
0.024524
0.023880007
0.023250365
0.022635028
0.022033937
0.021447021
0.020874198
0.020315382
0.019770473
0.019239368
0.018721953
0.018218109
0.01772771
0.017250651
0.01678689
0.060431864
0.059468229
0.058500874
0.057530313
0.056557119
0.05558191
0.054605334
0.05362806
0.052650774
0.051674179
0.050698986
0.049725914
0.048755685
0.047789019
0.046826632
0.045869231
0.044917512
0.043972155
0.043033824
0.042103163
0.04118079
0.040267301
0.039363265
0.03846922
0.037585677
0.036713114
0.035851978
0.035002684
0.034165612
0.03334111
0.032529495
0.031731048
0.03094602
0.030174631
0.029417068
0.02867349
0.027944026
0.027228779
0.026527824
0.025841214
0.025168976
0.024511117
0.023867625
0.023238468
0.0226236
0.022022962
0.021436484
0.020864083
0.020305671
0.019761147
0.019230401
0.018713313
0.018209762
0.017719637
0.017242856
0.016779426
0.060376657
0.059414415
0.058448431
0.057479218
0.056507349
0.055533445
0.054558152
0.053582139
0.052606094
0.051630719
0.050656727
0.049684836
0.048715769
0.047750245
0.046788981
0.045832683
0.044882048
0.043937756
0.04300047
0.042070834
0.041149467
0.040236964
0.039333893
0.038440795
0.037558177
0.03668652
0.03582627
0.034977841
0.034141614
0.033317937
0.032507126
0.031709464
0.030925201
0.030154556
0.029397718
0.028654844
0.027926066
0.027211485
0.026511177
0.025825195
0.025153567
0.024496298
0.023853378
0.023224775
0.022610442
0.022010322
0.021424342
0.020852423
0.020294472
0.019750387
0.019220053
0.018703344
0.018200138
0.017710345
0.01723392
0.060313998
0.059353334
0.058388903
0.057421217
0.05645085
0.055478422
0.054504581
0.053529997
0.052555358
0.051581366
0.050608734
0.049638182
0.04867043
0.0477062
0.046746208
0.045791161
0.044841754
0.043898668
0.042962566
0.042034092
0.041113865
0.040202479
0.039300504
0.038408477
0.03752691
0.036656279
0.035797033
0.034949585
0.034114316
0.033291574
0.032481675
0.031684903
0.030901506
0.030131705
0.029375689
0.028633615
0.027905613
0.027191788
0.026492214
0.025806944
0.025136006
0.024479407
0.023837135
0.023209159
0.022595433
0.021995898
0.021410483
0.020839106
0.020281678
0.019738092
0.019208228
0.018691955
0.018189153
0.017699764
0.017223806
0.060243375
0.059284488
0.058321803
0.057355835
0.056387157
0.055416391
0.054444184
0.053471208
0.05249815
0.051525714
0.050554613
0.049585566
0.048619295
0.047656521
0.046697961
0.04574432
0.044796296
0.043854568
0.042919799
0.041992633
0.041073689
0.040163562
0.039262819
0.038371999
0.037491613
0.036622139
0.035764023
0.034917679
0.034083489
0.0332618
0.032452929
0.031657158
0.030874737
0.030105887
0.029350795
0.028609621
0.027882495
0.02716952
0.026470772
0.025786304
0.025116143
0.024460298
0.023818756
0.023191486
0.022578442
0.021979565
0.021394785
0.020824019
0.020267178
0.019724156
0.019194827
0.018679053
0.018176722
0.01768782
0.060164251
0.059207351
0.05824662
0.057282573
0.056315785
0.055346877
0.054376499
0.05340532
0.052434032
0.051463336
0.050493947
0.049526584
0.04856197
0.047600826
0.046643867
0.045691801
0.044745324
0.043805116
0.042871839
0.041946137
0.041028629
0.040119909
0.039220546
0.038331078
0.037452015
0.036583834
0.035726983
0.034881876
0.034048893
0.033228383
0.032420662
0.031626012
0.030844684
0.030076898
0.029322842
0.028582676
0.02785653
0.027144507
0.026446684
0.025763113
0.025093823
0.024438821
0.023798096
0.023171615
0.022559335
0.021961194
0.021377123
0.02080704
0.020250858
0.019708469
0.019179746
0.018664545
0.018162761
0.017674466
0.060076061
0.059121373
0.058162817
0.057200908
0.056236223
0.055269383
0.054301039
0.053331862
0.052362542
0.051393784
0.050426301
0.049460813
0.048498044
0.047538714
0.046583538
0.045633225
0.044688471
0.043749954
0.042818339
0.041894267
0.040978358
0.040071206
0.039173379
0.038285416
0.037407826
0.036541087
0.035685645
0.034841915
0.034010277
0.03319108
0.032384639
0.031591238
0.030811127
0.030044526
0.029291624
0.02855258
0.027827525
0.027116563
0.02641977
0.025737198
0.025068878
0.024414816
0.023775
0.0231494
0.022537969
0.021940647
0.021357364
0.020788042
0.020232592
0.019690913
0.019162877
0.018648335
0.018147186
0.059978212
0.059025976
0.05806983
0.057110291
0.056147936
0.055183388
0.054217297
0.053250338
0.0522832
0.051316589
0.050351218
0.049387808
0.048427083
0.047469763
0.046516565
0.045568195
0.04462535
0.043688709
0.042758935
0.041836671
0.040922535
0.040017121
0.039120998
0.038234703
0.037358746
0.036493605
0.035639725
0.034797522
0.033967375
0.033149634
0.032344613
0.031552597
0.030773835
0.030008548
0.029256926
0.028519127
0.027795282
0.027085495
0.026389845
0.025708382
0.025041137
0.024388117
0.02374931
0.023124685
0.022514195
0.021917781
0.021335371
0.02076689
0.020212253
0.019671366
0.019144107
0.018630329
0.018129943
0.059870087
0.058920555
0.05796707
0.057010147
0.056050363
0.055088344
0.054124742
0.05316023
0.052195501
0.051231259
0.05026822
0.049307105
0.048348636
0.047393536
0.04644252
0.045496296
0.044555559
0.043620989
0.042693248
0.04177298
0.040860801
0.039957307
0.039063065
0.038178613
0.037304459
0.036441083
0.035588929
0.034748411
0.033919912
0.033103778
0.032300326
0.031509839
0.030732568
0.029968732
0.029218523
0.028482098
0.02775959
0.027051102
0.026356713
0.025676475
0.025010417
0.024358548
0.023720856
0.023097308
0.022487858
0.021892445
0.021310999
0.020743443
0.020189703
0.019649696
0.019123317
0.018610432
0.059751037
0.058804482
0.057853922
0.056899876
0.055942921
0.054983684
0.054022817
0.053060998
0.052098917
0.051137282
0.050176807
0.049218216
0.04826223
0.047309572
0.046360957
0.045417093
0.044478675
0.043546384
0.042620881
0.041702808
0.040792784
0.039891402
0.03899923
0.038116805
0.037244637
0.036383202
0.035532947
0.034694285
0.033867598
0.033053234
0.032251508
0.031462703
0.030687072
0.029924834
0.029176179
0.028441268
0.02772023
0.027013172
0.026320171
0.025641281
0.02497653
0.024325928
0.023689462
0.023067101
0.022458795
0.021864484
0.021284096
0.020717556
0.020164799
0.019625766
0.019100379
0.018588572
0.059620388
0.058677096
0.057729746
0.056778853
0.055824999
0.054868811
0.053910944
0.052952075
0.051992899
0.051034121
0.050076459
0.049120634
0.048167371
0.047217391
0.046271409
0.045330134
0.044394261
0.043464468
0.042541419
0.041625755
0.040718094
0.039819029
0.038929127
0.038048926
0.037178934
0.03631963
0.035471457
0.034634831
0.033810132
0.032997709
0.032197876
0.031410918
0.030637086
0.0298766
0.029129651
0.028396398
0.027676975
0.026971485
0.026280007
0.025602595
0.024939279
0.024290067
0.023654947
0.023033887
0.022426838
0.021833736
0.021254506
0.020689076
0.020137391
0.019599426
0.019075144
0.018564495
0.059477437
0.058537715
0.057593873
0.056646428
0.055695963
0.054743107
0.053788519
0.052832876
0.051876874
0.050921221
0.049966633
0.049013834
0.048063547
0.047116495
0.046173393
0.045234948
0.044301857
0.043374797
0.042454432
0.041541401
0.040636324
0.039739793
0.038852374
0.037974606
0.037106995
0.03625002
0.035404126
0.034569726
0.033747202
0.032936901
0.032139139
0.0313542
0.030582335
0.029823766
0.029078682
0.028347245
0.027629586
0.026925811
0.026235999
0.025560204
0.024898457
0.024250766
0.02361712
0.022997485
0.022391811
0.021800032
0.021222069
0.020657846
0.020107323
0.019570524
0.019047462
0.018538012
0.059321456
0.058385628
0.057445612
0.056501925
0.055555153
0.05460593
0.053654916
0.05270279
0.051750249
0.050798002
0.049846766
0.048897266
0.047950225
0.047006366
0.046066404
0.045131047
0.044200989
0.04327691
0.042359471
0.041449314
0.040547055
0.039653287
0.038768577
0.037893461
0.037028448
0.036174014
0.035330605
0.034498633
0.03367848
0.032870495
0.032074992
0.031292255
0.030522537
0.029766058
0.029023009
0.028293551
0.027577817
0.026875913
0.026187918
0.025513887
0.024853852
0.024207822
0.023575783
0.022957704
0.022353534
0.0217632
0.021186619
0.020623709
0.02007444
0.019538914
0.019017222
0.059151688
0.058220099
0.057284246
0.056344645
0.055401889
0.054456615
0.053509487
0.052561185
0.051612407
0.050663865
0.049716276
0.048770364
0.047826853
0.046886467
0.045949921
0.045017922
0.044091165
0.043170329
0.042256074
0.041349042
0.04044985
0.039559089
0.038677325
0.037805096
0.036942908
0.036091239
0.035250533
0.034421204
0.033603632
0.032798165
0.032005119
0.031224779
0.030457396
0.029703191
0.028962356
0.028235052
0.027521412
0.026821544
0.026135526
0.025463416
0.024805244
0.02416102
0.023530733
0.022914349
0.022311817
0.021723062
0.021147992
0.020586513
0.020038596
0.019504462
0.018984372
0.058967355
0.058040372
0.057109035
0.056173865
0.055235464
0.054294475
0.053351561
0.052407408
0.051462714
0.05051819
0.049574558
0.04863254
0.047692861
0.046756244
0.045823405
0.044895051
0.043971876
0.04305456
0.042143762
0.041240122
0.040344258
0.039456761
0.038578196
0.0377091
0.036849979
0.036001311
0.03516354
0.034337078
0.033522307
0.032719575
0.031929197
0.031151457
0.030386609
0.029634873
0.02889644
0.028171474
0.027460108
0.026762449
0.026078578
0.025408552
0.024752403
0.024110142
0.023481757
0.022867217
0.022266469
0.021679437
0.021106022
0.020546119
0.019999681
0.058767661
0.057845671
0.05691922
0.055988843
0.055055154
0.0541188
0.053180449
0.052240786
0.051300512
0.050360341
0.049420992
0.04848319
0.04754766
0.046615125
0.045686301
0.044761895
0.0438426
0.042929095
0.04202204
0.041122074
0.040229815
0.039345853
0.038470752
0.03760505
0.036749252
0.035903834
0.035069241
0.034245886
0.033434149
0.032634378
0.031846889
0.031071967
0.030309863
0.029560801
0.028824971
0.028102537
0.027393633
0.026698367
0.026016821
0.025349053
0.024695095
0.02405496
0.023428639
0.022816099
0.02221729
0.021632136
0.021060543
0.020502413
0.058551811
0.057635207
0.056714021
0.055788815
0.054860213
0.053928865
0.05299544
0.052060629
0.051125131
0.050189662
0.049254941
0.048321695
0.047390649
0.046462525
0.045538039
0.044617899
0.043702797
0.042793411
0.041890402
0.040994408
0.040106045
0.039225904
0.038354548
0.037492513
0.036640306
0.035798401
0.034967244
0.034147246
0.033338788
0.032542218
0.031757852
0.030985974
0.030226838
0.029480665
0.028747648
0.028027951
0.027321708
0.026629029
0.025949996
0.025284668
0.024633079
0.023995244
0.023371153
0.022760779
0.022164072
0.021580964
0.021011379
0.020455282
0.059224724
0.058319016
0.057408169
0.056492639
0.055573
0.054649878
0.053723924
0.052795812
0.051866229
0.050935881
0.050005482
0.049075752
0.048147419
0.047221208
0.046297842
0.045378036
0.044462497
0.043551918
0.042646977
0.041748332
0.040856621
0.039972461
0.039096441
0.038229125
0.037371046
0.036522712
0.035684598
0.034857146
0.03404077
0.033235849
0.032442732
0.031661735
0.030893141
0.030137205
0.029394149
0.028664166
0.02794742
0.027244048
0.026554158
0.025877836
0.02521514
0.024566108
0.023930754
0.023309072
0.022701036
0.022106602
0.021525711
0.02095831
0.020404402
0.058967856
0.058068404
0.057163714
0.056254257
0.055340601
0.054423372
0.053503221
0.052580823
0.051656868
0.050732061
0.049807118
0.048882762
0.047959717
0.047038711
0.046120466
0.045205698
0.044295113
0.043389403
0.042489246
0.041595299
0.040708202
0.039828567
0.038956984
0.038094016
0.037240198
0.036396035
0.035562
0.034738539
0.033926062
0.03312495
0.03233555
0.031558179
0.030793121
0.03004063
0.02930093
0.028574213
0.027860645
0.027160362
0.026473476
0.025800072
0.025140211
0.02449393
0.023861247
0.023242159
0.022636643
0.022044659
0.021466158
0.020901105
0.02034952
0.058691795
0.057799061
0.056900981
0.055998042
0.055090809
0.054179906
0.053265987
0.052349726
0.051431816
0.050512961
0.04959388
0.048675295
0.047757933
0.04684252
0.045929778
0.045020424
0.044115162
0.043214685
0.042319669
0.041430772
0.04054863
0.039673859
0.038807045
0.037948751
0.037099511
0.03625983
0.035430181
0.034611007
0.03380272
0.033005701
0.032220296
0.031446822
0.030685564
0.029936775
0.02920068
0.028477473
0.02776732
0.027070358
0.026386699
0.02571643
0.025059614
0.02441629
0.023786478
0.023170178
0.022567369
0.021978019
0.021402083
0.02083954
0.020290416
0.058395609
0.057510092
0.056619108
0.055723156
0.054822807
0.053918686
0.053011447
0.052101766
0.051190336
0.050277864
0.049365069
0.048452674
0.047541406
0.046631992
0.045725153
0.044821605
0.043922054
0.04302719
0.042137689
0.041254209
0.040377385
0.039507831
0.038646133
0.037792853
0.036948525
0.036113652
0.035288707
0.034474133
0.033670342
0.032877712
0.032096592
0.031327299
0.030570116
0.029825299
0.029093072
0.028373629
0.027667138
0.026973737
0.02629354
0.025626634
0.024973084
0.024332932
0.023706199
0.023092887
0.022492982
0.021906453
0.021333263
0.020773397
0.020226883
0.058078404
0.057200618
0.056317233
0.055428761
0.05453578
0.053638916
0.052738825
0.051836186
0.050931692
0.050026053
0.049119987
0.048214219
0.047309476
0.046406484
0.045505965
0.044608636
0.043715199
0.042826346
0.041942752
0.041065073
0.040193943
0.039329976
0.038473757
0.037625847
0.036786778
0.035957054
0.035137147
0.034327499
0.033528521
0.032740593
0.031964062
0.031199245
0.030446426
0.029705861
0.028977775
0.028262363
0.027559793
0.026870205
0.026193713
0.025530408
0.024880354
0.024243597
0.023620159
0.023010047
0.022413248
0.021829736
0.021259479
0.020702464
0.020158719
0.057739296
0.05686977
0.055994505
0.055114027
0.054228917
0.053339805
0.052447351
0.051552234
0.050655152
0.049756814
0.048857939
0.047959253
0.047061484
0.046165357
0.045271595
0.044380912
0.043494011
0.042611584
0.041734304
0.040862826
0.039997784
0.039139789
0.038289428
0.037447258
0.036613812
0.035789593
0.034975071
0.034170689
0.033376857
0.032593954
0.031822329
0.031062296
0.030314143
0.029578123
0.028854463
0.028143359
0.02744498
0.026759467
0.026086935
0.025427477
0.024781159
0.02414803
0.023528113
0.022921418
0.022327936
0.021747643
0.021180511
0.02062653
0.020085726
0.057377416
0.056516694
0.05565009
0.054778136
0.053901418
0.053020574
0.052136264
0.051249172
0.050359995
0.049469445
0.048578242
0.047687112
0.046796783
0.045907981
0.045021428
0.044137838
0.043257913
0.042382344
0.041511802
0.040646942
0.039788397
0.038936776
0.038092665
0.037256622
0.036429177
0.035610832
0.034802057
0.034003295
0.033214955
0.032437415
0.031671024
0.030916097
0.030172921
0.029441751
0.028722814
0.028016307
0.027322398
0.026641232
0.025972926
0.025317572
0.02467524
0.024045979
0.023429817
0.022826765
0.022236818
0.021659954
0.021096148
0.020545392
0.020007711
0.056991919
0.056140563
0.055283174
0.054420292
0.05355251
0.052680466
0.051804827
0.050926277
0.050045518
0.049163262
0.048280229
0.047397147
0.046514744
0.045633745
0.044754871
0.043878836
0.043006343
0.042138079
0.041274715
0.040416906
0.039565283
0.038720454
0.037883002
0.037053486
0.036232434
0.035420347
0.034617696
0.03382492
0.03304243
0.032270603
0.031509788
0.0307603
0.030022426
0.029296422
0.028582515
0.027880903
0.027191757
0.026515221
0.025851414
0.02520043
0.024562342
0.023937199
0.023325035
0.02272586
0.022139673
0.021566456
0.021006185
0.020458852
0.019924485
0.056581991
0.055740579
0.054892979
0.054039735
0.053181445
0.052318754
0.051452329
0.05058286
0.049711048
0.048837609
0.047963263
0.047088737
0.04621476
0.045342058
0.044471351
0.043603351
0.04273876
0.041878265
0.041022537
0.040172227
0.039327965
0.038490358
0.03765999
0.036837415
0.036023162
0.035217731
0.034421592
0.033635183
0.032858914
0.032093162
0.031338276
0.030594572
0.029862337
0.029141826
0.028433267
0.02773686
0.027052777
0.026381163
0.025722138
0.0250758
0.024442222
0.023821457
0.023213539
0.022618484
0.02203629
0.021466944
0.020910422
0.020366722
0.019835868
0.056146868
0.055315994
0.05447877
0.053635746
0.052787524
0.051934752
0.051078103
0.050218267
0.04935595
0.048491866
0.047626738
0.046761294
0.045896261
0.045032366
0.044170327
0.043310858
0.042454657
0.04160241
0.040754787
0.039912438
0.039075991
0.038246053
0.037423204
0.036608
0.035800965
0.035002601
0.034213374
0.033433724
0.032664059
0.031904757
0.031156166
0.030418601
0.02969235
0.028977669
0.028274788
0.027583905
0.026905195
0.026238804
0.025584855
0.024943445
0.024314652
0.023698531
0.023095117
0.022504429
0.021926469
0.021361225
0.020808677
0.020268823
0.019741689
0.055685846
0.054866118
0.054039873
0.053207665
0.052370099
0.05152783
0.050681531
0.049831898
0.048979636
0.048125462
0.0472701
0.046414277
0.045558721
0.044704157
0.043851304
0.043000873
0.042153563
0.041310057
0.040471024
0.039637112
0.038808948
0.037987137
0.037172257
0.036364863
0.035565478
0.034774602
0.033992701
0.033220214
0.032457547
0.03170508
0.030963158
0.030232098
0.029512188
0.028803684
0.028106817
0.027421787
0.026748768
0.02608791
0.025439337
0.024803148
0.024179422
0.023568217
0.022969572
0.022383508
0.021810029
0.021249125
0.02070078
0.020164992
0.019641793
0.055198299
0.054390339
0.053575688
0.052754903
0.051928597
0.051097425
0.050262066
0.049423216
0.048581585
0.047737888
0.046892852
0.046047203
0.045201669
0.044356974
0.043513837
0.042672967
0.041835061
0.041000802
0.040170855
0.039345868
0.038526466
0.037713251
0.036906801
0.036107668
0.035316376
0.034533421
0.033759269
0.032994358
0.032239094
0.031493855
0.030758987
0.030034808
0.029321603
0.028619632
0.027929125
0.027250283
0.026583283
0.025928275
0.025285385
0.024654714
0.024036345
0.023430337
0.022836731
0.022255552
0.021686806
0.021130486
0.020586579
0.020055086
0.01953604
0.054683701
0.053888139
0.053085705
0.052276964
0.051462529
0.05064306
0.04981924
0.048991767
0.048161352
0.047328712
0.046494573
0.045659662
0.044824707
0.04399043
0.04315755
0.042326773
0.041498795
0.040674297
0.039853944
0.03903838
0.038228229
0.037424091
0.036626542
0.035836132
0.035053384
0.034278791
0.033512821
0.032755908
0.032008459
0.031270851
0.03054343
0.029826512
0.029120387
0.028425311
0.027741516
0.027069206
0.026408558
0.025759723
0.025122829
0.024497982
0.023885263
0.023284736
0.022696446
0.022120418
0.021556663
0.021005177
0.020465948
0.019938982
0.019424315
0.054141641
0.053359113
0.052569529
0.051773456
0.050971513
0.050164362
0.049352688
0.048537194
0.047718588
0.046897592
0.046074931
0.045251331
0.04442752
0.043604219
0.042782144
0.041962002
0.041144486
0.040330274
0.03952003
0.038714396
0.037913992
0.037119419
0.036331249
0.035550031
0.034776285
0.034010505
0.033253155
0.03250467
0.031765455
0.031035886
0.030316311
0.029607044
0.028908376
0.028220564
0.02754384
0.02687841
0.026224451
0.025582118
0.024951539
0.024332823
0.023726054
0.023131298
0.022548602
0.021977996
0.021419493
0.020873093
0.020338788
0.019816585
0.019306525
0.053571849
0.052802996
0.052026896
0.051244122
0.050455294
0.049661079
0.048862165
0.048059255
0.04725306
0.046444301
0.045633703
0.044821993
0.044009897
0.043198135
0.042387422
0.041578461
0.040771945
0.03996855
0.039168936
0.038373743
0.037583591
0.036799075
0.036020768
0.035249216
0.034484937
0.033728423
0.032980137
0.032240514
0.031509956
0.030788841
0.030077514
0.029376292
0.028685463
0.028005287
0.027335996
0.026677798
0.02603087
0.02539537
0.024771428
0.024159154
0.023558636
0.022969943
0.022393124
0.021828213
0.021275227
0.020734168
0.020205033
0.019687832
0.019182611
0.052974222
0.052219683
0.051457702
0.050688855
0.049913768
0.049133109
0.048347568
0.047557849
0.046764666
0.045968739
0.045170794
0.044371555
0.043571748
0.042772091
0.041973297
0.041176068
0.040381094
0.039589048
0.038800588
0.038016352
0.037236956
0.036462994
0.035695036
0.034933626
0.03417928
0.033432489
0.032693714
0.031963388
0.031241915
0.030529668
0.029826995
0.029134212
0.028451606
0.02777944
0.027117947
0.026467333
0.02582778
0.025199445
0.024582463
0.023976944
0.02338298
0.022800642
0.022229984
0.021671042
0.021123836
0.020588374
0.020064656
0.019552699
0.019052549
0.052348851
0.051609259
0.050862025
0.050107732
0.049347006
0.048580518
0.047808961
0.047033039
0.046253467
0.045470965
0.044686257
0.043900069
0.043113123
0.042326136
0.041539819
0.040754871
0.039971979
0.039191814
0.038415031
0.037642265
0.03687413
0.036111218
0.035354095
0.034603302
0.033859356
0.033122744
0.032393926
0.031673333
0.030961368
0.030258405
0.02956479
0.028880839
0.028206841
0.027543058
0.026889724
0.026247048
0.025615211
0.024994375
0.024384673
0.023786221
0.023199113
0.022623422
0.022059206
0.021506504
0.020965342
0.020435732
0.019917678
0.019411203
0.018916358
0.051696055
0.05097203
0.050240162
0.049501037
0.048755283
0.048003573
0.047246602
0.046485074
0.045719704
0.044951213
0.044180323
0.043407758
0.04263424
0.041860482
0.041087192
0.040315069
0.039544794
0.038777037
0.038012449
0.037251663
0.03649529
0.035743917
0.03499811
0.034258407
0.033525321
0.032799339
0.032080919
0.03137049
0.030668455
0.029975187
0.02929103
0.028616302
0.027951292
0.027296262
0.026651446
0.026017056
0.025393275
0.024780264
0.024178162
0.023587085
0.02300713
0.022438374
0.021880878
0.021334686
0.020799827
0.020276318
0.019764172
0.019263416
0.018774107
0.051016408
0.050308554
0.049592654
0.048869295
0.048139108
0.047402769
0.04666097
0.04591442
0.045163832
0.044409924
0.04365342
0.04289504
0.042135504
0.041375523
0.040615802
0.039857035
0.039099903
0.038345071
0.037593187
0.03684488
0.036100759
0.035361407
0.034627388
0.033899237
0.033177465
0.032462557
0.031754967
0.031055126
0.030363434
0.029680263
0.029005958
0.028340835
0.027685185
0.027039269
0.026403325
0.025777562
0.025162169
0.024557306
0.023963115
0.023379716
0.022807206
0.022245667
0.021695163
0.021155741
0.020627437
0.020110274
0.019604271
0.019109464
0.018625918
0.050310783
0.049619679
0.048920322
0.048213305
0.04749926
0.04677886
0.046052803
0.045321794
0.044586545
0.043847776
0.043106207
0.042362555
0.041617538
0.040871865
0.040126237
0.039381344
0.038637863
0.037896458
0.037157771
0.036422428
0.035691035
0.034964172
0.034242399
0.033526249
0.03281623
0.032112825
0.031416487
0.030727644
0.030046695
0.029374012
0.028709939
0.028054793
0.027408864
0.026772414
0.026145682
0.02552888
0.024922195
0.024325793
0.023739815
0.023164385
0.022599603
0.022045554
0.021502304
0.020969905
0.020448398
0.019937812
0.019438175
0.018949538
0.018471975
0.049580386
0.048906577
0.04822431
0.04753418
0.046836818
0.0461329
0.045423123
0.04470819
0.043988815
0.043265713
0.042539601
0.041811197
0.041081213
0.040350354
0.039619319
0.038888794
0.038159453
0.037431953
0.036706935
0.03598502
0.03526681
0.034552883
0.033843795
0.033140075
0.03244223
0.031750739
0.031066055
0.030388603
0.02971878
0.029056959
0.028403483
0.027758669
0.027122806
0.026496159
0.025878965
0.02527144
0.024673772
0.024086128
0.023508653
0.022941472
0.022384688
0.021838389
0.021302643
0.020777507
0.020263024
0.019759231
0.019266167
0.0187839
0.018312527
0.0488268
0.04817079
0.047506118
0.046833379
0.046153206
0.045466275
0.04477328
0.044074925
0.04337192
0.042664978
0.041954816
0.041242144
0.040527674
0.039812106
0.039096134
0.038380441
0.037665697
0.036952553
0.036241647
0.035533597
0.034828998
0.034128427
0.033432436
0.03274155
0.032056275
0.031377085
0.030704432
0.03003874
0.029380405
0.028729797
0.02808726
0.027453111
0.026827639
0.026211109
0.025603761
0.025005811
0.024417448
0.023838844
0.023270143
0.022711474
0.022162942
0.021624637
0.021096631
0.020578981
0.020071733
0.019574928
0.01908862
0.018612904
0.018147907
0.04805203
0.047414272
0.046767649
0.046112758
0.045450231
0.044780743
0.044104987
0.043423665
0.042737484
0.042047155
0.041353389
0.040656896
0.039958379
0.039258538
0.038558062
0.037857627
0.037157898
0.036459525
0.035763138
0.035069352
0.03437876
0.033691931
0.033009415
0.032331735
0.031659391
0.030992859
0.030332584
0.029678991
0.029032474
0.028393403
0.027762119
0.027138941
0.026524157
0.025918035
0.025320814
0.024732712
0.024153921
0.023584613
0.023024936
0.022475021
0.021934976
0.021404892
0.020884842
0.020374885
0.019875066
0.019385431
0.01890605
0.018437053
0.047258548
0.046639434
0.046011253
0.045374607
0.044730125
0.044078481
0.043420365
0.042756476
0.042087519
0.041414201
0.040737228
0.040057306
0.039375135
0.038691408
0.038006809
0.03732201
0.036637671
0.035954435
0.035272931
0.034593766
0.033917529
0.033244787
0.032576083
0.031911939
0.031252852
0.030599292
0.029951706
0.029310513
0.028676109
0.02804886
0.02742911
0.026817175
0.026213345
0.025617888
0.025031044
0.024453033
0.02388405
0.023324267
0.022773837
0.022232892
0.021701543
0.021179885
0.02066799
0.020165919
0.019673716
0.019191439
0.018719204
0.046449346
0.045849191
0.045239775
0.0446217
0.043995593
0.043362124
0.042721981
0.042075861
0.041424463
0.04076849
0.040108644
0.039445626
0.03878013
0.038112844
0.037444446
0.036775604
0.036106972
0.035439187
0.034772873
0.034108632
0.033447049
0.032788685
0.032134081
0.031483754
0.030838197
0.030197879
0.029563243
0.028934708
0.028312666
0.027697485
0.027089505
0.026489044
0.025896393
0.025311819
0.024735565
0.024167851
0.023608875
0.023058813
0.022517819
0.021986028
0.021463557
0.0209505
0.020446938
0.019952932
0.019468541
0.018993863
0.045627982
0.045047018
0.044456604
0.043857342
0.043249857
0.042634815
0.0420129
0.041384804
0.040751223
0.040112855
0.039470396
0.03882454
0.038175977
0.037525388
0.036873447
0.036220814
0.035568137
0.03491605
0.034265168
0.033616091
0.032969396
0.032325641
0.031685363
0.031049074
0.030417265
0.029790402
0.029168924
0.028553248
0.027943766
0.027340843
0.026744821
0.026156016
0.02557472
0.025001201
0.024435703
0.023878449
0.023329638
0.022789448
0.022258039
0.021735549
0.021222097
0.020717786
0.020222702
0.019736922
0.019260537
0.018793694
0.044798639
0.044236998
0.043665724
0.043085422
0.042496711
0.041900253
0.041296727
0.040686822
0.040071226
0.039450632
0.038825731
0.03819721
0.037565753
0.036932035
0.036296722
0.03566047
0.035023919
0.034387696
0.033752414
0.033118663
0.032487017
0.03185803
0.031232233
0.030610136
0.029992223
0.029378958
0.02877078
0.028168102
0.027571314
0.026980782
0.026396844
0.025819819
0.025249997
0.024687649
0.02413302
0.023586335
0.023047795
0.022517582
0.021995857
0.021482765
0.02097843
0.02048296
0.019996451
0.019518992
0.019050694
0.01859171
0.043966176
0.043423876
0.04287177
0.042310462
0.041740566
0.041162741
0.04057766
0.039986004
0.039388457
0.038785705
0.038178432
0.03756732
0.036953043
0.036336272
0.035717664
0.035097869
0.034477521
0.033857241
0.033237634
0.032619285
0.032002764
0.031388618
0.030777375
0.030169538
0.029565591
0.028965993
0.028371179
0.027781563
0.02719753
0.026619447
0.026047651
0.025482461
0.024924168
0.024373043
0.023829333
0.023293264
0.022765041
0.022244849
0.021732853
0.021229201
0.020734022
0.020247433
0.019769534
0.019300425
0.018840225
0.018389088
0.04313619
0.042613118
0.042080078
0.041537672
0.04098651
0.040427243
0.039860538
0.03928707
0.038707516
0.038122556
0.037532865
0.036939118
0.036341983
0.035742122
0.035140186
0.034536817
0.033932643
0.033328277
0.032724318
0.032121346
0.031519924
0.030920595
0.030323881
0.029730282
0.029140277
0.028554322
0.02797285
0.027396272
0.026824972
0.026259314
0.025699638
0.02514626
0.024599472
0.024059547
0.023526733
0.023001257
0.022483329
0.021973135
0.021470844
0.020976608
0.020490563
0.020012828
0.019543512
0.019082721
0.018630578
0.01818724
0.04231507
0.04181097
0.04129675
0.040773011
0.040240357
0.039699431
0.039150895
0.038595416
0.038033664
0.037466309
0.036894021
0.036317466
0.035737304
0.035154189
0.034568766
0.033981667
0.033393514
0.032804914
0.032216458
0.031628721
0.031042259
0.03045761
0.029875291
0.029295797
0.028719605
0.028147167
0.027578913
0.02701525
0.026456563
0.025903214
0.025355542
0.024813862
0.024278469
0.023749635
0.023227609
0.022712624
0.022204887
0.02170459
0.021211906
0.02072699
0.020249981
0.019781005
0.019320174
0.0188676
0.018423415
0.017987779
0.041510065
0.041024516
0.040528707
0.040023239
0.039508707
0.038985749
0.038455017
0.037917172
0.037372875
0.036822788
0.036267572
0.035707886
0.035144381
0.034577704
0.034008489
0.033437364
0.032864941
0.032291821
0.031718588
0.031145811
0.030574039
0.030003805
0.029435622
0.02886998
0.028307351
0.027748185
0.027192908
0.026641926
0.026095621
0.025554355
0.025018466
0.024488269
0.023964059
0.023446109
0.022934672
0.022429978
0.021932241
0.021441654
0.020958393
0.020482616
0.020014466
0.019554072
0.019101552
0.018657021
0.018220619
0.017792514
0.040729343
0.040261742
0.039783754
0.03929598
0.038799006
0.038293463
0.037779995
0.037259253
0.036731891
0.036198562
0.035659919
0.03511661
0.03456928
0.034018566
0.033465096
0.032909487
0.032352346
0.031794265
0.031235823
0.03067758
0.030120081
0.029563854
0.029009404
0.02845722
0.027907768
0.027361494
0.026818824
0.026280159
0.025745882
0.025216351
0.024691904
0.024172858
0.023659507
0.023152125
0.022650965
0.022156263
0.021668232
0.021187067
0.020712949
0.020246039
0.019786481
0.019334408
0.018889939
0.018453192
0.018024313
0.017603482
0.039982065
0.039531606
0.039070649
0.03859979
0.03811961
0.03763073
0.037133787
0.036629422
0.036118279
0.035601005
0.035078243
0.034550632
0.034018807
0.033483398
0.032945024
0.032404295
0.03186181
0.031318153
0.030773896
0.030229593
0.029685784
0.02914299
0.028601712
0.028062434
0.027525619
0.026991709
0.026461126
0.025934272
0.025411525
0.024893244
0.024379766
0.023871406
0.023368462
0.022871207
0.022379896
0.021894765
0.021416031
0.020943893
0.020478532
0.020020113
0.019568783
0.019124677
0.018687915
0.018258618
0.017836957
0.03927846
0.038844113
0.038399169
0.037944223
0.037479849
0.037006659
0.03652528
0.036036346
0.035540491
0.035038353
0.034530565
0.034017759
0.033500561
0.032979591
0.032455461
0.031928773
0.031400118
0.030870073
0.030339203
0.029808057
0.029277167
0.028747049
0.028218201
0.027691102
0.027166209
0.026643964
0.026124785
0.025609071
0.0250972
0.024589529
0.024086394
0.023588112
0.023094978
0.022607269
0.022125241
0.021649131
0.021179159
0.020715526
0.020258416
0.019807998
0.019364425
0.018927835
0.018498361
0.018076152
0.017661403
0.038629904
0.03821039
0.037780194
0.03733991
0.036890106
0.036431384
0.035964363
0.035489668
0.035007925
0.034519762
0.034025803
0.033526672
0.033022987
0.032515359
0.032004391
0.031490679
0.030974804
0.03045734
0.029938842
0.029419854
0.028900904
0.028382501
0.027865139
0.027349292
0.026835416
0.026323947
0.025815301
0.025309877
0.024808049
0.024310175
0.023816589
0.02332761
0.022843532
0.022364632
0.021891169
0.021423382
0.020961492
0.020505704
0.020056205
0.019613168
0.019176749
0.018747095
0.018324347
0.017908665
0.017500241
0.038049024
0.037642785
0.037225794
0.036798644
0.036361895
0.035916144
0.035461999
0.035000078
0.034530999
0.034055379
0.033573837
0.033086987
0.032595437
0.032099792
0.031600648
0.031098592
0.0305942
0.030088037
0.029580655
0.02907259
0.028564364
0.028056484
0.027549438
0.027043696
0.026539712
0.026037918
0.025538729
0.02504254
0.024549726
0.024060642
0.023575625
0.023094989
0.022619032
0.022148033
0.021682249
0.021221922
0.020767276
0.020318517
0.019875837
0.019439411
0.019009401
0.018585956
0.018169224
0.017759369
0.01735658
0.0375498
0.037154972
0.036749332
0.036333477
0.03590796
0.035473372
0.035030314
0.034579396
0.034121227
0.033656419
0.03318558
0.032709317
0.032228232
0.031742921
0.031253974
0.030761971
0.030267483
0.029771067
0.02927327
0.028774624
0.028275647
0.027776839
0.027278687
0.026781656
0.026286197
0.02579274
0.025301699
0.024813466
0.024328415
0.023846901
0.02336926
0.022895806
0.022426839
0.021962635
0.021503457
0.021049546
0.020601127
0.020158411
0.01972159
0.019290844
0.018866335
0.01844822
0.018036647
0.017631784
0.017233821
0.037147711
0.036762081
0.03636559
0.035958839
0.035542382
0.035116801
0.034682694
0.034240663
0.033791311
0.03333524
0.032873054
0.032405353
0.03193273
0.031455778
0.030975079
0.030491207
0.030004728
0.029516195
0.02902615
0.02853512
0.02804362
0.027552147
0.027061182
0.02657119
0.02608262
0.025595898
0.025111437
0.024629628
0.024150845
0.02367544
0.02320375
0.02273609
0.022272759
0.021814036
0.021360181
0.020911439
0.020468038
0.020030187
0.019598082
0.019171904
0.018751819
0.018337985
0.017930554
0.017529696
0.0171356
0.036859899
0.036480859
0.036090907
0.035690668
0.035280699
0.034861578
0.034433897
0.03399825
0.033555234
0.033105447
0.032649484
0.03218794
0.031721406
0.031250466
0.0307757
0.030297678
0.02981696
0.029334097
0.028849627
0.028364074
0.027877949
0.027391748
0.026905949
0.026421015
0.025937393
0.025455508
0.024975772
0.024498574
0.024024288
0.023553266
0.023085844
0.022622339
0.022163047
0.02170825
0.021258209
0.020813168
0.020373357
0.019938986
0.019510253
0.019087339
0.018670412
0.018259628
0.017855145
0.017457136
0.017065785
0.036705369
0.036329863
0.035943366
0.035546581
0.035140079
0.034724428
0.034300208
0.033868005
0.033428409
0.032982015
0.032529414
0.032071197
0.031607952
0.031140262
0.030668701
0.030193839
0.029716234
0.029236433
0.028754974
0.028272378
0.027789155
0.027305799
0.026822788
0.026340583
0.025859628
0.025380352
0.024903162
0.024428449
0.023956585
0.023487923
0.023022799
0.022561528
0.02210441
0.021651724
0.021203732
0.02076068
0.020322797
0.019890295
0.01946337
0.019042204
0.018626966
0.018217812
0.017814904
0.017418463
)
;

boundaryField
{
    inletLow
    {
        type            fixedValue;
        value           nonuniform List<scalar> 0();
    }
    inletJet
    {
        type            fixedValue;
        value           nonuniform List<scalar> 0();
    }
    inletHigh
    {
        type            fixedValue;
        value           nonuniform List<scalar> 0();
    }
    outlet
    {
        type            inletOutlet;
        inletValue      nonuniform List<scalar> 0();
        value           nonuniform List<scalar> 0();
    }
    upperWall
    {
        type            inletOutlet;
        inletValue      uniform 0;
        value           nonuniform List<scalar> 
44
(
0.036705369
0.036329863
0.035943366
0.035546581
0.035140079
0.034724428
0.034300208
0.033868005
0.033428409
0.032982015
0.032529414
0.032071197
0.031607952
0.031140262
0.030668701
0.030193839
0.029716234
0.029236433
0.028754974
0.028272378
0.027789155
0.027305799
0.026822788
0.026340583
0.025859628
0.025380352
0.024903162
0.024428449
0.023956585
0.023487923
0.023022799
0.022561528
0.02210441
0.021651724
0.021203732
0.02076068
0.020322797
0.019890295
0.01946337
0.019042204
0.018626966
0.018217812
0.017814904
0.017418463
)
;
    }
    lowerWall
    {
        type            inletOutlet;
        inletValue      nonuniform List<scalar> 0();
        value           nonuniform List<scalar> 0();
    }
    frontAndBack
    {
        type            empty;
    }
    procBoundary0to1
    {
        type            processor;
        value           nonuniform List<scalar> 
80
(
0.015500566
0.015500051
0.015498855
0.015496952
0.015918253
0.015918253
0.015915024
0.015911272
0.015906719
0.016337034
0.016337034
0.016330561
0.016771368
0.016771368
0.016762376
0.017212853
0.017212853
0.01720072
0.017659989
0.017659989
0.017644041
0.018111186
0.018111186
0.018090641
0.018067939
0.018042967
0.018509415
0.018509415
0.019467387
0.018478339
0.018949078
0.019467387
0.019957856
0.019957856
0.019912841
0.01986414
0.01981153
0.019754814
0.019693806
0.019628319
0.019558169
0.019483172
0.019403149
0.019317927
0.019227343
0.019131249
0.01902951
0.018922016
0.01880868
0.018689443
0.018564285
0.018433225
0.018296332
0.018153726
0.018005594
0.0178522
0.017693942
0.01797894
0.01797894
0.018257474
0.018257474
0.018529188
0.018529188
0.018336621
0.018142225
0.01794718
0.017752872
0.017560863
0.01737291
0.017191021
0.017423244
0.017423244
0.017254335
0.017099258
0.016961029
0.016842927
0.016748452
0.016681346
0.017028698
0.017028698
)
;
    }
    procBoundary0to2
    {
        type            processor;
        value           nonuniform List<scalar> 
66
(
0.061635839
0.061630301
0.061618904
0.061601617
0.061578427
0.061550999
0.061520193
0.061483595
0.061440778
0.061391293
0.061334666
0.0612704
0.06119797
0.061116823
0.061026382
0.06092604
0.060815162
0.060693085
0.060559118
0.060412541
0.060252605
0.060078533
0.059889523
0.059684747
0.05946337
0.05946337
0.060125049
0.059861715
0.059578732
0.059275154
0.058950058
0.058602535
0.058231694
0.05783667
0.057416632
0.056970798
0.05649845
0.05599895
0.055471763
0.05491647
0.0543328
0.053720651
0.053080122
0.052411542
0.051715505
0.05099291
0.050244996
0.049473391
0.04868015
0.047867811
0.047039438
0.046198678
0.045349815
0.044497823
0.04364843
0.042808173
0.041984463
0.041185653
0.040421108
0.03970128
0.039037797
0.038443558
0.037932855
0.037521505
0.037227027
0.037068852
)
;
    }
    procBoundary0to4
    {
        type            processor;
        value           nonuniform List<scalar> 6(0.018248379 0.017757669 0.017280182 0.016815809 0.01636447 0.01592615);
    }
    procBoundary0to5
    {
        type            processor;
        value           nonuniform List<scalar> 
52
(
0.060670194
0.059700471
0.058727088
0.057750581
0.056771541
0.055790588
0.054808365
0.053825538
0.052842794
0.051860831
0.050880361
0.049902101
0.048926772
0.047955094
0.046987781
0.046025542
0.045069072
0.044119051
0.043176144
0.042240994
0.041314221
0.04039642
0.03948816
0.038589981
0.037702394
0.036825876
0.035960874
0.035107803
0.034267045
0.033438946
0.032623823
0.031821957
0.031033598
0.030258966
0.029498247
0.028751599
0.02801915
0.027301003
0.026597232
0.025907887
0.025232994
0.024572558
0.023926564
0.023294976
0.022677744
0.022074803
0.021486077
0.020911482
0.020350931
0.019804347
0.019271684
0.018752914
)
;
    }
}


// ************************************************************************* //
