/*--------------------------------*- C++ -*----------------------------------*\
| =========                 |                                                 |
| \\      /  F ield         | OpenFOAM: The Open Source CFD Toolbox           |
|  \\    /   O peration     | Version:  2312                                  |
|   \\  /    A nd           | Website:  www.openfoam.com                      |
|    \\/     M anipulation  |                                                 |
\*---------------------------------------------------------------------------*/
FoamFile
{
    version     2.0;
    format      ascii;
    arch        "LSB;label=32;scalar=64";
    class       volScalarField;
    location    "0.1";
    object      Ma;
}
// * * * * * * * * * * * * * * * * * * * * * * * * * * * * * * * * * * * * * //

dimensions      [0 0 0 0 0 0 0];

internalField   nonuniform List<scalar> 
3251
(
0.0042470942
0.0041778048
0.0041088927
0.0040403756
0.0039722719
0.0039046005
0.0038373798
0.0037706286
0.0037043654
0.0036386085
0.0035733761
0.0035086858
0.003444555
0.0033810003
0.0033180382
0.0032556841
0.0031939531
0.0031328593
0.0030724164
0.003012637
0.0029535332
0.0028951159
0.0028373956
0.0027803818
0.0027240831
0.0026685074
0.0026136617
0.0025595524
0.0025061849
0.002453564
0.0024016939
0.0023505779
0.0023002188
0.0022506188
0.0022017794
0.0021537018
0.0021063865
0.0020598337
0.0020140433
0.0019690147
0.0019247472
0.0018812399
0.0018384917
0.0017965015
0.0017552682
0.0017147905
0.0016750671
0.0016360967
0.0015978781
0.0015604102
0.0015236929
0.0014877272
0.0014525175
0.0014180674
0.0013843755
0.001351441
0.0013192646
0.0012878493
0.0042468608
0.0041775845
0.0041086851
0.0040401804
0.003972089
0.0039044295
0.0038372206
0.0037704808
0.0037042288
0.0036384829
0.0035732612
0.0035085814
0.0034444608
0.0033809162
0.0033179639
0.0032556194
0.0031938977
0.0031328131
0.003072379
0.0030126083
0.0029535129
0.002895104
0.0028373918
0.0027803858
0.0027240948
0.0026685266
0.0026136883
0.0025595861
0.0025062256
0.0024536116
0.0024017482
0.0023506388
0.0023002861
0.0022506924
0.0022018592
0.0021537877
0.0021064785
0.0020599317
0.0020141472
0.0019691245
0.0019248628
0.0018813612
0.0018386186
0.0017966341
0.0017554063
0.0017149342
0.0016752165
0.0016362519
0.0015980393
0.0015605779
0.0015238676
0.0014879092
0.0014527063
0.0014182621
0.0013845756
0.0013516461
0.0013194746
0.0012880646
0.0042463845
0.0041771339
0.0041082596
0.0040397797
0.0039717124
0.0039040764
0.0038368905
0.0037701734
0.0037039434
0.0036382191
0.0035730185
0.0035083593
0.0034442588
0.0033807339
0.0033178007
0.003255475
0.0031937716
0.0031327048
0.0030722882
0.0030125346
0.0029534558
0.002895063
0.0028373666
0.0027803761
0.0027241001
0.0026685466
0.0026137226
0.0025596345
0.0025062877
0.0024536871
0.0024018368
0.0023507402
0.0023004002
0.0022508188
0.0022019979
0.0021539384
0.002106641
0.002060106
0.002014333
0.0019693218
0.0019250715
0.0018815812
0.00183885
0.0017968767
0.0017556602
0.0017151993
0.001675493
0.00163654
0.0015983394
0.0015608903
0.0015241928
0.0014882476
0.0014530576
0.0014186254
0.0013849504
0.0013520324
0.0013198724
0.0012884742
0.0042456647
0.0041764525
0.0041076158
0.0040391727
0.0039711413
0.0039035406
0.0038363891
0.0037697055
0.0037035085
0.0036378163
0.0035726471
0.0035080186
0.0034439482
0.0033804525
0.003317548
0.0032552502
0.0031935741
0.0031325339
0.0030721433
0.003012415
0.0029533609
0.0028949923
0.0028373194
0.0027803519
0.0027240983
0.0026685667
0.0026137641
0.0025596968
0.0025063704
0.0024537898
0.002401959
0.0023508816
0.0023005604
0.0022509975
0.0022021947
0.0021541532
0.0021068735
0.0020603559
0.0020146003
0.0019696062
0.001925373
0.0018818997
0.0018391854
0.001797229
0.0017560294
0.0017155856
0.0016758965
0.0016369609
0.001598778
0.0015613472
0.0015246684
0.0014887423
0.0014535712
0.0014191572
0.0013855001
0.0013525999
0.0013204578
0.0012890786
0.0042446999
0.0041755388
0.0041067521
0.0040383578
0.0039703743
0.0039028203
0.0038357145
0.0037690757
0.0037029223
0.0036372729
0.0035721454
0.0035075577
0.0034435271
0.0033800704
0.0033172039
0.0032549432
0.0031933033
0.0031322985
0.0030719424
0.0030122477
0.0029532265
0.0028948899
0.0028372483
0.0027803113
0.0027240875
0.002668585
0.0026138108
0.0025597712
0.002506472
0.0024539179
0.0024021132
0.0023510612
0.002300765
0.0022512267
0.0022024481
0.0021544304
0.0021071742
0.0020606799
0.0020149473
0.0019699761
0.0019257657
0.0018823151
0.0018396234
0.0017976897
0.0017565128
0.0017160918
0.0016764256
0.0016375133
0.001599354
0.0015619473
0.0015252932
0.0014893922
0.001454246
0.0014198565
0.0013862235
0.0013533474
0.0013212299
0.0042435613
0.0041744604
0.0041057325
0.0040373957
0.0039694685
0.0039019695
0.0038349175
0.0037683312
0.0037022293
0.0036366301
0.0035715518
0.0035070121
0.0034430284
0.0033796174
0.0033167956
0.0032545786
0.0031929813
0.0031320181
0.0030717026
0.0030120476
0.002953065
0.0028947662
0.0028371614
0.0027802603
0.0027240716
0.0026686033
0.0026138625
0.0025598557
0.0025065884
0.0024540656
0.0024022915
0.0023512697
0.0023010029
0.0022514937
0.0022027436
0.002154754
0.0021075256
0.0020610588
0.0020153535
0.0019704095
0.001926226
0.0018828023
0.0018401375
0.0017982306
0.0017570807
0.0017166867
0.0016770478
0.0016381631
0.0016000319
0.0015626537
0.0015260286
0.0014901571
0.0014550404
0.00142068
0.001387076
0.0013542287
0.0013221404
0.0042423127
0.0041732795
0.0041046178
0.0040363459
0.003968482
0.003901045
0.0038340536
0.0037675265
0.0037014825
0.0036359399
0.0035709169
0.0035064312
0.0034425003
0.0033791409
0.0033163694
0.0032542015
0.0031926522
0.0031317359
0.003071466
0.0030118556
0.0029529165
0.0028946601
0.0028370967
0.002780236
0.0027240868
0.0026686571
0.002613954
0.002559984
0.0025067528
0.0024542653
0.0024025257
0.0023515378
0.0023013044
0.0022518279
0.0022031101
0.0021551524
0.0021079556
0.00206152
0.0020158457
0.0019709324
0.0019267796
0.0018833866
0.0018407525
0.0017988764
0.0017577574
0.0017173946
0.001677787
0.0016389341
0.001600835
0.0015634896
0.0015268978
0.0014910599
0.0014559769
0.0014216501
0.0013880795
0.0013552657
0.0013232115
0.004240851
0.0041718983
0.0041033154
0.0040351206
0.0039673321
0.0038999688
0.0038330495
0.0037665929
0.0037006178
0.0036351425
0.0035701853
0.0035057639
0.0034418957
0.0033785977
0.0033158861
0.0032537766
0.0031922844
0.0031314237
0.0030712082
0.0030116508
0.0029527635
0.0028945575
0.0028370434
0.0027802308
0.0027241286
0.0026687447
0.0026140864
0.0025601603
0.002506972
0.0024545265
0.0024028282
0.0023518807
0.0023016871
0.0022522497
0.0022035706
0.002155651
0.0021084918
0.0020620936
0.0020164565
0.0019715802
0.0019274643
0.0018841082
0.001841511
0.001799672
0.0017585903
0.001718265
0.0016786954
0.0016398808
0.0016018207
0.0015645148
0.001527963
0.0014921657
0.0014571234
0.001422837
0.0013893069
0.001356534
0.001324522
0.0042391512
0.0041702927
0.004101802
0.0040336973
0.003965997
0.0038987199
0.0038318849
0.0037655108
0.0036996162
0.0036342196
0.0035693394
0.0035049931
0.0034411984
0.003377972
0.0033153304
0.0032532893
0.0031918638
0.0031310683
0.0030709163
0.0030114209
0.0029525941
0.0028944472
0.0028369907
0.0027802344
0.0027241871
0.0026688569
0.0026142511
0.0025603763
0.0025072382
0.0024548419
0.0024031919
0.0023522918
0.0023021448
0.0022527534
0.0022041195
0.0021562446
0.0021091298
0.0020627755
0.002017182
0.0019723491
0.0019282766
0.0018849639
0.0018424102
0.0018006148
0.0017595771
0.0017192961
0.0016797712
0.0016410019
0.0016029876
0.0015657282
0.0015292235
0.0014934737
0.0014584791
0.0014242405
0.0013907582
0.0013580339
0.0042371886
0.0041684388
0.0041000545
0.0040320538
0.0039644552
0.0038972777
0.0038305399
0.0037642609
0.0036984593
0.0036331536
0.0035683621
0.0035041026
0.0034403926
0.003377249
0.0033146882
0.003252726
0.0031913775
0.0031306571
0.0030705785
0.0030111546
0.0029523976
0.0028943189
0.002836929
0.0027802376
0.0027242537
0.0026689855
0.0026144402
0.0025606247
0.0025075446
0.0024552052
0.0024036109
0.0023527656
0.0023026725
0.0022533341
0.0022047526
0.0021569294
0.0021098658
0.0020635623
0.0020180193
0.0019732368
0.0019292144
0.0018859519
0.0018434486
0.0018017038
0.0017607169
0.0017204872
0.0016810141
0.0016422971
0.0016043358
0.0015671299
0.0015306796
0.0014949846
0.0014600451
0.0014258614
0.0013924345
0.0013597668
0.004234937
0.0041663115
0.0040980486
0.0040301667
0.0039626843
0.0038956204
0.0038289937
0.0037628233
0.0036971279
0.003631926
0.0035672358
0.0035030754
0.0034394621
0.003376413
0.0033139445
0.0032520723
0.0031908117
0.0031301771
0.0030701823
0.0030108401
0.0029521629
0.002894162
0.002836848
0.0027802308
0.0027243194
0.0026691219
0.0026146459
0.002560898
0.0025078842
0.0024556098
0.0024040792
0.0023532965
0.0023032649
0.0022539871
0.0022054654
0.0021577014
0.0021106962
0.0020644508
0.0020189655
0.0019742404
0.0019302754
0.0018870702
0.0018446244
0.0018029374
0.0017620086
0.0017218374
0.0016824233
0.0016437659
0.0016058649
0.00156872
0.0015323313
0.0014966985
0.0014618214
0.0014277003
0.0013943365
0.0042323696
0.0041638847
0.0040957593
0.004028012
0.0039606611
0.0038937258
0.0038272249
0.0037611774
0.0036956021
0.0036305177
0.0035659423
0.003501894
0.0034383902
0.0033754481
0.003313084
0.0032513138
0.0031901527
0.0031296152
0.0030697151
0.0030104655
0.0029518785
0.0028939657
0.0028367378
0.0027802045
0.0027243751
0.0026692578
0.0026148601
0.0025611889
0.0025082501
0.0024560492
0.0024045908
0.0023538789
0.002303917
0.0022547078
0.0022062538
0.0021585566
0.0021116176
0.0020654378
0.0020200177
0.0019753576
0.0019314574
0.0018883171
0.0018459362
0.0018043144
0.0017634511
0.001723346
0.0016839984
0.0016454081
0.0016075748
0.0015704984
0.0015341789
0.0014986159
0.0014638087
0.0014297576
0.0013964652
0.0042294583
0.0041611314
0.0040931606
0.0040255644
0.0039583613
0.0038915706
0.003825211
0.0037593017
0.0036938615
0.003628909
0.0035644626
0.0035005403
0.0034371596
0.0033743376
0.0033120909
0.0032504353
0.003189386
0.0031289577
0.0030691642
0.0030100185
0.002951533
0.0028937192
0.0028365879
0.002780149
0.0027244117
0.0026693845
0.0026150748
0.0025614897
0.0025086352
0.0024565169
0.0024051395
0.0023545072
0.0023046235
0.0022554914
0.0022071133
0.0021594912
0.0021126265
0.0020665203
0.0020211733
0.001976586
0.0019327584
0.0018896907
0.0018473825
0.0018058336
0.0017650436
0.0017250122
0.0016857389
0.0016472234
0.0016094655
0.0015724652
0.0015362225
0.0015007369
0.0014660072
0.0014320341
0.0042261735
0.0041580231
0.004090225
0.0040227977
0.0039557598
0.0038891304
0.0038229288
0.0037571738
0.0036918844
0.0036270793
0.003562777
0.0034989954
0.0034357522
0.0033730645
0.0033109488
0.0032494211
0.0031884968
0.0031281904
0.0030685158
0.0030094863
0.0029511141
0.0028934109
0.0028363875
0.002780054
0.0027244197
0.002669493
0.0026152816
0.0025617926
0.0025090323
0.0024570062
0.0024057192
0.0023551757
0.0023053793
0.0022563331
0.0022080397
0.0021605011
0.0021137191
0.0020676949
0.0020224293
0.001977923
0.0019341762
0.0018911891
0.0018489616
0.0018074937
0.001766785
0.0017268352
0.0016876441
0.0016492113
0.0016115367
0.0015746203
0.0015384622
0.0015030616
0.0014684171
0.0014345303
0.0042224844
0.0041545302
0.0040869239
0.0040196842
0.0039528298
0.0038863799
0.0038203536
0.0037547701
0.0036896483
0.003625007
0.0035608647
0.0034972395
0.003434149
0.0033716104
0.0033096404
0.0032482549
0.0031874693
0.0031272984
0.003067756
0.0030088554
0.0029506091
0.0028930288
0.0028361253
0.0027799089
0.0027243889
0.0026695738
0.0026154716
0.0025620894
0.0025094336
0.0024575098
0.0024063232
0.0023558782
0.0023061786
0.0022572276
0.0022090281
0.0021615822
0.0021148918
0.0020689583
0.0020237828
0.001979366
0.0019357084
0.0018928104
0.001850672
0.0018092933
0.0017686741
0.0017288142
0.0016897134
0.0016513714
0.001613788
0.0015769633
0.0015408976
0.0015055899
0.0014710387
0.0042183586
0.0041506213
0.0040832272
0.0040161951
0.0039495436
0.003883292
0.0038174597
0.0037520658
0.0036871294
0.0036226693
0.003558704
0.0034952517
0.0034323301
0.0033699564
0.0033081474
0.0032469192
0.0031862871
0.0031262659
0.0030668697
0.0030081118
0.0029500046
0.0028925601
0.0028357893
0.0027797023
0.0027243086
0.002669617
0.0026156355
0.0025623713
0.0025098309
0.0024580202
0.0024069444
0.0023566082
0.0023070154
0.0022581695
0.0022100735
0.0021627298
0.0021161403
0.0020703067
0.0020252303
0.001980912
0.0019373524
0.0018945522
0.0018525115
0.0018112305
0.0017707093
0.0017309478
0.0016919456
0.0016537026
0.0016162186
0.0015794937
0.0015435283
0.0015083213
0.001473872
0.0042137618
0.0041462636
0.0040791032
0.0040122996
0.0039458716
0.0038798386
0.00381422
0.003749035
0.0036843027
0.0036200421
0.0035562717
0.0034930098
0.0034302743
0.0033680823
0.0033064507
0.0032453956
0.0031849325
0.0031250763
0.0030658411
0.0030072402
0.0029492864
0.0028919915
0.0028353666
0.0027794221
0.0027241676
0.0026696119
0.0026157632
0.0025626288
0.0025102155
0.0024585292
0.0024075753
0.0023573586
0.0023078832
0.0022591528
0.0022111705
0.0021639388
0.0021174601
0.002071736
0.0020267681
0.0019825575
0.0019391052
0.0018964118
0.0018544778
0.0018133034
0.001772889
0.0017332344
0.0016943395
0.001656204
0.0016188277
0.0015822107
0.0015463536
0.0015112555
0.0042086584
0.0041414225
0.0040745187
0.0040079659
0.0039417832
0.00387599
0.0038106059
0.0037456501
0.0036811418
0.0036171002
0.0035535437
0.0034904909
0.0034279595
0.0033659669
0.0033045299
0.0032436648
0.0031833872
0.003123712
0.0030646535
0.003006225
0.0029484393
0.0028913085
0.0028348438
0.0027790557
0.0027239538
0.0026695472
0.0026158441
0.0025628521
0.002510578
0.002459028
0.0024082076
0.0023581219
0.002308775
0.002260171
0.0022123129
0.0021652038
0.002118846
0.0020732415
0.002028392
0.0019842989
0.0019409634
0.0018983862
0.0018565681
0.0018155096
0.0017752109
0.0017356723
0.0016968934
0.0016588741
0.0016216139
0.0015851131
0.0015493726
0.0015143916
0.0042030108
0.0041360618
0.0040694387
0.0040031603
0.0039372459
0.0038717151
0.0038065874
0.0037418823
0.0036776192
0.003613817
0.0035504946
0.0034876704
0.0034253623
0.0033635877
0.0033023637
0.0032417065
0.0031816317
0.0031221545
0.0030632892
0.0030050492
0.0029474475
0.0028904962
0.0028342066
0.0027785894
0.0027236544
0.0026694107
0.0026158668
0.0025630304
0.0025109084
0.0024595073
0.0024088327
0.0023588899
0.0023096833
0.002261217
0.0022134945
0.0021665189
0.0021202927
0.0020748183
0.0020300975
0.001986132
0.0019429231
0.0019004719
0.0018587793
0.001817846
0.0017776725
0.0017382589
0.0016996051
0.0016617108
0.0016245755
0.0015881995
0.0015525842
0.0015177295
0.0041967799
0.0041301439
0.0040638268
0.0039978478
0.003932226
0.0038669813
0.0038021334
0.0037377017
0.0036737058
0.0036101649
0.0035470977
0.0034845228
0.0034224582
0.0033609215
0.0032999297
0.0032394991
0.0031796457
0.0031203844
0.0030617297
0.0030036953
0.0029462941
0.0028895385
0.0028334399
0.002778009
0.0027232559
0.0026691898
0.0026158194
0.0025631524
0.0025111962
0.0024599572
0.0024094413
0.002359654
0.0023106
0.0022622835
0.0022147082
0.0021678775
0.0021217942
0.0020764608
0.0020318795
0.0019880521
0.0019449802
0.0019026651
0.0018611079
0.0018203096
0.0017802707
0.0017409916
0.0017024722
0.0016647121
0.0016277104
0.001591468
0.0015559868
0.001521268
0.0041899249
0.0041236293
0.0040576452
0.0039919917
0.0039266882
0.0038617547
0.003797211
0.0037330768
0.0036693717
0.0036061148
0.0035433253
0.0034810215
0.0034192218
0.0033579438
0.0032972045
0.0032370205
0.0031774077
0.0031183812
0.0030599556
0.0030021448
0.0029449617
0.0028884189
0.0028325279
0.0027772996
0.0027227442
0.0026688712
0.0026156892
0.0025632064
0.0025114301
0.0024603671
0.0024100236
0.002360405
0.0023115164
0.0022633623
0.0022159466
0.0021692728
0.0021233441
0.0020781632
0.0020337325
0.0019900542
0.00194713
0.0019049615
0.00186355
0.0018228966
0.0017830022
0.0017438671
0.0017054916
0.0016678749
0.0016310159
0.001594916
0.0015595781
0.0041824036
0.0041164774
0.0040508546
0.0039855542
0.003920596
0.0038560002
0.0037917866
0.0037279751
0.0036645854
0.0036016368
0.0035391484
0.0034771389
0.0034156266
0.0033546292
0.0032941639
0.0032342474
0.0031748956
0.0031161239
0.0030579469
0.0030003785
0.0029434321
0.0028871201
0.0028314542
0.0027764456
0.0027221046
0.0026684408
0.0026154631
0.0025631799
0.0025115986
0.0024607263
0.0024105693
0.0023611333
0.0023124237
0.0022644451
0.0022172018
0.0021706975
0.0021249356
0.0020799192
0.0020356508
0.0019921329
0.0019493675
0.0019073564
0.0018661011
0.0018256031
0.0017858632
0.0017468821
0.0017086599
0.0016711959
0.0016344889
0.0015985409
0.0015633554
0.0041741724
0.004108646
0.0040434141
0.003978496
0.0039139117
0.0038496813
0.0037858251
0.0037223629
0.0036593146
0.0035966997
0.0035345374
0.0034728464
0.0034116452
0.0033509516
0.0032907829
0.0032311558
0.0031720866
0.0031135906
0.0030556826
0.0029983767
0.0029416863
0.002885624
0.0028302018
0.0027754309
0.0027213218
0.0026678843
0.0026151276
0.00256306
0.0025116895
0.0024610232
0.0024110677
0.0023618289
0.0023133125
0.0022655233
0.0022184658
0.002172144
0.0021265618
0.0020817222
0.0020376282
0.0019942825
0.0019516874
0.0019098449
0.0018687568
0.0018284247
0.0017888496
0.0017500324
0.0017119733
0.0016746713
0.0016381261
0.0041651864
0.0041000918
0.0040352822
0.0039707769
0.0039065963
0.0038427607
0.0037792905
0.0037162056
0.0036535262
0.0035912717
0.0035294615
0.0034681146
0.0034072494
0.0033468839
0.0032870356
0.0032277212
0.0031689572
0.0031107589
0.0030531415
0.002996119
0.0029397051
0.0028839124
0.0028287533
0.0027742389
0.0027203801
0.0026671869
0.0026146685
0.0025628337
0.0025116905
0.0024612462
0.0024115078
0.0023624815
0.002314173
0.0022665876
0.00221973
0.0021736045
0.0021282151
0.0020835653
0.0020396583
0.0019964971
0.0019540842
0.0019124219
0.0018715122
0.0018313568
0.0017919571
0.001753314
0.0017154276
0.0016782972
0.0041553998
0.0040907705
0.004026416
0.0039623557
0.0038986103
0.0038352003
0.0037721461
0.003709468
0.0036471861
0.0035853202
0.0035238897
0.0034629136
0.0034024106
0.0033423988
0.0032828958
0.0032239185
0.0031654834
0.0031076061
0.0030503017
0.0029935847
0.0029374687
0.0028819666
0.0028270909
0.0027728529
0.0027192637
0.0026663335
0.0026140718
0.0025624875
0.0025115888
0.0024613835
0.0024118786
0.0023630807
0.0023149956
0.002267629
0.0022209859
0.0021750709
0.0021298882
0.0020854416
0.0020417347
0.0019987706
0.0019565522
0.001915082
0.0018743623
0.0018343949
0.0017951814
0.0017567228
0.0017190192
0.0016820701
0.0042091384
0.0041447651
0.0040806368
0.0040167719
0.0039531904
0.0038899133
0.0038269611
0.0037643546
0.0037021142
0.0036402601
0.0035788122
0.0035177901
0.003457213
0.0033970997
0.0033374685
0.0032783369
0.0032197223
0.003161641
0.003104109
0.0030471415
0.002990753
0.0029349574
0.0028797678
0.0028251967
0.002771256
0.0027179566
0.0026653091
0.0026133232
0.002562008
0.002511372
0.0024614232
0.0024121689
0.0023636159
0.0023157704
0.0022686383
0.002222225
0.0021765352
0.0021315735
0.0020873441
0.0020438507
0.0020010969
0.0019590857
0.0019178199
0.0018773021
0.0018375343
0.0017985181
0.0017602548
0.0017227447
0.001685988
0.0041970583
0.0041332359
0.0040696452
0.0040063061
0.0039432388
0.0038804646
0.0038180042
0.0037558785
0.0036941081
0.0036327133
0.0035717144
0.003511131
0.0034509824
0.0033912877
0.0033320651
0.0032733325
0.0032151072
0.0031574059
0.0031002446
0.0030436387
0.002987603
0.0029321513
0.0028772972
0.0028230532
0.0027694313
0.0027164429
0.0026640987
0.0026124085
0.0025613819
0.0025110275
0.0024613535
0.0024123676
0.0023640769
0.0023164878
0.0022696065
0.0022234387
0.0021779895
0.0021332638
0.0020892659
0.0020460001
0.00200347
0.0019616791
0.0019206304
0.0018803267
0.0018407702
0.0018019629
0.0017639061
0.0017266005
0.001690047
0.0041839977
0.0041207647
0.0040577502
0.0039949747
0.0039324587
0.0038702236
0.0038082903
0.0037466801
0.0036854136
0.0036245114
0.0035639938
0.0035038807
0.0034441915
0.0033849454
0.0033261609
0.003267856
0.0032100482
0.0031527542
0.0030959902
0.0030397719
0.0029841142
0.0029290311
0.0028745364
0.0028206428
0.0027673625
0.0027147072
0.0026626876
0.0026113141
0.0025605963
0.0025105431
0.0024611631
0.0024124642
0.0023644537
0.0023171385
0.0022705249
0.002224619
0.0021794263
0.0021349519
0.0020912005
0.0020481766
0.0020058842
0.001964327
0.0019235084
0.0018834313
0.0018440984
0.0018055116
0.0017676728
0.0017305828
0.0016942433
0.0041699073
0.0041073047
0.0040449066
0.0039827342
0.0039208082
0.00385915
0.003797781
0.0037367224
0.0036759952
0.0036156202
0.0035556178
0.003496008
0.0034368106
0.0033780447
0.003319729
0.0032618818
0.0032045206
0.0031476625
0.0030913237
0.0030355201
0.0029802667
0.002925578
0.0028714676
0.0028179488
0.0027650338
0.0027127345
0.002661062
0.0026100269
0.0025596389
0.0025099075
0.0024608413
0.0024124486
0.002364737
0.0023177137
0.0022713855
0.0022257585
0.0021808386
0.0021366314
0.0020931418
0.0020503746
0.0020083342
0.0019670246
0.0019264494
0.0018866118
0.0018475147
0.0018091605
0.0017715511
0.001734688
0.0016985732
0.0041547391
0.0040928097
0.0040310702
0.0039695421
0.0039082464
0.0038472046
0.0037864385
0.0037259693
0.0036658184
0.0036060067
0.0035465547
0.0034874828
0.0034288108
0.0033705579
0.0033127433
0.003255385
0.0031985011
0.0031421085
0.003086224
0.0030308633
0.0029760419
0.0029217742
0.0028680743
0.0028149555
0.0027624304
0.0027105111
0.0026592089
0.0026085347
0.0025584985
0.0025091101
0.0024603783
0.0024123118
0.0023649184
0.0023182058
0.0022721809
0.0022268503
0.0021822203
0.0021382966
0.0020950846
0.0020525893
0.0020108156
0.0019697676
0.0019294493
0.0018898643
0.0018510156
0.001812906
0.0017755378
0.0017389127
0.0017030332
0.0041384466
0.0040772352
0.0040161982
0.0039553573
0.0038947338
0.0038343496
0.0037742265
0.0037143862
0.0036548501
0.0035956393
0.0035367746
0.0034782765
0.0034201649
0.0033624594
0.0033051791
0.0032483425
0.0031919676
0.0031360716
0.0030806715
0.0030257832
0.0029714222
0.0029176035
0.0028643411
0.0028116487
0.0027595391
0.0027080246
0.0026571169
0.0026068269
0.0025571652
0.0025081417
0.0024597657
0.0024120459
0.0023649908
0.0023186081
0.0022729053
0.0022278891
0.0021835663
0.0021399428
0.0020970246
0.0020548169
0.0020133247
0.0019725528
0.0019325053
0.001893186
0.0018545985
0.0018167457
0.0017796302
0.0017432543
0.0017076206
0.0041209859
0.004060539
0.0040002499
0.0039401408
0.0038802332
0.0038205494
0.0037611113
0.0037019408
0.0036430595
0.0035844888
0.0035262496
0.0034683626
0.003410848
0.0033537255
0.0032970143
0.0032407332
0.0031849003
0.0031295331
0.0030746487
0.0030202633
0.0029663925
0.0029130516
0.0028602549
0.0028080161
0.0027563485
0.0027052645
0.0026547762
0.0026048947
0.002555631
0.0025069951
0.0024589968
0.0024116451
0.0023649487
0.0023189158
0.0022735542
0.002228871
0.0021848731
0.0021415671
0.0020989591
0.0020570548
0.0020158595
0.0019753782
0.0019356154
0.0018965753
0.0018582618
0.001820678
0.0017838269
0.0017477111
0.0017123336
0.0041023161
0.0040426818
0.0039831879
0.0039238569
0.0038647106
0.0038057715
0.0037470617
0.0036886035
0.0036304186
0.0035725286
0.0035149547
0.0034577176
0.0034008378
0.0033443352
0.0032882292
0.0032325388
0.0031772822
0.0031224772
0.0030681409
0.00301429
0.0029609402
0.002908107
0.0028558049
0.002804048
0.0027528498
0.0027022229
0.0026521797
0.0026027317
0.00255389
0.0025056652
0.0024580672
0.0024111054
0.0023647889
0.0023191262
0.0022741253
0.0022297939
0.0021861393
0.0021431683
0.0021008873
0.0020593024
0.0020184194
0.0019782434
0.0019387795
0.0019000321
0.0018620053
0.0018247027
0.0017881276
0.0017522827
0.0017171716
0.0040824005
0.0040236288
0.0039649789
0.0039064739
0.0038481359
0.0037899874
0.003732051
0.003674349
0.0036169036
0.0035597363
0.0035028687
0.0034463218
0.003390116
0.0033342716
0.0032788081
0.0032237446
0.0031690997
0.0031148914
0.003061137
0.0030078532
0.0029550562
0.0029027615
0.002850984
0.0027997381
0.0027490374
0.002698895
0.0026493234
0.0026003345
0.0025519397
0.0025041499
0.0024569754
0.0024104259
0.0023645109
0.0023192391
0.002274619
0.0022306587
0.0021873658
0.0021447474
0.0021028105
0.0020615613
0.0020210061
0.0019811504
0.0019419995
0.0019035581
0.0018658308
0.0018288215
0.0017925336
0.0017569704
0.0017221356
0.0040612082
0.0040033505
0.0039455951
0.0038879656
0.0038304842
0.0037731738
0.0037160572
0.003659157
0.0036024954
0.0035460944
0.0034899756
0.0034341602
0.0033786689
0.0033235221
0.0032687396
0.0032143407
0.0031603441
0.003106768
0.00305363
0.003000947
0.0029487354
0.002897011
0.002845789
0.0027950839
0.0027449098
0.0026952799
0.0026462071
0.0025977036
0.0025497811
0.0025024509
0.0024557235
0.0024096091
0.0023641175
0.0023192578
0.0022750389
0.0022314692
0.0021885566
0.0021463089
0.0021047331
0.002063836
0.0020236242
0.0019841035
0.0019452796
0.0019071577
0.0018697424
0.0018330382
0.0017970487
0.0017617776
0.0017272286
0.0040387148
0.003981824
0.0039250152
0.0038683121
0.0038117373
0.0037553139
0.003699065
0.0036430134
0.0035871815
0.0035315915
0.0034762652
0.003421224
0.003366489
0.0033120805
0.0032580186
0.0032043228
0.003151012
0.0030981047
0.0030456186
0.0029935709
0.0029419784
0.0028908569
0.0028402219
0.0027900883
0.0027404703
0.0026913816
0.0026428354
0.0025948441
0.0025474198
0.002500574
0.0024543179
0.0024086617
0.0023636158
0.0023191896
0.0022753924
0.0022322329
0.0021897196
0.0021478604
0.0021066629
0.0020661343
0.0020262813
0.0019871104
0.0019486275
0.001910838
0.0018737472
0.0018373595
0.0018016793
0.0017667101
0.0017324562
0.0040149046
0.0039590352
0.0039032262
0.0038475019
0.0037918849
0.0037363988
0.0036810668
0.0036259118
0.0035709567
0.0035162237
0.0034617348
0.0034075118
0.0033535756
0.0032999471
0.0032466465
0.0031936934
0.003141107
0.0030889059
0.0030371081
0.0029857312
0.0029347919
0.0028843066
0.0028342909
0.0027847599
0.0027357283
0.0026872101
0.0026392185
0.0025917667
0.0025448668
0.0024985309
0.0024527702
0.0024075957
0.0023630179
0.0023190467
0.0022756918
0.0022329623
0.002190867
0.0021494143
0.0021086121
0.0020684681
0.0020289894
0.0019901827
0.0019520543
0.0019146101
0.0018778556
0.0018417957
0.0018064348
0.0017717771
0.0017378269
0.0039897724
0.0039349799
0.0038802254
0.0038255334
0.0037709268
0.0037164293
0.0036620645
0.0036078555
0.0035538252
0.0034999963
0.0034463908
0.0033930307
0.0033399373
0.0032871314
0.0032346335
0.0031824635
0.0031306408
0.0030791842
0.0030281119
0.0029774416
0.0029271905
0.0028773751
0.0028280115
0.0027791149
0.0027307003
0.002682782
0.0026353738
0.0025884888
0.0025421398
0.0024963391
0.0024510985
0.0024064291
0.0023623419
0.0023188472
0.0022759551
0.0022336752
0.0021920165
0.002150988
0.002110598
0.0020708544
0.0020317649
0.0019933364
0.0019555758
0.0019184892
0.0018820824
0.0018463608
0.001811329
0.0017769915
0.001743353
0.0039633252
0.0039096665
0.0038560221
0.003802417
0.0037488743
0.0036954179
0.0036420716
0.0035888588
0.0035358025
0.0034829256
0.0034302504
0.003377799
0.0033255927
0.0032736529
0.003222
0.0031706542
0.0031196351
0.0030689617
0.0030186524
0.0029687254
0.0029191979
0.0028700867
0.0028214081
0.0027731779
0.0027254112
0.0026781226
0.0026313263
0.0025850358
0.0025392643
0.0024940243
0.002449328
0.0024051871
0.0023616128
0.0023186159
0.002276207
0.0022343959
0.0021931922
0.0021526052
0.0021126437
0.002073316
0.0020346301
0.0019965934
0.0019592131
0.0019224957
0.0018864474
0.0018510738
0.00181638
0.0017823708
0.0017490511
0.0039355851
0.0038831177
0.00383064
0.0037781773
0.0037257529
0.0036733909
0.0036211153
0.0035689496
0.0035169172
0.003465041
0.0034133436
0.0033618471
0.0033105733
0.0032595434
0.0032087783
0.0031582982
0.003108123
0.003058272
0.0030087638
0.0029596167
0.0029108483
0.0028624758
0.0028145155
0.0027669837
0.0027198958
0.0026732667
0.0026271109
0.0025814424
0.0025362746
0.0024916205
0.0024474927
0.0024039033
0.0023608639
0.0023183858
0.0022764798
0.0022351563
0.0021944255
0.0021542968
0.0021147795
0.0020758824
0.0020376138
0.0019999817
0.0019629934
0.001926656
0.001890976
0.0018559594
0.0018216116
0.0017879377
0.001754943
0.0039065918
0.0038553739
0.00380412
0.0037528557
0.0037016046
0.0036503908
0.0035992386
0.0035481716
0.0034972134
0.0034463871
0.0033957153
0.0033452205
0.0032949245
0.0032448489
0.0031950146
0.003145442
0.0030961513
0.003047162
0.0029984929
0.0029501626
0.0029021889
0.0028545892
0.0028073805
0.0027605789
0.0027142005
0.0026682603
0.0026227734
0.0025777539
0.0025332158
0.0024891724
0.0024456368
0.0024026213
0.0023601382
0.002318199
0.0022768152
0.0022359974
0.0021957562
0.0021561018
0.0021170436
0.0020785909
0.0020407525
0.0020035367
0.0019669513
0.0019310036
0.0018957007
0.0018610488
0.0018270538
0.0017937211
0.0017610564
0.0038764053
0.0038264955
0.0037765229
0.0037265134
0.0036764907
0.0036264793
0.0035765033
0.0035265868
0.0034767533
0.0034270261
0.0033774281
0.0033279818
0.0032787093
0.0032296321
0.0031807715
0.0031321482
0.0030837824
0.0030356938
0.0029879017
0.0029404246
0.0028932809
0.0028464882
0.0028000636
0.0027540237
0.0027083849
0.0026631626
0.0026183721
0.0025740282
0.0025301449
0.0024867363
0.0024438156
0.0024013958
0.0023594894
0.0023181085
0.0022772649
0.0022369699
0.0021972344
0.0021580689
0.0021194836
0.002081488
0.0020440913
0.0020073024
0.0019711293
0.0019355799
0.0019006615
0.0018663807
0.0018327439
0.0017997569
0.0017674258
0.0038451098
0.0037965664
0.0037479324
0.003699234
0.0036504949
0.0036017398
0.0035529929
0.0035042784
0.00345562
0.0034070411
0.0033585647
0.0033102134
0.0032620095
0.0032139747
0.0031661305
0.0031184977
0.0030710967
0.0030239474
0.0029770694
0.0029304816
0.0028842024
0.0028382498
0.0027926413
0.0027473938
0.0027025238
0.0026580474
0.0026139801
0.0025703371
0.0025271329
0.0024843819
0.0024420978
0.0024002941
0.0023589836
0.0023181791
0.0022778927
0.0022381361
0.0021989208
0.0021602578
0.0021221576
0.0020846303
0.0020476855
0.0020113323
0.0019755795
0.0019404352
0.0019059071
0.0018720024
0.0018387276
0.0018060891
0.0017740934
0.0038128166
0.0037656975
0.003718459
0.0036711274
0.0036237266
0.0035762812
0.0035288157
0.0034813542
0.0034339207
0.0033865384
0.0033392307
0.0032920203
0.0032449295
0.0031979803
0.0031511942
0.0031045922
0.003058195
0.0030120228
0.0029660952
0.0029204314
0.0028750502
0.0028299699
0.0027852081
0.0027407823
0.0026967093
0.0026530054
0.0026096866
0.0025667686
0.0025242662
0.0024821942
0.0024405669
0.0023993981
0.0023587013
0.0023184895
0.0022787754
0.0022395713
0.002200889
0.0021627401
0.0021251355
0.0020880858
0.0020516011
0.0020156909
0.0019803645
0.0019456302
0.0019114964
0.0018779706
0.0018450596
0.0018127705
0.0017811102
0.0037796684
0.0037340305
0.0036882433
0.0036423332
0.0035963243
0.003550241
0.003504108
0.0034579495
0.0034117894
0.0033656512
0.0033195582
0.0032735333
0.0032275988
0.003181777
0.0031360894
0.0030905573
0.0030452015
0.0030000425
0.0029551
0.0029103937
0.0028659424
0.0028217647
0.0027778788
0.0027343023
0.0026910525
0.002648146
0.0026055993
0.0025634283
0.0025216486
0.0024802751
0.0024393228
0.0023988058
0.0023587382
0.0023191334
0.0022800048
0.002241365
0.0022032264
0.002165601
0.0021285003
0.0020919354
0.0020559168
0.0020204545
0.0019855582
0.0019512369
0.0019174991
0.0018843527
0.0018518054
0.0018198642
0.001788537
0.0037458432
0.0037017418
0.0036574601
0.0036130246
0.0035684595
0.0035237891
0.0034790381
0.0034342308
0.0033893911
0.0033445425
0.0032997084
0.0032549117
0.003210175
0.0031655205
0.00312097
0.0030765449
0.0030322661
0.0029881544
0.0029442298
0.002900512
0.0028570203
0.0028137737
0.0027707905
0.0027280887
0.002685686
0.0026435995
0.002601846
0.0025604419
0.0025194031
0.0024787452
0.0024384835
0.0023986327
0.0023592073
0.0023202215
0.0022816888
0.0022436226
0.0022060357
0.0021689407
0.0021323497
0.002096274
0.0020607249
0.0020257128
0.0019912478
0.0019573395
0.0019239968
0.0018912281
0.0018590412
0.0018274441
0.001796445
0.0037115587
0.0036690467
0.0036263223
0.0035834123
0.0035403405
0.0034971314
0.0034538096
0.0034103994
0.0033669245
0.0033234087
0.0032798752
0.0032363472
0.0031928471
0.0031493973
0.0031060198
0.0030627361
0.0030195673
0.0029765343
0.0029336575
0.0028909567
0.0028484517
0.0028061615
0.002764105
0.0027223005
0.002680766
0.0026395191
0.0025985769
0.0025579564
0.002517674
0.0024777457
0.0024381872
0.0023990139
0.0023602408
0.0023218825
0.0022839532
0.0022464667
0.0022094366
0.0021728757
0.0021367968
0.0021012118
0.0020661324
0.0020315696
0.0019975341
0.0019640359
0.0019310844
0.0018986883
0.0018668557
0.0018355954
0.001804917
0.0036770765
0.0036362038
0.0035950854
0.0035537484
0.0035122164
0.0034705139
0.0034286653
0.0033866947
0.003344626
0.0033024829
0.0032602886
0.0032180661
0.0031758383
0.0031336273
0.0030914554
0.0030493441
0.0030073149
0.0029653886
0.002923586
0.0028819273
0.0028404323
0.0027991205
0.0027580111
0.0027171227
0.0026764739
0.0026360825
0.0025959663
0.0025561425
0.0025166281
0.0024774397
0.0024385935
0.0024001053
0.0023619908
0.002324265
0.0022869429
0.0022500387
0.0022135665
0.0021775399
0.002141972
0.0021068754
0.0020722624
0.0020381445
0.002004533
0.0019714383
0.0019388704
0.0019068379
0.0018753498
0.0018444172
0.0036427066
0.0036035188
0.0035640512
0.0035243307
0.003484381
0.0034442262
0.0034038906
0.0033633982
0.0033227729
0.0032820382
0.0032412174
0.0032003334
0.0031594091
0.0031184668
0.0030775288
0.0030366168
0.0029957523
0.0029549565
0.0029142503
0.0028736542
0.0028331883
0.0027928725
0.0027527262
0.0027127685
0.0026730184
0.0026334942
0.002594214
0.0025551958
0.0025164568
0.0024780142
0.0024398848
0.0024020851
0.0023646311
0.0023275387
0.0022908231
0.0022544994
0.0022185823
0.0021830857
0.0021480236
0.0021134091
0.002079255
0.0020455734
0.0020123762
0.0019796744
0.001947478
0.0019157963
0.0018846411
0.0036088112
0.0035713488
0.0035335715
0.003495506
0.0034571758
0.0034186047
0.0033798169
0.0033408362
0.0033016863
0.0032623906
0.0032229724
0.0031834546
0.0031438599
0.003104211
0.0030645299
0.0030248387
0.002985159
0.0029455122
0.0029059193
0.0028664011
0.0028269782
0.0027876706
0.0027484982
0.0027094806
0.002670637
0.0026319864
0.0025935473
0.002555338
0.0025173766
0.0024796808
0.0024422678
0.0024051547
0.0023683583
0.0023318949
0.0022957804
0.0022600306
0.0022246607
0.0021896853
0.002155119
0.0021209754
0.0020872681
0.0020540098
0.0020212127
0.0019888885
0.0019570477
0.001925702
0.0035758083
0.0035401057
0.0035040519
0.0034676736
0.0034309938
0.0033940362
0.0033568246
0.0033193826
0.0032817338
0.0032439014
0.0032059085
0.0031677782
0.0031295331
0.0030911958
0.0030527885
0.0030143333
0.002975852
0.0029373663
0.0028988973
0.0028604662
0.0028220938
0.0027838005
0.0027456067
0.0027075323
0.002669597
0.0026318202
0.002594221
0.0025568184
0.0025196308
0.0024826766
0.0024459736
0.0024095396
0.002373392
0.0023375476
0.0023020232
0.0022668351
0.0022319991
0.0021975306
0.0021634447
0.0021297559
0.0020964781
0.0020636249
0.0020312092
0.001999243
0.0019677383
0.0019367077
0.0035441749
0.0035102588
0.0034759541
0.0034412874
0.0034062814
0.0033709593
0.0033353447
0.0032994609
0.0032633312
0.0032269788
0.0031904266
0.0031536975
0.0031168143
0.0030797993
0.0030426751
0.0030054636
0.0029681871
0.0029308671
0.0028935253
0.0028561831
0.0028188614
0.0027815813
0.0027443634
0.0027072282
0.0026701957
0.002633286
0.0025965188
0.0025599134
0.002523489
0.0024872646
0.0024512586
0.0024154896
0.0023799754
0.0023447337
0.0023097819
0.002275137
0.0022408156
0.0022068337
0.002173207
0.0021399509
0.0021070799
0.0020746083
0.0020425497
0.0020109173
0.0019797238
0.0019489824
0.0035144486
0.0034823364
0.0034497974
0.0034168577
0.0033835397
0.0033498663
0.0033158604
0.0032815453
0.0032469438
0.0032120791
0.0031769738
0.0031416509
0.0031061328
0.0030704422
0.0030346015
0.0029986329
0.0029625586
0.0029264005
0.0028901806
0.0028539204
0.0028176414
0.002781365
0.0027451121
0.0027089039
0.0026727608
0.0026367035
0.0026007521
0.0025649268
0.0025292473
0.0024937332
0.0024584037
0.002423278
0.0023883747
0.0023537122
0.0023193085
0.0022851815
0.0022513484
0.0022178261
0.002184631
0.002151779
0.0021192857
0.0020871661
0.0020554345
0.0020241049
0.001993191
0.0019627065
0.0034872282
0.0034569267
0.0034261592
0.0033949513
0.003363325
0.0033313025
0.0032989067
0.0032661601
0.0032330856
0.0031997058
0.0031660434
0.0031321211
0.0030979614
0.0030635869
0.0030290201
0.0029942833
0.0029593989
0.0029243891
0.0028892759
0.0028540814
0.0028188274
0.0027835356
0.0027482277
0.0027129249
0.0026776486
0.0026424199
0.0026072596
0.0025721885
0.0025372269
0.0025023953
0.0024677134
0.0024332013
0.0023988782
0.0023647634
0.0023308757
0.0022972337
0.0022638553
0.0022307582
0.0021979597
0.0021654766
0.002133325
0.0021015209
0.0020700794
0.0020390152
0.0020083428
0.0019780765
0.0034631722
0.0034346761
0.0034056735
0.00337619
0.0033462467
0.0033158655
0.0032850687
0.0032538785
0.0032223175
0.0031904081
0.0031581727
0.0031256338
0.0030928141
0.0030597359
0.003026422
0.0029928947
0.0029591766
0.0029252901
0.0028912577
0.0028571016
0.0028228442
0.0027885076
0.0027541139
0.002719685
0.0026852428
0.002650809
0.0026164052
0.0025820527
0.0025477727
0.0025135863
0.0024795142
0.0024455769
0.0024117947
0.0023781876
0.0023447753
0.002311577
0.0022786116
0.0022458977
0.0022134533
0.0021812959
0.0021494428
0.0021179105
0.0020867151
0.002055872
0.0020253965
0.0019953036
0.0034429965
0.0034162861
0.003389028
0.0033612472
0.0033329645
0.003304201
0.0032749786
0.0032453192
0.0032152448
0.0031847776
0.0031539399
0.0031227542
0.0030912428
0.0030594283
0.0030273334
0.0029949807
0.0029623928
0.0029295926
0.0028966027
0.0028634459
0.0028301449
0.0027967224
0.0027632008
0.0027296029
0.0026959511
0.0026622678
0.0026285752
0.0025948954
0.0025612504
0.002527662
0.0024941517
0.002460741
0.002427451
0.0023943024
0.0023613157
0.0023285113
0.0022959087
0.0022635274
0.0022313863
0.0021995039
0.0021678981
0.0021365864
0.0021055857
0.0020749123
0.0020445822
0.002014611
0.0034274685
0.0034025085
0.0033769587
0.0033508436
0.0033241833
0.0032969986
0.0032693106
0.0032411409
0.0032125112
0.0031834433
0.0031539595
0.0031240819
0.0030938329
0.0030632352
0.0030323115
0.0030010846
0.0029695773
0.0029378128
0.0029058141
0.0028736044
0.0028412068
0.0028086446
0.002775941
0.0027431191
0.002710202
0.002677213
0.0026441749
0.0026111107
0.0025780431
0.0025449949
0.0025119883
0.0024790457
0.002446189
0.00241344
0.00238082
0.0023483502
0.0023160512
0.0022839432
0.0022520461
0.0022203793
0.0021889616
0.0021578114
0.0021269465
0.0020963838
0.0020661401
0.0020362327
0.0034174006
0.0033941381
0.003370243
0.0033457393
0.0033206464
0.0032949845
0.0032687743
0.0032420368
0.0032147933
0.0031870657
0.0031588757
0.0031302454
0.0031011974
0.0030717542
0.0030419387
0.0030117739
0.0029812829
0.0029504891
0.002919416
0.0028880873
0.0028565266
0.0028247577
0.0027928044
0.0027606906
0.0027284402
0.0026960769
0.0026636247
0.0026311072
0.0025985481
0.0025659709
0.0025333988
0.0025008552
0.0024683628
0.0024359443
0.0024036221
0.0023714181
0.002339354
0.002307451
0.0022757298
0.0022442108
0.0022129137
0.0021818578
0.0021510616
0.0021205432
0.0020903218
0.0034136406
0.0033920039
0.0033696912
0.0033467259
0.0033231269
0.0032989136
0.0032741063
0.0032487256
0.0032227925
0.0031963285
0.0031693552
0.0031418947
0.0031139694
0.0030856021
0.0030568157
0.0030276334
0.0029980788
0.0029681756
0.0029379476
0.0029074191
0.0028766143
0.0028455576
0.0028142734
0.0027827864
0.0027511213
0.0027193026
0.002687355
0.0026553032
0.0026231716
0.0025909847
0.0025587667
0.0025265419
0.0024943339
0.0024621665
0.002430063
0.0023980464
0.0023661392
0.0023343636
0.0023027413
0.0022712937
0.0022400413
0.0022090045
0.0021782027
0.0021476552
0.0021173817
0.0034170634
0.0033969605
0.003376138
0.0033546184
0.0033324201
0.0033095619
0.0032860636
0.0032619454
0.0032372281
0.0032119327
0.003186081
0.0031596948
0.0031327967
0.0031054095
0.0030775563
0.0030492606
0.0030205463
0.0029914375
0.0029619586
0.0029321344
0.0029019896
0.0028715494
0.002840839
0.0028098837
0.002778709
0.0027473404
0.0027158034
0.0026841236
0.0026523265
0.0026204373
0.0025884815
0.0025564841
0.0025244699
0.0024924637
0.0024604897
0.0024285719
0.0023967339
0.002364999
0.0023333897
0.0023019284
0.0022706369
0.0022395362
0.002208647
0.0021779897
0.0021475842
0.0034285797
0.0034098979
0.0033904524
0.0033702651
0.003349354
0.0033277373
0.0033054342
0.0032824648
0.0032588493
0.0032346088
0.0032097648
0.0031843393
0.0031583547
0.0031318341
0.0031048007
0.0030772786
0.0030492919
0.0030208652
0.0029920234
0.0029627919
0.0029331961
0.0029032619
0.0028730152
0.0028424822
0.0028116893
0.0027806628
0.0027494292
0.0027180151
0.0026864468
0.0026547508
0.0026229533
0.0025910805
0.0025591584
0.0025272125
0.0024952683
0.0024633508
0.0024314846
0.002399694
0.0023680026
0.0023364339
0.0023050104
0.0022737544
0.0022426875
0.0022118309
0.0021812051
0.0034490744
0.0034316786
0.003413475
0.0033944851
0.0033747263
0.0033542164
0.0033329741
0.0033110192
0.0032883717
0.0032650525
0.0032410831
0.0032164854
0.0031912822
0.0031654964
0.003139152
0.0031122729
0.003084884
0.0030570103
0.0030286773
0.0029999111
0.0029707377
0.0029411838
0.0029112763
0.002881042
0.0028505082
0.0028197024
0.0027886519
0.0027573842
0.0027259269
0.0026943073
0.0026625528
0.0026306906
0.0025987477
0.0025667509
0.0025347266
0.0025027009
0.0024706995
0.0024387476
0.0024068702
0.0023750914
0.0023434351
0.0023119244
0.0022805817
0.0022494293
0.0022184882
0.0034789848
0.0034627138
0.0034455916
0.0034276391
0.0034088732
0.0033893114
0.0033689722
0.0033478749
0.0033260395
0.0033034867
0.003280238
0.0032563155
0.0032317418
0.0032065406
0.0031807358
0.0031543519
0.0031274143
0.0030999484
0.0030719806
0.0030435375
0.0030146459
0.0029853333
0.0029556273
0.0029255559
0.0028951472
0.0028644296
0.0028334315
0.0028021815
0.002770708
0.0027390395
0.0027072046
0.0026752315
0.0026431482
0.0026109827
0.0025787624
0.0025465146
0.002514266
0.002482043
0.0024498714
0.0024177766
0.0023857834
0.0023539158
0.0023221972
0.0022906506
0.0022592978
0.0035192126
0.0035038902
0.0034876741
0.0034705849
0.0034526394
0.0034338548
0.003414249
0.0033938413
0.0033726514
0.0033507
0.0033280085
0.0033045992
0.0032804951
0.0032557198
0.0032302978
0.0032042542
0.0031776145
0.0031504051
0.0031226528
0.0030943849
0.0030656292
0.0030364137
0.0030067672
0.0029767184
0.0029462964
0.0029155306
0.0028844503
0.0028530852
0.0028214649
0.0027896189
0.0027575767
0.0027253677
0.002693021
0.0026605657
0.0026280302
0.002595443
0.0025628319
0.0025302243
0.0024976471
0.0024651268
0.0024326891
0.002400359
0.0023681607
0.002336118
0.0023042541
0.0035967443
0.0035823233
0.0035669517
0.0035506488
0.0035334309
0.0035153147
0.0034963181
0.00347646
0.0034557601
0.0034342394
0.0034119195
0.0033888231
0.0033649737
0.0033403956
0.003315114
0.0032891548
0.0032625445
0.0032353105
0.0032074806
0.0031790833
0.0031501477
0.0031207031
0.0030907796
0.0030604074
0.003029617
0.0029984392
0.0029669051
0.0029350457
0.0029028922
0.0028704757
0.0028378274
0.0028049782
0.0027719589
0.0027388
0.0027055318
0.002672184
0.0026387861
0.0026053671
0.0025719555
0.0025385791
0.0025052652
0.0024720402
0.0024389301
0.0024059615
)
;

boundaryField
{
    inletLow
    {
        type            calculated;
        value           nonuniform List<scalar> 0();
    }
    inletJet
    {
        type            calculated;
        value           nonuniform List<scalar> 0();
    }
    inletHigh
    {
        type            calculated;
        value           nonuniform List<scalar> 0();
    }
    outlet
    {
        type            calculated;
        value           nonuniform List<scalar> 0();
    }
    upperWall
    {
        type            calculated;
        value           nonuniform List<scalar> 
44
(
0.0035969135
0.0035824911
0.003567118
0.0035508136
0.0035335941
0.0035154762
0.0034964779
0.0034766179
0.0034559162
0.0034343935
0.0034120717
0.0033889733
0.0033651218
0.0033405416
0.0033152579
0.0032892964
0.0032626839
0.0032354476
0.0032076154
0.0031792159
0.0031502779
0.003120831
0.0030909052
0.0030605305
0.0030297378
0.0029985576
0.0029670211
0.0029351593
0.0029030034
0.0028705846
0.002837934
0.0028050825
0.0027720609
0.0027388997
0.0027056292
0.0026722792
0.0026388792
0.0026054581
0.0025720443
0.0025386659
0.0025053499
0.002472123
0.002439011
0.0024060405
)
;
    }
    lowerWall
    {
        type            calculated;
        value           nonuniform List<scalar> 0();
    }
    frontAndBack
    {
        type            empty;
    }
    procBoundary0to1
    {
        type            processor;
        value           nonuniform List<scalar> 
80
(
0.0012572014
0.0012574223
0.0012578439
0.0012584664
0.001289876
0.001289876
0.0012908156
0.0012919217
0.0012932747
0.0013260716
0.0013260716
0.0013278606
0.0013617331
0.0013617331
0.0013639333
0.001398821
0.001398821
0.0014014042
0.0014372464
0.0014372464
0.0014401822
0.0014769165
0.0014769165
0.0014801714
0.0014836378
0.0014873139
0.0015250046
0.0015250046
0.0016023391
0.0015289357
0.0015673168
0.0016023391
0.0016419228
0.0016419228
0.001645877
0.0016499871
0.0016542488
0.001658658
0.0016632107
0.0016679036
0.0016727337
0.0016776991
0.001682799
0.0016880341
0.001693407
0.0016989229
0.0017045898
0.0017104192
0.001716427
0.0017226338
0.0017290662
0.0017357573
0.0017427476
0.0017500862
0.0017578317
0.0017660528
0.0017748306
0.0018140504
0.0018140504
0.0018540231
0.0018540231
0.0018948624
0.0018948624
0.0019061638
0.0019187061
0.0019326644
0.00194823
0.0019656077
0.0019850144
0.0020066789
0.0020604127
0.0020604127
0.0020874001
0.002117449
0.0021508294
0.0021877788
0.0022281604
0.0022725927
0.002373152
0.002373152
)
;
    }
    procBoundary0to2
    {
        type            processor;
        value           nonuniform List<scalar> 
66
(
0.0043167424
0.0043164957
0.0043159931
0.0043152341
0.0043142171
0.004313017
0.0043116992
0.0043101551
0.004308359
0.0043062852
0.0043039066
0.0043011955
0.0042981225
0.0042946572
0.0042907676
0.0042864199
0.0042815788
0.0042762072
0.0042702662
0.0042637154
0.0042565124
0.0042486136
0.0042399737
0.0042305463
0.0042202843
0.0042202843
0.0042737324
0.0042610909
0.0042474279
0.004232693
0.0042168364
0.00419981
0.004181568
0.0041620677
0.0041412709
0.0041191448
0.0040956637
0.0040708105
0.0040445785
0.0040169738
0.0039880175
0.0039577489
0.0039262276
0.0038935377
0.0038597913
0.003825132
0.0037897395
0.0037538338
0.0037176797
0.0036815912
0.0036459357
0.0036111374
0.0035776812
0.0035461135
0.0035170439
0.0034911435
0.003469142
0.0034518229
0.0034400161
0.0034345882
0.0034364347
0.0034464874
0.0034656536
0.0034943974
0.0035336359
0.0036102114
)
;
    }
    procBoundary0to4
    {
        type            processor;
        value           nonuniform List<scalar> 6(0.0014524892 0.0014180396 0.0013843485 0.0013514151 0.0013192402 0.0012878263);
    }
    procBoundary0to5
    {
        type            processor;
        value           nonuniform List<scalar> 
52
(
0.0042470837
0.0041777941
0.0041088816
0.0040403641
0.0039722602
0.0039045883
0.0038373673
0.0037706157
0.0037043522
0.003638595
0.0035733622
0.0035086715
0.0034445403
0.0033809854
0.0033180229
0.0032556685
0.0031939371
0.003132843
0.0030723997
0.00301262
0.0029535158
0.0028950982
0.0028373776
0.0027803635
0.0027240645
0.0026684884
0.0026136425
0.0025595328
0.0025061651
0.0024535439
0.0024016735
0.0023505572
0.0023001978
0.0022505975
0.0022017579
0.0021536799
0.0021063644
0.0020598114
0.0020140207
0.0019689919
0.0019247241
0.0018812166
0.0018384683
0.0017964781
0.0017552447
0.001714767
0.0016750437
0.0016360732
0.0015978543
0.0015603857
0.0015236671
0.0014876997
)
;
    }
}


// ************************************************************************* //
