/*--------------------------------*- C++ -*----------------------------------*\
| =========                 |                                                 |
| \\      /  F ield         | OpenFOAM: The Open Source CFD Toolbox           |
|  \\    /   O peration     | Version:  2312                                  |
|   \\  /    A nd           | Website:  www.openfoam.com                      |
|    \\/     M anipulation  |                                                 |
\*---------------------------------------------------------------------------*/
FoamFile
{
    version     2.0;
    format      ascii;
    arch        "LSB;label=32;scalar=64";
    class       surfaceScalarField;
    location    "0.02";
    object      phi;
}
// * * * * * * * * * * * * * * * * * * * * * * * * * * * * * * * * * * * * * //

dimensions      [1 0 -1 0 0 0 0];

oriented        oriented;

internalField   nonuniform List<scalar> 
6433
(
8.3109123e-07
3.33461e-08
7.5665489e-07
7.4439702e-08
6.7553886e-07
8.1121011e-08
6.0187901e-07
7.3666322e-08
5.4062168e-07
6.1264978e-08
4.9100409e-07
4.9625933e-08
4.507119e-07
4.0300773e-08
4.1773797e-07
3.2979569e-08
3.9051238e-07
2.7226719e-08
3.6773081e-07
2.2782607e-08
3.4841152e-07
1.9317236e-08
3.3171208e-07
1.6695893e-08
3.1720459e-07
1.4502384e-08
3.0452006e-07
1.2674145e-08
2.9322461e-07
1.1280253e-08
2.8306803e-07
1.0136657e-08
2.7384327e-07
9.2005543e-09
2.6539274e-07
8.4225078e-09
2.575887e-07
7.7717354e-09
2.503316e-07
7.2197133e-09
2.4354109e-07
6.7469207e-09
2.3714912e-07
6.3407907e-09
2.3109873e-07
5.9898841e-09
2.2534319e-07
5.6841795e-09
2.1984803e-07
5.4124286e-09
2.1456845e-07
5.1859762e-09
2.0948015e-07
4.985289e-09
2.0458396e-07
4.795416e-09
1.9984724e-07
4.6248669e-09
1.952482e-07
4.4763411e-09
1.9077342e-07
4.3402807e-09
1.8639676e-07
4.2275136e-09
1.8211843e-07
4.1172987e-09
1.7794171e-07
4.0138601e-09
1.7385099e-07
3.9159994e-09
1.6983768e-07
3.8267831e-09
1.6589604e-07
3.7433737e-09
1.6202133e-07
3.6647968e-09
1.5820975e-07
3.5901627e-09
1.544582e-07
3.5187592e-09
1.5076418e-07
3.4499869e-09
1.4712569e-07
3.3833168e-09
1.4354117e-07
3.3184328e-09
1.400101e-07
3.2548226e-09
1.3653077e-07
3.1919025e-09
1.3310271e-07
3.1299358e-09
1.297257e-07
3.0686587e-09
1.2639954e-07
3.0077517e-09
1.2312428e-07
2.9471614e-09
1.1990007e-07
2.8868155e-09
1.1672718e-07
2.8265466e-09
2.7664303e-09
8.2166147e-07
7.6115374e-08
7.3983216e-07
1.5626943e-07
6.5883974e-07
1.6211395e-07
5.887538e-07
1.4375289e-07
5.3111199e-07
1.189074e-07
4.8420143e-07
9.6536669e-08
4.4581044e-07
7.8690416e-08
4.1414208e-07
6.4643616e-08
3.878309e-07
5.352905e-08
3.6568558e-07
4.4914401e-08
3.4682076e-07
3.8168341e-08
3.3045347e-07
3.3046031e-08
3.1618868e-07
2.8747416e-08
3.0368646e-07
2.5149697e-08
2.9253133e-07
2.2403191e-08
2.8248415e-07
2.0146138e-08
2.7334619e-07
1.8295716e-08
2.6496565e-07
1.67557e-08
2.5721854e-07
1.5466522e-08
2.5000828e-07
1.4371694e-08
2.4325682e-07
1.3432976e-08
2.3689768e-07
1.2625983e-08
2.3087504e-07
1.192832e-08
2.2514311e-07
1.1319994e-08
2.1966775e-07
1.0779218e-08
2.1440509e-07
1.0328251e-08
2.0933301e-07
9.9273613e-09
2.0445091e-07
9.5479959e-09
1.9972606e-07
9.2081292e-09
1.9513745e-07
8.9116262e-09
1.9067234e-07
8.6392885e-09
1.8630342e-07
8.4132439e-09
1.8203261e-07
8.1922079e-09
1.7786286e-07
7.9846474e-09
1.737783e-07
7.7885151e-09
1.697706e-07
7.6093578e-09
1.6583406e-07
7.4416781e-09
1.6196404e-07
7.2835373e-09
1.5815676e-07
7.1331846e-09
1.5440918e-07
6.9892193e-09
1.5071883e-07
6.8504586e-09
1.4708376e-07
6.7158716e-09
1.4350243e-07
6.5847397e-09
1.3997429e-07
6.4561874e-09
1.3649767e-07
6.3293587e-09
1.3307215e-07
6.2043161e-09
1.296975e-07
6.0804797e-09
1.2637357e-07
5.9574376e-09
1.2310041e-07
5.8349558e-09
1.1987818e-07
5.7128485e-09
1.1670721e-07
5.5908469e-09
5.4688029e-09
7.9811489e-07
1.4248872e-07
7.0251761e-07
2.5186711e-07
6.2501007e-07
2.3962193e-07
5.6319141e-07
2.0557206e-07
5.1278091e-07
1.6931831e-07
4.7104485e-07
1.3827257e-07
4.3629207e-07
1.13441e-07
4.0712427e-07
9.380469e-08
3.8258022e-07
7.8065788e-08
3.6166746e-07
6.5812977e-08
3.4368589e-07
5.6136988e-08
3.2796885e-07
4.8745888e-08
3.141789e-07
4.2518e-08
3.0203322e-07
3.7267398e-08
2.911552e-07
3.3248198e-08
2.8132406e-07
2.9938797e-08
2.7235762e-07
2.7218637e-08
2.6411563e-07
2.4949893e-08
2.5648132e-07
2.304816e-08
2.4936395e-07
2.1430464e-08
2.4268999e-07
2.0041177e-08
2.3639608e-07
1.8845545e-08
2.3042863e-07
1.7811081e-08
2.247438e-07
1.6908032e-08
2.1930746e-07
1.6106118e-08
2.1407838e-07
1.5436141e-08
2.0903882e-07
1.4837879e-08
2.0418467e-07
1.4272066e-08
1.9948347e-07
1.3767537e-08
1.9491558e-07
1.3326455e-08
1.9046964e-07
1.2919969e-08
1.861162e-07
1.2581586e-08
1.818604e-07
1.2251111e-08
1.7770451e-07
1.1940576e-08
1.7363222e-07
1.1648083e-08
1.6963568e-07
1.1380245e-08
1.6570933e-07
1.1129355e-08
1.6184862e-07
1.0892545e-08
1.580499e-07
1.0667251e-08
1.5431022e-07
1.045141e-08
1.5062717e-07
1.0243269e-08
1.4699887e-07
1.0041305e-08
1.4342386e-07
9.844408e-09
1.3990155e-07
9.651387e-09
1.3643034e-07
9.4610563e-09
1.3300989e-07
9.2733285e-09
1.2963998e-07
9.0872823e-09
1.263205e-07
8.9024131e-09
1.2305151e-07
8.7183226e-09
1.1983323e-07
8.534709e-09
1.1666599e-07
8.3512178e-09
8.1675415e-09
7.4354633e-07
2.6352998e-07
6.3781598e-07
3.5759783e-07
5.7354201e-07
3.0389622e-07
5.2656668e-07
2.525477e-07
4.8685248e-07
2.090326e-07
4.5222649e-07
1.7289791e-07
4.2260403e-07
1.4305931e-07
3.9699916e-07
1.1939562e-07
3.749637e-07
1.0010035e-07
3.5580623e-07
8.495608e-08
3.390908e-07
7.2840513e-08
3.2431696e-07
6.3502473e-08
3.1121631e-07
5.5599285e-08
2.9958753e-07
4.8866896e-08
2.8911631e-07
4.368529e-08
2.796027e-07
3.9412795e-08
2.708888e-07
3.5887978e-08
2.6285127e-07
3.2938988e-08
2.5538369e-07
3.0462536e-08
2.4840383e-07
2.8351216e-08
2.4184477e-07
2.6533946e-08
2.3564766e-07
2.4967704e-08
2.2976236e-07
2.3610997e-08
2.2414811e-07
2.2424529e-08
2.1876884e-07
2.1374699e-08
2.135894e-07
2.0492915e-08
2.0859916e-07
1.9700939e-08
2.0378633e-07
1.8954008e-08
1.9912036e-07
1.8291474e-08
1.9458334e-07
1.7710888e-08
1.9016598e-07
1.7173914e-08
1.8583562e-07
1.6723533e-08
1.8160227e-07
1.6285944e-08
1.7746711e-07
1.587444e-08
1.7341318e-07
1.5488423e-08
1.6943332e-07
1.5133781e-08
1.6552215e-07
1.4801256e-08
1.6167536e-07
1.4487111e-08
1.5788944e-07
1.4188036e-08
1.5416155e-07
1.3901347e-08
1.504894e-07
1.3624741e-08
1.4687122e-07
1.3356219e-08
1.4330563e-07
1.3094286e-08
1.3979205e-07
1.2837502e-08
1.3632895e-07
1.2584287e-08
1.329161e-07
1.2334434e-08
1.2955329e-07
1.2086699e-08
1.2624047e-07
1.1840472e-08
1.2297773e-07
1.1595205e-08
1.1976532e-07
1.1350482e-08
1.1660362e-07
1.1105874e-08
1.0860973e-08
6.1165531e-07
5.1582642e-07
5.3887178e-07
4.3038166e-07
5.0786141e-07
3.3490672e-07
4.8111644e-07
2.7929268e-07
4.5501585e-07
2.3513284e-07
4.2945298e-07
1.9845891e-07
4.0562748e-07
1.6687678e-07
3.8421969e-07
1.4076752e-07
3.6526988e-07
1.1907087e-07
3.4828543e-07
1.019284e-07
3.3315473e-07
8.7960566e-08
3.1958103e-07
7.7058715e-08
3.0736093e-07
6.7799759e-08
2.9639077e-07
5.9806456e-08
2.8644455e-07
5.3596051e-08
2.7734219e-07
4.8474099e-08
2.6895634e-07
4.4227917e-08
2.6118526e-07
4.0660821e-08
2.5393548e-07
3.7658332e-08
2.4713566e-07
3.5091179e-08
2.4072729e-07
3.2875248e-08
2.3465733e-07
3.0961876e-08
2.2888031e-07
2.9301727e-08
2.2336082e-07
2.7845025e-08
2.1805411e-07
2.6569104e-08
2.1293925e-07
2.5482446e-08
2.080167e-07
2.449979e-08
2.0325747e-07
2.3581079e-08
1.9863812e-07
2.276856e-08
1.941417e-07
2.2055296e-08
1.8976223e-07
2.1393354e-08
1.8546229e-07
2.0829655e-08
1.8125902e-07
2.0288473e-08
1.7715134e-07
1.9779189e-08
1.7312177e-07
1.9303348e-08
1.69164e-07
1.8864387e-08
1.6527297e-07
1.8452288e-08
1.6144463e-07
1.8062564e-08
1.5767568e-07
1.7691239e-08
1.5396344e-07
1.7335062e-08
1.5030577e-07
1.6991203e-08
1.4670101e-07
1.6657218e-08
1.4314792e-07
1.6331217e-08
1.3964594e-07
1.6011595e-08
1.3619363e-07
1.5696319e-08
1.3279088e-07
1.5385078e-08
1.2943752e-07
1.5076342e-08
1.2613354e-07
1.4769387e-08
1.2287911e-07
1.4463524e-08
1.196745e-07
1.4158228e-08
1.1652013e-07
1.3853006e-08
1.3547389e-08
3.0080092e-07
3.0488262e-07
3.7726807e-07
3.5391465e-07
3.8898041e-07
3.2319422e-07
3.8435445e-07
2.8391827e-07
3.7277074e-07
2.4671571e-07
3.5844344e-07
2.1278326e-07
3.4306305e-07
1.8224235e-07
3.2783892e-07
1.5590403e-07
3.1389215e-07
1.3309178e-07
3.0091208e-07
1.1490577e-07
2.8903701e-07
9.9827109e-08
2.781971e-07
8.7882696e-08
2.682508e-07
7.7727886e-08
2.5918569e-07
6.8843708e-08
2.5090237e-07
6.1846724e-08
2.4325561e-07
5.608309e-08
2.3616158e-07
5.1279868e-08
2.2955067e-07
4.7227378e-08
2.2335279e-07
4.3807474e-08
2.1751548e-07
4.0874584e-08
2.1199517e-07
3.8335287e-08
2.0675064e-07
3.6138341e-08
2.0174609e-07
3.4228933e-08
1.969526e-07
3.2549641e-08
1.923319e-07
3.1088965e-08
1.8787529e-07
2.9828355e-08
1.8358261e-07
2.8682727e-08
1.7942285e-07
2.7623007e-08
1.7538089e-07
2.6684431e-08
1.7144165e-07
2.5860156e-08
1.6760232e-07
2.5095353e-08
1.6382698e-07
2.4426625e-08
1.601367e-07
2.3799077e-08
1.5652808e-07
2.3206584e-08
1.5298536e-07
2.2654988e-08
1.4950391e-07
2.2143858e-08
1.4607956e-07
2.1663395e-08
1.4270897e-07
2.1208559e-08
1.3938944e-07
2.0774843e-08
1.3611876e-07
2.0358545e-08
1.3289518e-07
1.995639e-08
1.2971734e-07
1.9565587e-08
1.2658432e-07
1.9183853e-08
1.234956e-07
1.880955e-08
1.2045005e-07
1.8440169e-08
1.1744765e-07
1.8075342e-08
1.1448831e-07
1.7713306e-08
1.1157208e-07
1.7353237e-08
1.0869913e-07
1.6994327e-08
1.0586978e-07
1.6635958e-08
1.0308443e-07
1.6277597e-08
1.5918732e-08
2.0645096e-07
1.9086069e-07
3.0502633e-07
2.5533921e-07
3.4243931e-07
2.8578071e-07
3.5395379e-07
2.724029e-07
3.5290636e-07
2.4776138e-07
3.4570499e-07
2.1997981e-07
3.3549562e-07
1.9242531e-07
3.2374329e-07
1.6741449e-07
3.1225216e-07
1.448048e-07
3.0105292e-07
1.261214e-07
2.904412e-07
1.1043027e-07
2.8057798e-07
9.7728524e-08
2.7133906e-07
8.6945653e-08
2.6271762e-07
7.743734e-08
2.5477465e-07
6.9754778e-08
2.473733e-07
6.3444072e-08
2.4045153e-07
5.8156748e-08
2.3395934e-07
5.3673287e-08
2.2783792e-07
4.9877488e-08
2.220455e-07
4.6610434e-08
2.1654584e-07
4.3771875e-08
2.11303e-07
4.1310009e-08
2.0628547e-07
3.9165972e-08
2.0146342e-07
3.7278981e-08
1.9680524e-07
3.5641922e-08
1.9231071e-07
3.4210394e-08
1.879719e-07
3.2907432e-08
1.8375853e-07
3.1714542e-08
1.7966035e-07
3.0653019e-08
1.7565989e-07
2.9721775e-08
1.7175726e-07
2.8860595e-08
1.6791462e-07
2.807859e-08
1.6415922e-07
2.7369067e-08
1.6048294e-07
2.6695166e-08
1.568711e-07
2.6069364e-08
1.5331965e-07
2.5486812e-08
1.4982461e-07
2.4938464e-08
1.4638284e-07
2.4418762e-08
1.4299179e-07
2.3922731e-08
1.3964937e-07
2.3446259e-08
1.3635397e-07
2.2985627e-08
1.3310432e-07
2.2537752e-08
1.2989962e-07
2.2099902e-08
1.2673939e-07
2.1670468e-08
1.2362258e-07
2.1246484e-08
1.2054929e-07
2.0827457e-08
1.1751947e-07
2.0411472e-08
1.1453323e-07
1.9997575e-08
1.1159081e-07
1.9584853e-08
1.0869258e-07
1.9172597e-08
1.05839e-07
1.8760234e-08
1.8347225e-08
1.6957866e-07
1.1633863e-07
2.5332865e-07
1.7158851e-07
3.0050826e-07
2.3859985e-07
3.2328393e-07
2.496255e-07
3.3137305e-07
2.3966944e-07
3.3101008e-07
2.2033543e-07
3.2591098e-07
1.9748135e-07
3.1793173e-07
1.7469183e-07
3.0924208e-07
1.5414902e-07
2.9997907e-07
1.3543588e-07
2.9085934e-07
1.1954148e-07
2.8211364e-07
1.0645482e-07
2.7373329e-07
9.530205e-08
2.6570568e-07
8.5436895e-08
2.5818299e-07
7.7239717e-08
2.5110997e-07
7.0473896e-08
2.4442795e-07
6.4790536e-08
2.3811051e-07
5.9942629e-08
2.3211198e-07
5.5821188e-08
2.2640379e-07
5.2258839e-08
2.2095764e-07
4.9151695e-08
2.157443e-07
4.6448548e-08
2.1073884e-07
4.4087553e-08
2.0590489e-07
4.2016039e-08
2.0122723e-07
4.0209158e-08
1.9671406e-07
3.8610291e-08
1.9233957e-07
3.7162571e-08
1.8808396e-07
3.584422e-08
1.8393979e-07
3.4664249e-08
1.7988698e-07
3.3628822e-08
1.7592466e-07
3.2672998e-08
1.7202307e-07
3.1788253e-08
1.6820915e-07
3.0993482e-08
1.6446942e-07
3.0240524e-08
1.6079264e-07
2.954199e-08
1.5717481e-07
2.8889269e-08
1.5361225e-07
2.8273964e-08
1.5010205e-07
2.7690058e-08
1.4664186e-07
2.713216e-08
1.4322976e-07
2.6595795e-08
1.3986432e-07
2.6076791e-08
1.3654432e-07
2.5571876e-08
1.3326922e-07
2.507776e-08
1.3003853e-07
2.4592922e-08
1.2685133e-07
2.4114043e-08
1.2370783e-07
2.3640386e-08
1.2060806e-07
2.3169959e-08
1.1755221e-07
2.2701665e-08
1.1454059e-07
2.2234495e-08
1.1157363e-07
2.176766e-08
1.0865186e-07
2.1300546e-08
2.0832593e-08
1.4994977e-07
6.4092798e-08
2.1554165e-07
1.0599485e-07
2.6407142e-07
1.9006779e-07
2.9375083e-07
2.199433e-07
3.0907885e-07
2.2433737e-07
3.1493138e-07
2.1447396e-07
3.1472213e-07
1.9765957e-07
3.1064943e-07
1.7845604e-07
3.0489056e-07
1.6016186e-07
2.9778956e-07
1.4256854e-07
2.9028273e-07
1.270364e-07
2.8278252e-07
1.1393295e-07
2.7539326e-07
1.0266426e-07
2.6811768e-07
9.2680902e-08
2.6110675e-07
8.421289e-08
2.5443025e-07
7.7104263e-08
2.4805632e-07
7.1112144e-08
2.419718e-07
6.5977804e-08
2.3614468e-07
6.1588737e-08
2.3056284e-07
5.777703e-08
2.2520522e-07
5.4439194e-08
2.2005066e-07
5.152391e-08
2.1507901e-07
4.8971882e-08
2.1025841e-07
4.6735364e-08
2.0558675e-07
4.4767512e-08
2.0106864e-07
4.3011066e-08
1.9667049e-07
4.1436007e-08
1.9238544e-07
3.9999265e-08
1.8820657e-07
3.8707517e-08
1.841089e-07
3.757108e-08
1.8009517e-07
3.6523532e-08
1.7614445e-07
3.5546468e-08
1.7227751e-07
3.4666154e-08
1.6847965e-07
3.383731e-08
1.647427e-07
3.3067764e-08
1.6106272e-07
3.2346631e-08
1.5743635e-07
3.1665789e-08
1.5386098e-07
3.1018794e-08
1.5033452e-07
3.0399888e-08
1.4685522e-07
2.9804285e-08
1.4342187e-07
2.9227355e-08
1.4003344e-07
2.8665628e-08
1.3668957e-07
2.8115537e-08
1.3338974e-07
2.7575129e-08
1.3013333e-07
2.7041324e-08
1.269206e-07
2.6512797e-08
1.2375168e-07
2.5987609e-08
1.2062686e-07
2.5464511e-08
1.1754653e-07
2.4942407e-08
1.145112e-07
2.4420436e-08
1.1152147e-07
2.3897947e-08
2.3374366e-08
1.3685823e-07
2.7643553e-08
1.8709409e-07
5.5755648e-08
2.3322217e-07
1.4393593e-07
2.6638143e-07
1.8677976e-07
2.8698807e-07
2.0372507e-07
2.9807553e-07
2.0337594e-07
3.024109e-07
1.9330432e-07
3.0210873e-07
1.7862256e-07
2.9927818e-07
1.6307964e-07
2.9453459e-07
1.473186e-07
2.8877095e-07
1.3278319e-07
2.8261545e-07
1.2006317e-07
2.7629587e-07
1.0895326e-07
2.6988773e-07
9.9053781e-08
2.6352342e-07
9.0535859e-08
2.573096e-07
8.3272638e-08
2.5130464e-07
7.7059345e-08
2.4551207e-07
7.1721347e-08
2.3990597e-07
6.712818e-08
2.3449556e-07
6.3119229e-08
2.2926312e-07
5.959714e-08
2.2419873e-07
5.6503577e-08
2.1928441e-07
5.3795667e-08
2.1450453e-07
5.1409052e-08
2.0986523e-07
4.9291501e-08
2.0535573e-07
4.7397946e-08
2.0094889e-07
4.5712239e-08
1.9664816e-07
4.4165923e-08
1.9244747e-07
4.277156e-08
1.883133e-07
4.1537465e-08
1.8425827e-07
4.0402699e-08
1.8026777e-07
3.9342332e-08
1.7635457e-07
3.8379554e-08
1.7250487e-07
3.7478976e-08
1.6871324e-07
3.6640817e-08
1.6497598e-07
3.5853615e-08
1.6129012e-07
3.5109205e-08
1.576534e-07
3.4400739e-08
1.5406403e-07
3.3722135e-08
1.5052049e-07
3.3068362e-08
1.4702182e-07
3.2434326e-08
1.4356726e-07
3.1816346e-08
1.4015661e-07
3.1210768e-08
1.3678936e-07
3.0615031e-08
1.3346523e-07
3.0026423e-08
1.3018455e-07
2.9443028e-08
1.2694755e-07
2.8862958e-08
1.2375465e-07
2.8284833e-08
1.2060635e-07
2.7707476e-08
1.1750324e-07
2.7129965e-08
1.1444601e-07
2.6551619e-08
2.5971858e-08
1.2822184e-07
2.6109359e-09
1.6591916e-07
1.8052963e-08
2.0773332e-07
1.0211596e-07
2.4180795e-07
1.5269884e-07
2.6584693e-07
1.7967845e-07
2.8105769e-07
1.8815316e-07
2.8937582e-07
1.8497201e-07
2.9260271e-07
1.753335e-07
2.9260014e-07
1.6309929e-07
2.9024047e-07
1.496666e-07
2.8636924e-07
1.3663173e-07
2.8164844e-07
1.2475576e-07
2.7646988e-07
1.1409711e-07
2.7098851e-07
1.0449592e-07
2.6536336e-07
9.6115621e-08
2.5973249e-07
8.8852325e-08
2.541626e-07
8.2571014e-08
2.4870102e-07
7.7138121e-08
2.4336614e-07
7.2384782e-08
2.3817655e-07
6.8235614e-08
2.3310592e-07
6.4588427e-08
2.2815544e-07
6.1361934e-08
2.2333729e-07
5.8521265e-08
2.1863102e-07
5.600554e-08
2.1403844e-07
5.3764004e-08
2.0955746e-07
5.1751574e-08
2.0515811e-07
4.9973935e-08
2.0085631e-07
4.8329274e-08
1.9664832e-07
4.6844421e-08
1.9248661e-07
4.5515451e-08
1.8840174e-07
4.4299646e-08
1.8438214e-07
4.3163796e-08
1.8042969e-07
4.2125777e-08
1.765354e-07
4.1157859e-08
1.7269538e-07
4.0254446e-08
1.689064e-07
3.9404215e-08
1.6516599e-07
3.8598816e-08
1.6147232e-07
3.7831049e-08
1.5782395e-07
3.7094547e-08
1.5421963e-07
3.6384122e-08
1.506587e-07
3.5694199e-08
1.4714075e-07
3.5020886e-08
1.4366568e-07
3.4360603e-08
1.402331e-07
3.3710132e-08
1.368431e-07
3.3067077e-08
1.3349606e-07
3.2429064e-08
1.3019238e-07
3.1794218e-08
1.269326e-07
3.1161045e-08
1.2371733e-07
3.0528304e-08
1.2054727e-07
2.9895022e-08
1.1742323e-07
2.9260496e-08
2.8624147e-08
1.2288066e-07
-1.4222111e-08
1.5061892e-07
-9.693056e-09
1.8718364e-07
6.5542854e-08
2.2033739e-07
1.1953617e-07
2.4619086e-07
1.5381479e-07
2.6440668e-07
1.6992336e-07
2.7601578e-07
1.7334875e-07
2.8240566e-07
1.6890904e-07
2.8509822e-07
1.6039429e-07
2.850292e-07
1.4971355e-07
2.8307783e-07
1.3855516e-07
2.799142e-07
1.2788684e-07
2.7595145e-07
1.1802146e-07
2.7144415e-07
1.0895972e-07
2.6662767e-07
1.0088237e-07
2.6163375e-07
9.3789554e-08
2.565752e-07
8.7568122e-08
2.5152561e-07
8.2131907e-08
2.4651164e-07
7.7323025e-08
2.4156982e-07
7.3099972e-08
2.3670418e-07
6.9369931e-08
2.3191736e-07
6.6053861e-08
2.2722027e-07
6.3117918e-08
2.2260819e-07
6.0502891e-08
2.1808524e-07
5.8162109e-08
2.1365584e-07
5.6050632e-08
2.0928067e-07
5.4201669e-08
2.049934e-07
5.2472189e-08
2.0078991e-07
5.0915155e-08
1.9661595e-07
4.9487211e-08
1.9251545e-07
4.8203198e-08
1.884749e-07
4.7000346e-08
1.8449167e-07
4.5895791e-08
1.805608e-07
4.4865494e-08
1.7667942e-07
4.3901134e-08
1.7284499e-07
4.2991672e-08
1.6905564e-07
4.2128533e-08
1.6531003e-07
4.1304236e-08
1.6160714e-07
4.0512174e-08
1.5794601e-07
3.9747098e-08
1.5432637e-07
3.9002941e-08
1.5074822e-07
3.8275637e-08
1.4721154e-07
3.7561738e-08
1.4371615e-07
3.6857492e-08
1.4026248e-07
3.6160628e-08
1.3685104e-07
3.5468517e-08
1.3348239e-07
3.4779246e-08
1.3015721e-07
3.4091234e-08
1.2687627e-07
3.3403186e-08
1.2364038e-07
3.2714091e-08
1.2045047e-07
3.2023237e-08
3.1330058e-08
1.1988645e-07
-2.5123393e-08
1.3993115e-07
-2.9748158e-08
1.7100815e-07
3.4454332e-08
2.0202939e-07
8.8502741e-08
2.2837082e-07
1.2745994e-07
2.4853547e-07
1.497421e-07
2.6271382e-07
1.5915354e-07
2.717955e-07
1.5980066e-07
2.7696337e-07
1.5520139e-07
2.7908942e-07
1.4755815e-07
2.7900976e-07
1.3860186e-07
2.7740491e-07
1.2945448e-07
2.7473592e-07
1.2064776e-07
2.7128182e-07
1.1236555e-07
2.6731267e-07
1.0479731e-07
2.6302142e-07
9.8018359e-08
2.5853248e-07
9.1991032e-08
2.5394569e-07
8.6654473e-08
2.4930523e-07
8.1886132e-08
2.4466116e-07
7.7661916e-08
2.4003842e-07
7.3903235e-08
2.354486e-07
7.0544227e-08
2.3090513e-07
6.7553629e-08
2.2641426e-07
6.4873201e-08
2.2198492e-07
6.2462167e-08
2.1763262e-07
6.0274804e-08
2.1329832e-07
5.8372191e-08
2.0904366e-07
5.6572325e-08
2.0485356e-07
5.4954704e-08
2.0068756e-07
5.3451894e-08
1.9658573e-07
5.2102398e-08
1.925327e-07
5.0842459e-08
1.8852843e-07
4.967924e-08
1.8456976e-07
4.8592554e-08
1.8065485e-07
4.7572541e-08
1.7678197e-07
4.6608458e-08
1.7294995e-07
4.569155e-08
1.6915803e-07
4.4814141e-08
1.654057e-07
4.3969445e-08
1.6169232e-07
4.3152211e-08
1.5801804e-07
4.2355946e-08
1.5438333e-07
4.1576546e-08
1.5078827e-07
4.0810351e-08
1.4723303e-07
4.0053707e-08
1.4371832e-07
3.9304e-08
1.402448e-07
3.8558602e-08
1.3681324e-07
3.781553e-08
1.3342449e-07
3.7073135e-08
1.3007947e-07
3.6330087e-08
1.2677915e-07
3.5585351e-08
1.2352459e-07
3.4838215e-08
3.4088142e-08
1.1862152e-07
-3.1741168e-08
1.3280089e-07
-4.3940715e-08
1.5859474e-07
8.6453643e-09
1.8677119e-07
6.031015e-08
2.1257799e-07
1.0163571e-07
2.3375336e-07
1.2854658e-07
2.497831e-07
1.4310268e-07
2.6105752e-07
1.4849921e-07
2.6839621e-07
1.4783086e-07
2.7255874e-07
1.4336043e-07
2.742806e-07
1.3684184e-07
2.7421141e-07
1.2948138e-07
2.7283909e-07
1.219724e-07
2.7048814e-07
1.1466299e-07
2.6743936e-07
1.0778607e-07
2.6389354e-07
1.0149657e-07
2.6001782e-07
9.5795397e-08
2.5594471e-07
9.0656211e-08
2.5172561e-07
8.6023286e-08
2.4742622e-07
8.1873575e-08
2.4308532e-07
7.8148618e-08
2.3872668e-07
7.4797515e-08
2.3436945e-07
7.1795708e-08
2.3002758e-07
6.9087954e-08
2.2571558e-07
6.6641035e-08
2.2146996e-07
6.4409785e-08
2.171914e-07
6.2454304e-08
2.1298507e-07
6.0609904e-08
2.0882637e-07
5.8945641e-08
2.0468852e-07
5.7389479e-08
2.0059594e-07
5.5986181e-08
1.965418e-07
5.4678259e-08
1.9252707e-07
5.3464886e-08
1.8855017e-07
5.2328874e-08
1.8461031e-07
5.1259486e-08
1.8070673e-07
5.0246252e-08
1.7683901e-07
4.9280327e-08
1.7300709e-07
4.835392e-08
1.69211e-07
4.7460157e-08
1.6545042e-07
4.6593815e-08
1.617262e-07
4.5748017e-08
1.5803908e-07
4.4918854e-08
1.5438936e-07
4.4102262e-08
1.5077766e-07
4.3294854e-08
1.4720493e-07
4.2493664e-08
1.4367205e-07
4.1696112e-08
1.4018002e-07
4.0900156e-08
1.3672987e-07
4.0104109e-08
1.3332271e-07
3.9306621e-08
1.2995967e-07
3.8506647e-08
1.2664196e-07
3.770349e-08
3.6896657e-08
1.1868188e-07
-3.5317474e-08
1.2840738e-07
-5.3682248e-08
1.4935891e-07
-1.2325269e-08
1.7434538e-07
3.5302974e-08
1.9887636e-07
7.7082519e-08
2.2027181e-07
1.0712645e-07
2.3748015e-07
1.2586795e-07
2.5043714e-07
1.3551123e-07
2.596095e-07
1.3862131e-07
2.655867e-07
1.3734253e-07
2.6899637e-07
1.3338832e-07
2.7041775e-07
1.2801205e-07
2.7033048e-07
1.2200626e-07
2.6909238e-07
1.1584171e-07
2.6698528e-07
1.0982703e-07
2.642442e-07
1.0416433e-07
2.6103868e-07
9.8923517e-08
2.5750965e-07
9.4107572e-08
2.5375427e-07
8.9689492e-08
2.49845e-07
8.5688427e-08
2.4582366e-07
8.206743e-08
2.4172987e-07
7.877895e-08
2.3759196e-07
7.5810636e-08
2.3342821e-07
7.3117151e-08
2.2925622e-07
7.0675391e-08
2.2514416e-07
6.8474426e-08
2.2093735e-07
6.6386953e-08
2.1680266e-07
6.4558877e-08
2.1269759e-07
6.2869537e-08
2.0859965e-07
6.1283176e-08
2.0453022e-07
5.983997e-08
2.004876e-07
5.8494361e-08
1.9647387e-07
5.7240527e-08
1.9248912e-07
5.6063415e-08
1.885337e-07
5.4951951e-08
1.8460788e-07
5.3895947e-08
1.8071215e-07
5.2886573e-08
1.7684717e-07
5.1916036e-08
1.7301365e-07
5.0977453e-08
1.6921155e-07
5.0065582e-08
1.6544259e-07
4.9173396e-08
1.6170772e-07
4.8297259e-08
1.5800756e-07
4.7432712e-08
1.5434327e-07
4.6576536e-08
1.5071599e-07
4.5725615e-08
1.471269e-07
4.4877391e-08
1.4357722e-07
4.4029794e-08
1.4006822e-07
4.3181123e-08
1.366012e-07
4.2330028e-08
1.3317748e-07
4.1475475e-08
1.2979843e-07
4.0616793e-08
3.9753549e-08
1.1976579e-07
-3.679032e-08
1.2611738e-07
-6.0052735e-08
1.4277459e-07
-2.9005862e-08
1.6448107e-07
1.3570678e-08
1.8723605e-07
5.4299788e-08
2.0821634e-07
8.6115962e-08
2.2600138e-07
1.080504e-07
2.4014556e-07
1.2133035e-07
2.5079304e-07
1.2793112e-07
2.5833658e-07
1.2975241e-07
2.6327243e-07
1.2840239e-07
2.6610489e-07
1.2512509e-07
2.6727248e-07
1.2077876e-07
2.6713476e-07
1.1591351e-07
2.6598626e-07
1.1090278e-07
2.6406684e-07
1.0600401e-07
2.6156856e-07
1.0133745e-07
2.5864097e-07
9.6948268e-08
2.5538897e-07
9.2846153e-08
2.5190295e-07
8.9072438e-08
2.4823485e-07
8.5624995e-08
2.4443675e-07
8.2456693e-08
2.4055326e-07
7.9562659e-08
2.3659655e-07
7.6930523e-08
2.3259438e-07
7.4525026e-08
2.2860908e-07
7.2338957e-08
2.2453175e-07
7.0249535e-08
2.2048446e-07
6.8414069e-08
2.164467e-07
6.6713402e-08
2.1240354e-07
6.5115246e-08
2.0837237e-07
6.3647402e-08
2.0435479e-07
6.2276288e-08
2.0035438e-07
6.0993018e-08
1.9637294e-07
5.9784272e-08
1.9241211e-07
5.8639088e-08
1.8847328e-07
5.7547641e-08
1.845579e-07
5.6501246e-08
1.8066747e-07
5.5492251e-08
1.7680349e-07
5.4513835e-08
1.7296616e-07
5.3560445e-08
1.691582e-07
5.2625814e-08
1.6538074e-07
5.1705857e-08
1.6163496e-07
5.0796342e-08
1.579224e-07
4.9893856e-08
1.5424451e-07
4.8995361e-08
1.5060278e-07
4.809832e-08
1.4699869e-07
4.720067e-08
1.4343378e-07
4.6300724e-08
1.3990955e-07
4.5397157e-08
1.3642754e-07
4.4488959e-08
1.329893e-07
4.357551e-08
4.2656426e-08
1.2163273e-07
-3.6854863e-08
1.254392e-07
-6.3880982e-08
1.3838109e-07
-4.1975632e-08
1.5688796e-07
-4.9676062e-09
1.7756269e-07
3.3591083e-08
1.9764131e-07
6.6000707e-08
2.1548632e-07
9.0165961e-08
2.3035666e-07
1.0641648e-07
2.4211704e-07
1.1612172e-07
2.5095942e-07
1.2085683e-07
2.5723774e-07
1.2206696e-07
2.613627e-07
1.209384e-07
2.6372721e-07
1.1834695e-07
2.6466715e-07
1.1490018e-07
2.6447224e-07
1.1101762e-07
2.6339119e-07
1.0699806e-07
2.6162267e-07
1.0301378e-07
2.5932365e-07
9.9151134e-08
2.5660896e-07
9.5457488e-08
2.5357725e-07
9.1993468e-08
2.5030203e-07
8.8780787e-08
2.4683702e-07
8.5792229e-08
2.4322896e-07
8.3030007e-08
2.3951038e-07
8.0496562e-08
2.3570997e-07
7.8162193e-08
2.3187262e-07
7.6018269e-08
2.2794526e-07
7.3977907e-08
2.2400696e-07
7.215345e-08
2.2005524e-07
7.0459492e-08
2.1608319e-07
6.8867194e-08
2.1210581e-07
6.7391563e-08
2.0812755e-07
6.6008721e-08
2.0415354e-07
6.4708391e-08
2.0018733e-07
6.3478723e-08
1.9623196e-07
6.2309253e-08
1.9229005e-07
6.1190662e-08
1.8836408e-07
6.011455e-08
1.8445644e-07
5.9073582e-08
1.8056952e-07
5.8061172e-08
1.7670398e-07
5.7070692e-08
1.7286331e-07
5.6098205e-08
1.69049e-07
5.5138344e-08
1.6526291e-07
5.4187206e-08
1.615069e-07
5.3241374e-08
1.5778282e-07
5.2297895e-08
1.5409246e-07
5.1354295e-08
1.5043765e-07
5.0408551e-08
1.4682016e-07
4.9459026e-08
1.4324176e-07
4.8504442e-08
1.3970421e-07
4.7543837e-08
1.3620928e-07
4.6576665e-08
4.5602556e-08
1.2409253e-07
-3.6013692e-08
1.2599151e-07
-6.5804591e-08
1.3578188e-07
-5.1798567e-08
1.5127782e-07
-2.050097e-08
1.6972117e-07
1.5106899e-08
1.8854549e-07
4.7132443e-08
2.060238e-07
7.2640477e-08
2.2120656e-07
9.1182406e-08
2.3372938e-07
1.0354251e-07
2.4359516e-07
1.1093026e-07
2.5101398e-07
1.1458307e-07
2.562949e-07
1.1558757e-07
2.5976735e-07
1.1479895e-07
2.6173974e-07
1.1284597e-07
2.6248361e-07
1.1018529e-07
2.6223977e-07
1.0714676e-07
2.6121262e-07
1.0393997e-07
2.5956248e-07
1.0069531e-07
2.5741193e-07
9.7495244e-08
2.5486678e-07
9.4418132e-08
2.5201198e-07
9.1506176e-08
2.4890834e-07
8.8756298e-08
2.456077e-07
8.6179776e-08
2.4215291e-07
8.3788686e-08
2.3857708e-07
8.1563831e-08
2.3491835e-07
7.9497847e-08
2.3115781e-07
7.7538191e-08
2.2735071e-07
7.5752692e-08
2.2350487e-07
7.4087949e-08
2.1962117e-07
7.2520123e-08
2.1571371e-07
7.1054992e-08
2.1178965e-07
6.9675692e-08
2.0785575e-07
6.837196e-08
2.0391736e-07
6.7133301e-08
1.9997901e-07
6.595006e-08
1.9604461e-07
6.4813601e-08
1.9211778e-07
6.3715949e-08
1.8820187e-07
6.2650201e-08
1.8430005e-07
6.1609976e-08
1.8041396e-07
6.0588689e-08
1.7654739e-07
5.9583019e-08
1.7270263e-07
5.8587715e-08
1.6888203e-07
5.7598833e-08
1.6508791e-07
5.6613106e-08
1.6132252e-07
5.5627691e-08
1.5758804e-07
5.4640212e-08
1.5388661e-07
5.364873e-08
1.5022031e-07
5.2651688e-08
1.4659118e-07
5.1647887e-08
1.4300124e-07
5.063644e-08
1.3945246e-07
4.961691e-08
4.8588867e-08
1.2699964e-07
-3.462135e-08
1.2748134e-07
-6.6313776e-08
1.3464093e-07
-5.8995562e-08
1.473776e-07
-3.328144e-08
1.6355392e-07
-1.1177104e-09
1.8088652e-07
2.9747779e-08
1.9765965e-07
5.581158e-08
2.1279572e-07
7.5986299e-08
2.257539e-07
9.0519434e-08
2.3637033e-07
1.0024433e-07
2.447176e-07
1.0616172e-07
2.5100046e-07
1.0922557e-07
2.5547768e-07
1.1023685e-07
2.5841377e-07
1.0981869e-07
2.6006036e-07
1.0844076e-07
2.6064409e-07
1.0645841e-07
2.6035848e-07
1.041149e-07
2.5936746e-07
1.0156969e-07
2.578002e-07
9.893903e-08
2.5576575e-07
9.6321116e-08
2.5335621e-07
9.3775222e-08
2.5063975e-07
9.1322015e-08
2.4767383e-07
8.8983688e-08
2.4450792e-07
8.678081e-08
2.411802e-07
8.4705972e-08
2.3772731e-07
8.2756295e-08
2.3415238e-07
8.0904539e-08
2.3049762e-07
7.9188694e-08
2.2677765e-07
7.7578128e-08
2.2299999e-07
7.6054998e-08
2.1917905e-07
7.4619811e-08
2.1532455e-07
7.3260711e-08
2.1144503e-07
7.1968443e-08
2.0754764e-07
7.0733884e-08
2.0363848e-07
6.9548443e-08
1.9972281e-07
6.8404363e-08
1.9580547e-07
6.7294235e-08
1.9189079e-07
6.6211733e-08
1.8798283e-07
6.5150862e-08
1.8408429e-07
6.4105295e-08
1.801993e-07
6.307214e-08
1.7633098e-07
6.2046335e-08
1.7248223e-07
6.1024164e-08
1.6865585e-07
6.0002509e-08
1.6485454e-07
5.8978684e-08
1.610809e-07
5.7950456e-08
1.5733742e-07
5.6916008e-08
1.5362652e-07
5.5873902e-08
1.4995053e-07
5.4823048e-08
1.4631174e-07
5.3762668e-08
1.4271235e-07
5.2692526e-08
1.3024617e-07
-3.2921934e-08
1.2968689e-07
-6.5784849e-08
1.3467841e-07
-6.4029466e-08
1.4493725e-07
-4.3590791e-08
1.5889455e-07
-1.5131312e-08
1.7459358e-07
1.3987798e-08
1.9040487e-07
3.993505e-08
2.0519251e-07
6.1128904e-08
2.1829037e-07
7.7346978e-08
2.2939615e-07
8.9059165e-08
2.3845749e-07
9.7016137e-08
2.4557745e-07
1.0201608e-07
2.5094021e-07
1.0477872e-07
2.5476055e-07
1.058966e-07
2.5725584e-07
1.0583695e-07
2.5863608e-07
1.049628e-07
2.5908517e-07
1.0354398e-07
2.5875623e-07
1.0177035e-07
2.577814e-07
9.9778531e-08
2.5627428e-07
9.7684566e-08
2.5433021e-07
9.5566571e-08
2.5202302e-07
9.3466133e-08
2.4941544e-07
9.1417044e-08
2.4656169e-07
8.9448569e-08
2.4350474e-07
8.7565125e-08
2.4028249e-07
8.5770348e-08
2.3691246e-07
8.4054406e-08
2.3343049e-07
8.2439335e-08
2.2985616e-07
8.0909329e-08
2.2620239e-07
7.9452699e-08
2.2248482e-07
7.806792e-08
2.1871562e-07
7.6746909e-08
2.1490516e-07
7.5482083e-08
2.1106241e-07
7.4265804e-08
2.0719514e-07
7.309075e-08
2.0330997e-07
7.1950237e-08
1.9941297e-07
7.0837633e-08
1.9550967e-07
6.974729e-08
1.9160491e-07
6.8673552e-08
1.8770252e-07
6.7611025e-08
1.8380719e-07
6.6556661e-08
1.7992274e-07
6.5505988e-08
1.760527e-07
6.4455562e-08
1.7220042e-07
6.3402483e-08
1.6836908e-07
6.2344276e-08
1.6456173e-07
6.1278894e-08
1.6078124e-07
6.020469e-08
1.5703039e-07
5.9120381e-08
1.5331185e-07
5.8025019e-08
1.496282e-07
5.6917962e-08
5.5799173e-08
1.3375405e-07
-3.1078822e-08
1.3244189e-07
-6.4505947e-08
1.3566576e-07
-6.7300832e-08
1.4373412e-07
-5.1716702e-08
1.5557765e-07
-2.7039687e-08
1.69578e-07
-8.3126683e-11
1.8424371e-07
2.5193739e-08
1.984378e-07
4.6854292e-08
2.1141583e-07
6.4283425e-08
2.2276784e-07
7.7616621e-08
2.323333e-07
8.7355004e-08
2.4012056e-07
9.4127657e-08
2.462391e-07
9.8553044e-08
2.5084939e-07
1.0117271e-07
2.541307e-07
1.0243521e-07
2.5626369e-07
1.0270241e-07
2.5742022e-07
1.0225314e-07
2.5774764e-07
1.0130173e-07
2.5736946e-07
1.0000811e-07
2.5639864e-07
9.8498297e-08
2.5493384e-07
9.6865211e-08
2.5305368e-07
9.516963e-08
2.508242e-07
9.3458875e-08
2.4830325e-07
9.177011e-08
2.4553801e-07
9.0119202e-08
2.4256881e-07
8.8517328e-08
2.3942271e-07
8.6966837e-08
2.3613319e-07
8.5483472e-08
2.3272371e-07
8.4061208e-08
2.2921162e-07
8.2694197e-08
2.256143e-07
8.1381179e-08
2.2194629e-07
8.0117206e-08
2.1821985e-07
7.8896795e-08
2.1444574e-07
7.7713973e-08
2.1063345e-07
7.6562857e-08
2.0679095e-07
7.5438012e-08
2.029258e-07
7.4333826e-08
1.9904442e-07
7.3245205e-08
1.9515271e-07
7.2167398e-08
1.9125566e-07
7.10957e-08
1.8735854e-07
7.0027137e-08
1.8346591e-07
6.8957874e-08
1.7958197e-07
6.7884824e-08
1.7571066e-07
6.680538e-08
1.7185567e-07
6.5717334e-08
1.6802053e-07
6.4618878e-08
1.6420853e-07
6.350858e-08
1.6042284e-07
6.2385355e-08
1.5666648e-07
6.1248429e-08
1.5294237e-07
6.0097316e-08
5.8932079e-08
1.3746834e-07
-2.9197746e-08
1.35623e-07
-6.2696827e-08
1.3741988e-07
-6.9150465e-08
1.4357545e-07
-5.7937159e-08
1.5344591e-07
-3.6984033e-08
1.6574194e-07
-1.2460068e-08
1.7914104e-07
1.1707777e-08
1.9254992e-07
3.3353051e-08
2.0518687e-07
5.1548778e-08
2.1656485e-07
6.6135621e-08
2.2643446e-07
7.7376953e-08
2.3471945e-07
8.5728498e-08
2.4145769e-07
9.1694492e-08
2.4675339e-07
9.5750126e-08
2.5074384e-07
9.8310949e-08
2.5357905e-07
9.9726256e-08
2.5540665e-07
1.002774e-07
2.5636661e-07
1.0018623e-07
2.5657945e-07
9.9631961e-08
2.5614915e-07
9.8756775e-08
2.5517266e-07
9.7660578e-08
2.5373162e-07
9.6419109e-08
2.5189544e-07
9.5092692e-08
2.4972467e-07
9.3726641e-08
2.4726975e-07
9.2348242e-08
2.4457345e-07
9.0976342e-08
2.4166938e-07
8.9622208e-08
2.3859089e-07
8.8301075e-08
2.3536468e-07
8.7014086e-08
2.3201165e-07
8.5760796e-08
2.2855121e-07
8.4541615e-08
2.2500028e-07
8.3354517e-08
2.2137292e-07
8.2196316e-08
2.1768163e-07
8.1063009e-08
2.1393767e-07
7.9950351e-08
2.1015052e-07
7.885403e-08
2.0632891e-07
7.7769867e-08
2.024805e-07
7.6693509e-08
1.9861222e-07
7.5621064e-08
1.9473014e-07
7.4548674e-08
1.9084026e-07
7.347359e-08
1.869479e-07
7.239265e-08
1.8305794e-07
7.1303205e-08
1.7917494e-07
7.0203014e-08
1.7530317e-07
6.90902e-08
1.7144663e-07
6.7963247e-08
1.6760908e-07
6.6820987e-08
1.6379411e-07
6.5662572e-08
1.600051e-07
6.4487441e-08
1.5624533e-07
6.3295316e-08
6.2086286e-08
1.4135167e-07
-2.7344267e-08
1.391397e-07
-6.0524118e-08
1.3979579e-07
-6.9864721e-08
1.4429891e-07
-6.2512801e-08
1.5235609e-07
-4.5124638e-08
1.6298515e-07
-2.3181086e-08
1.75049e-07
-4.5508715e-10
1.8752967e-07
2.0767095e-08
1.9964254e-07
3.9324753e-08
2.1085204e-07
5.4809238e-08
2.2084001e-07
6.7266339e-08
2.2945778e-07
7.6982088e-08
2.3667695e-07
8.4340325e-08
2.4254627e-07
8.973909e-08
2.4715934e-07
9.3549097e-08
2.5063283e-07
9.6096681e-08
2.5309033e-07
9.7656337e-08
2.5465198e-07
9.8453277e-08
2.5543407e-07
9.8670375e-08
2.555394e-07
9.8463261e-08
2.5505462e-07
9.7947831e-08
2.5406049e-07
9.720539e-08
2.5262886e-07
9.6305462e-08
2.5082188e-07
9.5303175e-08
2.4869262e-07
9.4235376e-08
2.4628623e-07
9.3128957e-08
2.4364069e-07
9.2002634e-08
2.4079042e-07
9.0873373e-08
2.377648e-07
8.9749253e-08
2.3458753e-07
8.8634425e-08
2.3128006e-07
8.7531607e-08
2.2786182e-07
8.644201e-08
2.2434844e-07
8.5364464e-08
2.2075433e-07
8.4297433e-08
2.1709222e-07
8.323836e-08
2.1337315e-07
8.2184368e-08
2.0960717e-07
8.113257e-08
2.0580311e-07
8.0079702e-08
2.01969e-07
7.9022779e-08
1.9811197e-07
7.7958834e-08
1.9423878e-07
7.6885556e-08
1.9035556e-07
7.5800473e-08
1.8646791e-07
7.4701452e-08
1.8258104e-07
7.3586695e-08
1.7869979e-07
7.2454716e-08
1.748287e-07
7.1304347e-08
1.7097202e-07
7.0134733e-08
1.6713376e-07
6.8945309e-08
1.6331771e-07
6.7735771e-08
1.595275e-07
6.6506138e-08
1.4537965e-07
-2.5556675e-08
1.429264e-07
-5.8113268e-08
1.4267948e-07
-6.968156e-08
1.4576947e-07
-6.5683241e-08
1.5218216e-07
-5.1630775e-08
1.6121252e-07
-3.2315126e-08
1.7191375e-07
-1.1268403e-08
1.8336566e-07
9.1958581e-09
1.9480804e-07
2.7756462e-08
2.0568171e-07
4.38034e-08
2.1561913e-07
5.7190539e-08
2.2441245e-07
6.804407e-08
2.3197436e-07
7.6627101e-08
2.3830122e-07
8.3254001e-08
2.4344311e-07
8.8241724e-08
2.4748204e-07
9.1884766e-08
2.5051541e-07
9.4442258e-08
2.5264479e-07
9.6135156e-08
2.5396949e-07
9.7148467e-08
2.5458961e-07
9.7636936e-08
2.5459171e-07
9.7730069e-08
2.5404784e-07
9.7523534e-08
2.5302764e-07
9.7088688e-08
2.5159373e-07
9.6488732e-08
2.4980209e-07
9.576698e-08
2.4769979e-07
9.495944e-08
2.453274e-07
9.4091366e-08
2.427207e-07
9.3183796e-08
2.3991124e-07
9.2249693e-08
2.3692544e-07
9.1297917e-08
2.3378671e-07
9.0334364e-08
2.3051605e-07
8.9362971e-08
2.2713124e-07
8.8385249e-08
2.2364834e-07
8.7401841e-08
2.2008156e-07
8.6412132e-08
2.1644346e-07
8.5414858e-08
2.1274534e-07
8.4408485e-08
2.0899727e-07
8.3390988e-08
2.0520835e-07
8.2360392e-08
2.0138675e-07
8.1314675e-08
1.9754009e-07
8.0252145e-08
1.9367528e-07
7.9171051e-08
1.8979868e-07
7.8069853e-08
1.8591617e-07
7.6947264e-08
1.8203319e-07
7.5802251e-08
1.7815483e-07
7.4634052e-08
1.7428585e-07
7.3442174e-08
1.7043072e-07
7.2226379e-08
1.6659368e-07
7.0986664e-08
6.9723409e-08
1.4953726e-07
-2.3855272e-08
1.4693631e-07
-5.555798e-08
1.4598211e-07
-6.8796905e-08
1.4787517e-07
-6.7664988e-08
1.528145e-07
-5.6674028e-08
1.6033669e-07
-3.995342e-08
1.6968134e-07
-2.073911e-08
1.8004017e-07
-1.2974695e-09
1.9069863e-07
1.6956e-08
2.010954e-07
3.3257678e-08
2.1083157e-07
4.7298667e-08
2.1965333e-07
5.9059859e-08
2.2742322e-07
6.8687833e-08
2.3408992e-07
7.6410735e-08
2.3966184e-07
8.2485773e-08
2.4418631e-07
8.7168553e-08
2.4773331e-07
9.0695532e-08
2.5038389e-07
9.3276555e-08
2.5222267e-07
9.509298e-08
2.5333409e-07
9.6299618e-08
2.5380442e-07
9.702417e-08
2.5370402e-07
9.7378413e-08
2.5309608e-07
9.7439788e-08
2.5204348e-07
9.7273297e-08
2.5059777e-07
9.6932926e-08
2.4881007e-07
9.6455457e-08
2.4672271e-07
9.5874887e-08
2.4437279e-07
9.5217337e-08
2.4179355e-07
9.449972e-08
2.3901348e-07
9.373547e-08
2.360578e-07
9.2933866e-08
2.3294905e-07
9.2101669e-08
2.2970685e-07
9.124312e-08
2.2634884e-07
9.0361096e-08
2.2289068e-07
8.9457017e-08
2.1934632e-07
8.853136e-08
2.1572834e-07
8.7584042e-08
2.1204799e-07
8.6614373e-08
2.0831545e-07
8.5621493e-08
2.0453993e-07
8.4604384e-08
2.007299e-07
8.3562118e-08
1.968931e-07
8.2493712e-08
1.9303664e-07
8.1398289e-08
1.8916707e-07
8.0275138e-08
1.8529048e-07
7.9123743e-08
1.8141254e-07
7.79438e-08
1.775385e-07
7.6735226e-08
1.7367334e-07
7.5498161e-08
1.6982172e-07
7.4232939e-08
7.294022e-08
1.5381606e-07
-2.2248893e-08
1.5113669e-07
-5.2927658e-08
1.4963511e-07
-6.7370842e-08
1.5052369e-07
-6.8650802e-08
1.541576e-07
-6.0422812e-08
1.6027757e-07
-4.6202572e-08
1.6829856e-07
-2.8901023e-08
1.7753104e-07
-1.0680762e-08
1.8732192e-07
7.0056867e-09
1.9712569e-07
2.3286629e-08
2.065284e-07
3.7721251e-08
2.152433e-07
5.0162978e-08
2.2309211e-07
6.0649699e-08
2.2998178e-07
6.932424e-08
2.3588212e-07
7.638088e-08
2.4080691e-07
8.2031245e-08
2.4479848e-07
8.6483212e-08
2.4791615e-07
8.9929611e-08
2.50228e-07
9.2542927e-08
2.5180595e-07
9.4474129e-08
2.5272129e-07
9.585149e-08
2.5304901e-07
9.6783129e-08
2.5284838e-07
9.7362241e-08
2.5217458e-07
9.7657184e-08
2.5108241e-07
9.7723783e-08
2.4961659e-07
9.7607777e-08
2.478231e-07
9.7342454e-08
2.4574049e-07
9.6961574e-08
2.4340336e-07
9.6485667e-08
2.4084159e-07
9.5932756e-08
2.3808193e-07
9.5315417e-08
2.3514832e-07
9.4643276e-08
2.3206196e-07
9.3923274e-08
2.2884191e-07
9.316057e-08
2.255052e-07
9.2358685e-08
2.220671e-07
9.1519917e-08
2.1854138e-07
9.0645721e-08
2.1494045e-07
8.9736817e-08
2.1127555e-07
8.8793541e-08
2.0755687e-07
8.7815946e-08
2.0379377e-07
8.6803981e-08
1.9999481e-07
8.5757486e-08
1.9616784e-07
8.4676308e-08
1.9232013e-07
8.356038e-08
1.884584e-07
8.2409753e-08
1.8458888e-07
8.1224636e-08
1.807174e-07
8.0005408e-08
1.768494e-07
7.8752624e-08
1.7299003e-07
7.7467011e-08
7.6149502e-08
1.5821216e-07
-2.0739359e-08
1.5550518e-07
-5.0273245e-08
1.5358602e-07
-6.5533376e-08
1.5363929e-07
-6.8810165e-08
1.5612841e-07
-6.3038216e-08
1.609614e-07
-5.1178479e-08
1.6771258e-07
-3.5808873e-08
1.7581193e-07
-1.8948349e-08
1.8467835e-07
-2.0389656e-09
1.937967e-07
1.3981119e-08
2.0275242e-07
2.8570099e-08
2.1123818e-07
4.1473836e-08
2.1904448e-07
5.2632171e-08
2.2604315e-07
6.2106433e-08
2.321695e-07
7.0027343e-08
2.3740587e-07
7.6559436e-08
2.4176758e-07
8.1877589e-08
2.452917e-07
8.61528e-08
2.4802871e-07
8.954411e-08
2.5003665e-07
9.2194864e-08
2.5137652e-07
9.4230387e-08
2.5210951e-07
9.5758593e-08
2.523007e-07
9.6868771e-08
2.5200152e-07
9.7643251e-08
2.5125866e-07
9.8141287e-08
2.5012106e-07
9.8408398e-08
2.4862828e-07
9.8485028e-08
2.4682053e-07
9.8406975e-08
2.4473492e-07
9.8196232e-08
2.4240199e-07
9.7877374e-08
2.3984967e-07
9.7465878e-08
2.3710304e-07
9.6974209e-08
2.3418463e-07
9.6411893e-08
2.3111476e-07
9.5786391e-08
2.2791169e-07
9.5103355e-08
2.2459187e-07
9.4366951e-08
2.2117021e-07
9.3580237e-08
2.176602e-07
9.2745385e-08
2.1407409e-07
9.1864003e-08
2.1042303e-07
9.0937269e-08
2.0671724e-07
8.9966096e-08
2.0296608e-07
8.8951201e-08
1.9917817e-07
8.7893215e-08
1.9536145e-07
8.6792766e-08
1.9152328e-07
8.5650529e-08
1.8767051e-07
8.4467276e-08
1.838095e-07
8.324389e-08
1.799462e-07
8.1981389e-08
1.7608621e-07
8.0680938e-08
7.934378e-08
1.6272475e-07
-1.9324444e-08
1.6002705e-07
-4.7631777e-08
1.5779515e-07
-6.3389572e-08
1.5716027e-07
-6.8290525e-08
1.5865507e-07
-6.4671153e-08
1.6232052e-07
-5.5001211e-08
1.6787132e-07
-4.1532958e-08
1.7485282e-07
-2.6116628e-08
1.8276185e-07
-1.0146357e-08
1.9112465e-07
5.4097136e-09
1.9953842e-07
1.9938399e-08
2.0768672e-07
3.3098836e-08
2.1533822e-07
4.4745482e-08
2.2233671e-07
5.486435e-08
2.2858777e-07
6.3524242e-08
2.3404521e-07
7.0841375e-08
2.3869871e-07
7.6954713e-08
2.4256337e-07
8.2009736e-08
2.4567153e-07
8.6148229e-08
2.4806655e-07
8.9502456e-08
2.4979795e-07
9.2191571e-08
2.5091814e-07
9.4320601e-08
2.5147926e-07
9.5979131e-08
2.5153946e-07
9.7243549e-08
2.511436e-07
9.8186622e-08
2.5032655e-07
9.8861984e-08
2.4913679e-07
9.9298622e-08
2.4761305e-07
9.954238e-08
2.457854e-07
9.9622998e-08
2.4368952e-07
9.9559114e-08
2.4135386e-07
9.937397e-08
2.3880438e-07
9.9082431e-08
2.3606466e-07
9.8696429e-08
2.3315607e-07
9.8225692e-08
2.3009792e-07
9.7678029e-08
2.2690772e-07
9.7059479e-08
2.2360138e-07
9.6374731e-08
2.2019341e-07
9.5627435e-08
2.16697e-07
9.4820517e-08
2.1312419e-07
9.3956328e-08
2.0948603e-07
9.303681e-08
2.0579266e-07
9.2063603e-08
2.0205344e-07
9.1038169e-08
1.9827699e-07
8.9961881e-08
1.9447131e-07
8.883609e-08
1.9064383e-07
8.766217e-08
1.8680146e-07
8.6441558e-08
1.8295066e-07
8.5175775e-08
1.790975e-07
8.3866455e-08
8.251521e-08
1.6735496e-07
-1.7999778e-08
1.6469304e-07
-4.5029885e-08
1.622328e-07
-6.1024011e-08
1.6103661e-07
-6.7219041e-08
1.6167566e-07
-6.5460629e-08
1.6429309e-07
-5.7790903e-08
1.6872381e-07
-4.6154395e-08
1.7462071e-07
-3.2219902e-08
1.8156043e-07
-1.7305906e-08
1.891183e-07
-2.3797655e-09
1.9691344e-07
1.1901074e-08
2.046305e-07
2.5129802e-08
2.1202534e-07
3.7089388e-08
2.1892086e-07
4.7698547e-08
2.2519816e-07
5.6967714e-08
2.3078604e-07
6.49653e-08
2.3565057e-07
7.1792898e-08
2.3978581e-07
7.7567929e-08
2.4320602e-07
8.2411936e-08
2.4593943e-07
8.644314e-08
2.480233e-07
8.9771663e-08
2.4950025e-07
9.2497161e-08
2.5041504e-07
9.4707125e-08
2.5081268e-07
9.6477704e-08
2.5074504e-07
9.7874881e-08
2.5025187e-07
9.8964506e-08
2.4935949e-07
9.9786462e-08
2.4811575e-07
1.0036934e-07
2.4655495e-07
1.0075507e-07
2.4470197e-07
1.0096994e-07
2.4258997e-07
1.0103062e-07
2.4024581e-07
1.0095776e-07
2.3769382e-07
1.0076588e-07
2.3495623e-07
1.0046688e-07
2.3205315e-07
1.0007074e-07
2.2900297e-07
9.9585337e-08
2.2582249e-07
9.9016986e-08
2.225271e-07
9.8370806e-08
2.1913086e-07
9.7651068e-08
2.1564662e-07
9.686133e-08
2.1208622e-07
9.60046e-08
2.0846054e-07
9.5083481e-08
2.0477962e-07
9.4100303e-08
2.0105276e-07
9.3057226e-08
1.9728857e-07
9.1956314e-08
1.9349507e-07
9.0799593e-08
1.8967969e-07
8.9589085e-08
1.8584942e-07
8.8326854e-08
1.8201078e-07
8.7015036e-08
8.5655658e-08
1.7210525e-07
-1.6760027e-08
1.6949787e-07
-4.2486456e-08
1.6687695e-07
-5.8504566e-08
1.6522802e-07
-6.5704566e-08
1.6513717e-07
-6.5532906e-08
1.6682306e-07
-5.9664611e-08
1.7022074e-07
-4.9761005e-08
1.7508035e-07
-3.7306518e-08
1.8105696e-07
-2.3525077e-08
1.8777956e-07
-9.3584926e-09
1.9489701e-07
4.5154114e-09
2.0210392e-07
1.7643683e-08
2.0915161e-07
2.9752227e-08
2.1584915e-07
4.070174e-08
2.2205863e-07
5.044941e-08
2.2768779e-07
5.9017873e-08
2.326817e-07
6.6471255e-08
2.3701482e-07
7.2897504e-08
2.4068391e-07
7.839579e-08
2.4370209e-07
8.3067917e-08
2.4609395e-07
8.7012543e-08
2.4789162e-07
9.032172e-08
2.4913156e-07
9.3078667e-08
2.498523e-07
9.5357473e-08
2.5009305e-07
9.7223475e-08
2.4990156e-07
9.8733972e-08
2.4931033e-07
9.9944185e-08
2.4834173e-07
1.0089029e-07
2.4704095e-07
1.0159622e-07
2.4543904e-07
1.0210033e-07
2.4355639e-07
1.0242792e-07
2.4142342e-07
1.0259221e-07
2.3906625e-07
1.026111e-07
2.3650769e-07
1.0249989e-07
2.3376844e-07
1.0227078e-07
2.3086751e-07
1.0193342e-07
2.2782245e-07
1.0149565e-07
2.246494e-07
1.0096403e-07
2.2136318e-07
1.0034418e-07
2.1797737e-07
9.9640888e-08
2.1450451e-07
9.8858237e-08
2.1095614e-07
9.7999818e-08
2.0734298e-07
9.7068856e-08
2.0367495e-07
9.6068331e-08
1.9996126e-07
9.5001055e-08
1.9621046e-07
9.3869734e-08
1.9243055e-07
9.2677017e-08
1.8862896e-07
9.1425537e-08
1.8481273e-07
9.0117959e-08
8.8756768e-08
1.7697883e-07
-1.559959e-08
1.7443902e-07
-4.0014638e-08
1.7171155e-07
-5.5885554e-08
1.6970221e-07
-6.38397e-08
1.6899442e-07
-6.5001336e-08
1.6985992e-07
-6.0734027e-08
1.7231488e-07
-5.2443862e-08
1.7619506e-07
-4.1435297e-08
1.8122992e-07
-2.8826439e-08
1.8710401e-07
-1.5514715e-08
1.9350151e-07
-2.1780355e-09
2.0013421e-07
1.0702583e-08
2.0675635e-07
2.2810255e-08
2.1316981e-07
3.3957693e-08
2.1922322e-07
4.4055123e-08
2.2480745e-07
5.3082721e-08
2.298496e-07
6.1068277e-08
2.3430644e-07
6.8069907e-08
2.3815833e-07
7.4163142e-08
2.414037e-07
7.9431636e-08
2.4405437e-07
8.3960623e-08
2.4613168e-07
8.7832622e-08
2.4766317e-07
9.1124618e-08
2.4868027e-07
9.3906886e-08
2.4921653e-07
9.6242595e-08
2.4930673e-07
9.8187853e-08
2.4899339e-07
9.9790158e-08
2.4830461e-07
1.0110034e-07
2.4725863e-07
1.0214926e-07
2.4589837e-07
1.0295601e-07
2.4425224e-07
1.0355798e-07
2.4233618e-07
1.0397777e-07
2.401786e-07
1.0422508e-07
2.3780521e-07
1.0431644e-07
2.3523688e-07
1.0426898e-07
2.3249302e-07
1.040939e-07
2.2959174e-07
1.0380045e-07
2.2654981e-07
1.0339654e-07
2.2338264e-07
1.0288914e-07
2.2010445e-07
1.0228421e-07
2.1672836e-07
1.0158696e-07
2.1326655e-07
1.0080196e-07
2.097303e-07
9.9933329e-08
2.0613014e-07
9.8984901e-08
2.0247581e-07
9.7960259e-08
1.9877641e-07
9.6862817e-08
1.9504042e-07
9.5695874e-08
1.9127576e-07
9.4462662e-08
1.8748992e-07
9.3166394e-08
9.1810045e-08
1.8197941e-07
-1.4512981e-08
1.7951595e-07
-3.7623326e-08
1.767251e-07
-5.3210311e-08
1.7443343e-07
-6.1702783e-08
1.732091e-07
-6.3966677e-08
1.7335848e-07
-6.1103916e-08
1.7496155e-07
-5.4294472e-08
1.779275e-07
-4.4672344e-08
1.820543e-07
-3.3244839e-08
1.870817e-07
-2.0851645e-08
1.9273261e-07
-8.1542865e-09
1.9874163e-07
4.3540721e-09
2.0487227e-07
1.6327285e-08
2.1092538e-07
2.7540357e-08
2.1674146e-07
3.7863618e-08
2.2219888e-07
4.7239115e-08
2.2721002e-07
5.5660483e-08
2.317163e-07
6.3156624e-08
2.3568316e-07
6.9778993e-08
2.3909513e-07
7.559201e-08
2.419516e-07
8.0666042e-08
2.4426303e-07
8.5072485e-08
2.4604778e-07
8.8880421e-08
2.473296e-07
9.2154712e-08
2.4813581e-07
9.4954979e-08
2.4849599e-07
9.7335085e-08
2.4844015e-07
9.9342151e-08
2.4800748e-07
1.0101793e-07
2.4722176e-07
1.0240885e-07
2.4609744e-07
1.0354021e-07
2.4467582e-07
1.0442839e-07
2.4298267e-07
1.0510856e-07
2.4103047e-07
1.0559964e-07
2.3884619e-07
1.0591026e-07
2.3645399e-07
1.0605787e-07
2.3387336e-07
1.060585e-07
2.3112277e-07
1.0592246e-07
2.2821949e-07
1.0565894e-07
2.2517939e-07
1.0527617e-07
2.2201715e-07
1.0478134e-07
2.1874637e-07
1.0418069e-07
2.1537976e-07
1.0347977e-07
2.1192913e-07
1.0268364e-07
2.0840551e-07
1.0179696e-07
2.0481917e-07
1.0082411e-07
2.0117967e-07
9.9769221e-08
1.9749597e-07
9.8636271e-08
1.9377643e-07
9.7429104e-08
1.9002898e-07
9.61515e-08
9.4806947e-08
1.8711096e-07
-1.3495016e-08
1.8472951e-07
-3.5318258e-08
1.8190958e-07
-5.0513282e-08
1.7940131e-07
-5.9359766e-08
1.7774891e-07
-6.2517718e-08
1.7727858e-07
-6.0871161e-08
1.7811886e-07
-5.5402553e-08
1.8024034e-07
-4.7088241e-08
1.8350243e-07
-3.682468e-08
1.8769784e-07
-2.53853e-08
1.9258978e-07
-1.3402547e-08
1.9793965e-07
-1.3682038e-09
2.0352542e-07
1.0354613e-08
2.0915236e-07
2.1513267e-08
2.1465785e-07
3.1945667e-08
2.1991208e-07
4.1560793e-08
2.2481616e-07
5.0321161e-08
2.2929875e-07
5.8227936e-08
2.3331216e-07
6.5308827e-08
2.3682822e-07
7.1608588e-08
2.3983451e-07
7.7181791e-08
2.4233087e-07
8.2087517e-08
2.4432638e-07
8.6385576e-08
2.4583685e-07
9.0134058e-08
2.4688292e-07
9.3387782e-08
2.4748852e-07
9.6197338e-08
2.4767925e-07
9.8608225e-08
2.4748169e-07
1.0066136e-07
2.4693233e-07
1.0239336e-07
2.4605038e-07
1.0384681e-07
2.448469e-07
1.0504306e-07
2.4336201e-07
1.0599393e-07
2.4162006e-07
1.0673086e-07
2.396309e-07
1.0727283e-07
2.3741794e-07
1.0763195e-07
2.3500479e-07
1.0782067e-07
2.3241013e-07
1.0785431e-07
2.2965157e-07
1.0774317e-07
2.267453e-07
1.0749674e-07
2.2370627e-07
1.0712333e-07
2.2054844e-07
1.0663021e-07
2.1728493e-07
1.0602389e-07
2.1392799e-07
1.0531032e-07
2.104891e-07
1.0449502e-07
2.0697895e-07
1.0358317e-07
2.0340756e-07
1.0257962e-07
1.9978429e-07
1.0148904e-07
1.9611793e-07
1.0031589e-07
1.9241678e-07
9.9064536e-08
9.7738982e-08
1.9237766e-07
-1.2540885e-08
1.9008152e-07
-3.3102819e-08
1.8725961e-07
-4.782171e-08
1.8458979e-07
-5.6865892e-08
1.8258668e-07
-6.0732111e-08
1.8158476e-07
-6.0124271e-08
1.8174793e-07
-5.5854351e-08
1.8309688e-07
-4.8755665e-08
1.8554474e-07
-3.9617408e-08
1.889336e-07
-2.9142321e-08
1.930669e-07
-1.7924608e-08
1.9773529e-07
-6.4436518e-09
2.0273522e-07
4.9312255e-09
2.0788097e-07
1.5929215e-08
2.1301139e-07
2.6363321e-08
2.1799261e-07
3.6114963e-08
2.2271795e-07
4.5119234e-08
2.2710608e-07
5.3351744e-08
2.3109823e-07
6.0817481e-08
2.3465501e-07
6.7541711e-08
2.3775313e-07
7.3562802e-08
2.4038233e-07
7.8926733e-08
2.4254258e-07
8.3683025e-08
2.442417e-07
8.7881883e-08
2.4549337e-07
9.1572243e-08
2.4631557e-07
9.480045e-08
2.4672901e-07
9.7609314e-08
2.4675633e-07
1.00038e-07
2.4642133e-07
1.0212207e-07
2.4575795e-07
1.0389398e-07
2.4478038e-07
1.053946e-07
2.4349586e-07
1.0663932e-07
2.419471e-07
1.076292e-07
2.4015792e-07
1.0840117e-07
2.3812986e-07
1.0898303e-07
2.3588628e-07
1.0937586e-07
2.3345084e-07
1.0959045e-07
2.308414e-07
1.0964285e-07
2.2807425e-07
1.0954377e-07
2.2516442e-07
1.0930253e-07
2.2212608e-07
1.0892742e-07
2.1897261e-07
1.0842585e-07
2.1571663e-07
1.0780468e-07
2.1236997e-07
1.0707026e-07
2.0894369e-07
1.0622855e-07
2.0544817e-07
1.0528516e-07
2.0189312e-07
1.0424539e-07
1.982877e-07
1.0311435e-07
1.9464058e-07
1.0189698e-07
1.0059783e-07
1.9778376e-07
-1.164616e-08
1.9557449e-07
-3.0978623e-08
1.9277189e-07
-4.5156981e-08
1.899864e-07
-5.4267204e-08
1.8769976e-07
-5.867729e-08
1.862459e-07
-5.8943252e-08
1.8581305e-07
-5.5731426e-08
1.864616e-07
-4.9747394e-08
1.8815058e-07
-4.1679233e-08
1.9076692e-07
-3.2157833e-08
1.9415292e-07
-2.1733146e-08
1.9812959e-07
-1.0863642e-08
2.0251466e-07
8.4288529e-11
2.0713513e-07
1.0830183e-08
2.1183531e-07
2.1169406e-08
2.164811e-07
3.09615e-08
2.2096143e-07
4.0118255e-08
2.251878e-07
4.8592476e-08
2.2909265e-07
5.636804e-08
2.3262702e-07
6.3451461e-08
2.3575796e-07
6.9864987e-08
2.3846587e-07
7.5641128e-08
2.4074205e-07
8.0818443e-08
2.4258646e-07
8.5438421e-08
2.440058e-07
8.9543224e-08
2.4501188e-07
9.3174096e-08
2.4562024e-07
9.6370245e-08
2.4584906e-07
9.9168316e-08
2.4571854e-07
1.0160203e-07
2.4525031e-07
1.0370241e-07
2.4447576e-07
1.0550035e-07
2.4340055e-07
1.0703635e-07
2.4203428e-07
1.0830169e-07
2.4042803e-07
1.0930539e-07
2.3858949e-07
1.1010921e-07
2.3651982e-07
1.1071719e-07
2.3424473e-07
1.111274e-07
2.3178686e-07
1.1135349e-07
2.2916242e-07
1.1141189e-07
2.263863e-07
1.1131283e-07
2.2347266e-07
1.1106554e-07
2.2043505e-07
1.1067836e-07
2.1728633e-07
1.1015901e-07
2.1403857e-07
1.0951469e-07
2.1070312e-07
1.087521e-07
2.0729062e-07
1.0787756e-07
2.0381109e-07
1.0689703e-07
2.0027399e-07
1.0581624e-07
1.966883e-07
1.0464069e-07
1.0337546e-07
2.0333363e-07
-1.0806772e-08
2.0121145e-07
-2.8945941e-08
1.9844468e-07
-4.2535705e-08
1.9558153e-07
-5.1601852e-08
1.9306934e-07
-5.6411418e-08
1.9123489e-07
-5.739974e-08
1.9028166e-07
-5.5109828e-08
1.9030053e-07
-5.0134715e-08
1.9128886e-07
-4.3069106e-08
1.931733e-07
-3.4473404e-08
1.9583261e-07
-2.4849974e-08
1.9911815e-07
-1.4630195e-08
2.0287057e-07
-4.1701202e-09
2.0693241e-07
6.2475497e-09
2.1115679e-07
1.6407281e-08
2.1541277e-07
2.6152346e-08
2.1958811e-07
3.5375578e-08
2.2358995e-07
4.4010116e-08
2.2734427e-07
5.2020813e-08
2.307944e-07
5.9396646e-08
2.3389913e-07
6.6144284e-08
2.3663051e-07
7.2282804e-08
2.3897183e-07
7.7839479e-08
2.4091553e-07
8.284653e-08
2.4246146e-07
8.7338677e-08
2.4361532e-07
9.135134e-08
2.4438726e-07
9.4919354e-08
2.4479071e-07
9.8076229e-08
2.4484126e-07
1.0085371e-07
2.4455637e-07
1.0328091e-07
2.4396154e-07
1.0538057e-07
2.4307783e-07
1.0719865e-07
2.418974e-07
1.0874064e-07
2.404653e-07
1.0999343e-07
2.3879876e-07
1.1102152e-07
2.3690677e-07
1.11844e-07
2.3479454e-07
1.1246025e-07
2.3248862e-07
1.1287271e-07
2.3000857e-07
1.1309773e-07
2.2736894e-07
1.1314984e-07
2.245837e-07
1.1303933e-07
2.2166644e-07
1.1277544e-07
2.1863011e-07
1.1236678e-07
2.1548692e-07
1.1182134e-07
2.1224838e-07
1.1114655e-07
2.0892531e-07
1.1034936e-07
2.0552797e-07
1.0943638e-07
2.0206602e-07
1.0841391e-07
1.9854871e-07
1.07288e-07
1.0606427e-07
2.0903167e-07
-1.0018972e-08
2.0699579e-07
-2.700401e-08
2.0427749e-07
-3.9970574e-08
2.0136797e-07
-4.8901229e-08
1.9867991e-07
-5.3984326e-08
1.9652823e-07
-5.5557316e-08
1.9512435e-07
-5.4059604e-08
1.9458164e-07
-4.9986178e-08
1.9492867e-07
-4.3846995e-08
1.9612651e-07
-3.6135146e-08
1.980873e-07
-2.7304279e-08
2.006917e-07
-1.7754589e-08
2.0380402e-07
-7.8260794e-09
2.0728423e-07
2.2025326e-09
2.1099688e-07
1.2110835e-08
2.1481715e-07
2.1731144e-08
2.186345e-07
3.0941707e-08
2.2235444e-07
3.965937e-08
2.2589882e-07
4.783239e-08
2.2920521e-07
5.5433825e-08
2.3222567e-07
6.2455703e-08
2.3492512e-07
6.8904077e-08
2.3727962e-07
7.4794947e-08
2.392747e-07
8.0150997e-08
2.4090369e-07
8.4999052e-08
2.4216631e-07
8.9368138e-08
2.4306742e-07
9.3288054e-08
2.4361587e-07
9.6788409e-08
2.4382363e-07
9.989792e-08
2.4370457e-07
1.0264348e-07
2.4326911e-07
1.0505021e-07
2.4254169e-07
1.0714819e-07
2.4153334e-07
1.089581e-07
2.4028762e-07
1.1045742e-07
2.387836e-07
1.11731e-07
2.3704949e-07
1.1276943e-07
2.3510339e-07
1.1358882e-07
2.3295031e-07
1.1419765e-07
2.3061425e-07
1.1460004e-07
2.2811194e-07
1.148111e-07
2.2545708e-07
1.1484523e-07
2.2266314e-07
1.1471262e-07
2.1974302e-07
1.1442278e-07
2.167089e-07
1.1398446e-07
2.1357233e-07
1.134057e-07
2.1034421e-07
1.1269406e-07
2.070349e-07
1.1185669e-07
2.0365426e-07
1.1090046e-07
2.002117e-07
1.0983195e-07
1.0865728e-07
2.1488238e-07
-9.2792896e-09
2.1293122e-07
-2.5151268e-08
2.1027083e-07
-3.7471062e-08
2.073405e-07
-4.6190947e-08
2.0451884e-07
-5.1438403e-08
2.0210573e-07
-5.347194e-08
2.0031477e-07
-5.2644555e-08
1.9927504e-07
-4.9366673e-08
1.9903981e-07
-4.4072424e-08
1.9959935e-07
-3.7192007e-08
2.0089562e-07
-2.9130919e-08
2.0283686e-07
-2.025588e-08
2.0531088e-07
-1.0886713e-08
2.0819616e-07
-1.2931344e-09
2.113706e-07
8.3047272e-09
2.1471788e-07
1.7733095e-08
2.1813176e-07
2.6859852e-08
2.2151855e-07
3.5588992e-08
2.2479826e-07
4.3854833e-08
2.2790468e-07
5.1616422e-08
2.3078477e-07
5.885242e-08
2.3339762e-07
6.5556599e-08
2.3571311e-07
7.1734006e-08
2.3771052e-07
7.7397797e-08
2.3937717e-07
8.2566678e-08
2.4070715e-07
8.7262889e-08
2.4170014e-07
9.1510658e-08
2.4236045e-07
9.5335045e-08
2.4269602e-07
9.8761025e-08
2.427167e-07
1.0181272e-07
2.4242988e-07
1.0451453e-07
2.4183664e-07
1.0689524e-07
2.4094674e-07
1.0896934e-07
2.3990467e-07
1.1071076e-07
2.3856468e-07
1.1224478e-07
2.3697297e-07
1.1350924e-07
2.3517298e-07
1.1452651e-07
2.3317712e-07
1.1532695e-07
2.3098398e-07
1.1591818e-07
2.2861773e-07
1.1629583e-07
2.2609328e-07
1.1648138e-07
2.2342398e-07
1.1648697e-07
2.2062242e-07
1.1632324e-07
2.1770057e-07
1.159996e-07
2.1466983e-07
1.155246e-07
2.1154109e-07
1.1490626e-07
2.0832474e-07
1.1415226e-07
2.050307e-07
1.1326994e-07
2.0166851e-07
1.122664e-07
1.1114823e-07
2.2089032e-07
-8.5844959e-09
2.1902171e-07
-2.3385526e-08
2.1642601e-07
-3.5043973e-08
2.1349551e-07
-4.3491672e-08
2.1057599e-07
-4.880942e-08
2.0795021e-07
-5.1192458e-08
2.0582952e-07
-5.0922196e-08
2.0435311e-07
-4.8336773e-08
2.0359319e-07
-4.3803305e-08
2.0356421e-07
-3.7694257e-08
2.0423422e-07
-3.0368819e-08
2.0553679e-07
-2.215941e-08
2.0738236e-07
-1.3362965e-08
2.0966828e-07
-4.2363581e-09
2.1228705e-07
5.0048359e-09
2.151327e-07
1.4185033e-08
2.1810538e-07
2.316568e-08
2.2111445e-07
3.1841294e-08
2.2408018e-07
4.0134994e-08
2.2693452e-07
4.7993932e-08
2.2962101e-07
5.5384929e-08
2.3209429e-07
6.2290499e-08
2.3431915e-07
6.8705339e-08
2.3626952e-07
7.463334e-08
2.3792732e-07
8.0085099e-08
2.3928141e-07
8.5075887e-08
2.4032653e-07
8.9624014e-08
2.4106246e-07
9.3749522e-08
2.4149295e-07
9.747314e-08
2.4162393e-07
1.0081532e-07
2.4146095e-07
1.0379458e-07
2.4099858e-07
1.0642792e-07
2.4018297e-07
1.0874312e-07
2.3933375e-07
1.1082844e-07
2.3814842e-07
1.1258788e-07
2.3669545e-07
1.1406606e-07
2.3502626e-07
1.1528667e-07
2.3317009e-07
1.1627182e-07
2.3112551e-07
1.1704921e-07
2.2889165e-07
1.176047e-07
2.2649564e-07
1.1794758e-07
2.239505e-07
1.1809726e-07
2.2126827e-07
1.1806598e-07
2.1846041e-07
1.1786385e-07
2.1553803e-07
1.1749971e-07
2.1251188e-07
1.1698193e-07
2.0939228e-07
1.1631861e-07
2.0618915e-07
1.1551752e-07
2.0291206e-07
1.1458623e-07
1.1353178e-07
2.2706016e-07
-7.931568e-09
2.2527141e-07
-2.1704097e-08
2.2274503e-07
-3.2693898e-08
2.1983079e-07
-4.0819834e-08
2.1684333e-07
-4.6127292e-08
2.1404713e-07
-4.8761139e-08
2.1164801e-07
-4.8943868e-08
2.0979063e-07
-4.6952317e-08
2.0856119e-07
-4.3095007e-08
2.0799369e-07
-3.7692196e-08
2.080785e-07
-3.1059495e-08
2.0877192e-07
-2.3495353e-08
2.1000568e-07
-1.5272319e-08
2.1169574e-07
-6.6316944e-09
2.137498e-07
2.2189098e-09
2.1607351e-07
1.1105728e-08
2.1857514e-07
1.9887295e-08
2.2116894e-07
2.8451839e-08
2.2377738e-07
3.6714003e-08
2.2633237e-07
4.4611255e-08
2.2877569e-07
5.2100284e-08
2.3105895e-07
5.9153584e-08
2.3314306e-07
6.575634e-08
2.3499753e-07
7.1903686e-08
2.3659964e-07
7.7598344e-08
2.3793349e-07
8.2848648e-08
2.3898916e-07
8.76669e-08
2.3976185e-07
9.2067997e-08
2.4025089e-07
9.6068306e-08
2.4045824e-07
9.9684673e-08
2.4038494e-07
1.0293311e-07
2.4002277e-07
1.0583092e-07
2.3936433e-07
1.0841157e-07
2.3858428e-07
1.1072216e-07
2.3753898e-07
1.127178e-07
2.3622259e-07
1.1443109e-07
2.346823e-07
1.1586759e-07
2.3295051e-07
1.1704505e-07
2.3104406e-07
1.1800014e-07
2.2894271e-07
1.1873515e-07
2.2667064e-07
1.1924622e-07
2.2424721e-07
1.1954421e-07
2.2168339e-07
1.1965055e-07
2.1898965e-07
1.1957597e-07
2.1617667e-07
1.1932912e-07
2.1325491e-07
1.1891854e-07
2.1023458e-07
1.1835266e-07
2.0712551e-07
1.1763967e-07
2.0393721e-07
1.1678753e-07
1.1580371e-07
2.3339662e-07
-7.3176561e-09
2.3168468e-07
-2.01039e-08
2.292304e-07
-3.0423585e-08
2.263453e-07
-3.8188233e-08
2.233147e-07
-4.3416762e-08
2.2038439e-07
-4.6214228e-08
2.1775225e-07
-4.6754951e-08
2.1556479e-07
-4.5264171e-08
2.1391792e-07
-4.1999669e-08
2.12861e-07
-3.7235084e-08
2.1240315e-07
-3.1245743e-08
2.1252065e-07
-2.4297333e-08
2.1316477e-07
-1.6637509e-08
2.1426929e-07
-8.4902481e-09
2.1575723e-07
-5.2621702e-11
2.1754662e-07
8.5063663e-09
2.1955504e-07
1.7045404e-08
2.2170322e-07
2.5449332e-08
2.2391745e-07
3.3626922e-08
2.2613126e-07
4.1508174e-08
2.2828624e-07
4.9041444e-08
2.3033237e-07
5.6190605e-08
2.3222791e-07
6.2932355e-08
2.3393901e-07
6.925377e-08
2.3543907e-07
7.5150138e-08
2.3670812e-07
8.0623088e-08
2.3773201e-07
8.5678997e-08
2.3850168e-07
9.0327645e-08
2.3901221e-07
9.4581099e-08
2.3926168e-07
9.845282e-08
2.3924881e-07
1.0195705e-07
2.3897094e-07
1.0511015e-07
2.3843903e-07
1.0793729e-07
2.3771347e-07
1.1046665e-07
2.3676602e-07
1.1267771e-07
2.3558275e-07
1.146167e-07
2.3416268e-07
1.1627476e-07
2.3254245e-07
1.17655e-07
2.3074773e-07
1.1878704e-07
2.2877892e-07
1.1969443e-07
2.2662761e-07
1.2037853e-07
2.2432178e-07
1.2083039e-07
2.2187381e-07
1.2107845e-07
2.1929265e-07
1.2113666e-07
2.1658839e-07
1.210128e-07
2.1377127e-07
1.2071533e-07
2.1085126e-07
1.20253e-07
2.0783806e-07
1.1963437e-07
2.0474105e-07
1.1886778e-07
1.179611e-07
2.3990456e-07
-6.7400651e-09
2.3826608e-07
-1.8581535e-08
2.3588518e-07
-2.8234236e-08
2.33039e-07
-3.5606558e-08
2.2998556e-07
-4.0698015e-08
2.2695203e-07
-4.358248e-08
2.2412674e-07
-4.4395152e-08
2.2165514e-07
-4.3318154e-08
2.1963934e-07
-4.0565699e-08
2.181404e-07
-3.6370273e-08
2.1718279e-07
-3.0970508e-08
2.1676001e-07
-2.4601154e-08
2.1684092e-07
-1.7485259e-08
2.1737597e-07
-9.8285382e-09
2.1830313e-07
-1.8157478e-09
2.1955308e-07
6.3911995e-09
2.2105357e-07
1.4653673e-08
2.2273292e-07
2.2855699e-08
2.2452263e-07
3.0902579e-08
2.2635929e-07
3.8718982e-08
2.2818572e-07
4.6246754e-08
2.2995164e-07
5.3442629e-08
2.3161388e-07
6.0275974e-08
2.3313627e-07
6.6726669e-08
2.3448927e-07
7.278317e-08
2.3564954e-07
7.8440788e-08
2.3659934e-07
8.3700197e-08
2.3732587e-07
8.856615e-08
2.3782054e-07
9.3046419e-08
2.3807809e-07
9.7150965e-08
2.3809553e-07
1.0089148e-07
2.3787206e-07
1.0428174e-07
2.374158e-07
1.0733966e-07
2.3675056e-07
1.100838e-07
2.3587502e-07
1.1250547e-07
2.3479849e-07
1.1464789e-07
2.3348645e-07
1.165201e-07
2.3197036e-07
1.1810709e-07
2.3027123e-07
1.1942524e-07
2.284083e-07
1.2049784e-07
2.2637898e-07
1.2134917e-07
2.2418513e-07
1.2196024e-07
2.2184918e-07
1.2235338e-07
2.1937717e-07
1.2254908e-07
2.1677907e-07
1.22553e-07
2.1406504e-07
1.223736e-07
2.1124479e-07
1.2202007e-07
2.0832778e-07
1.2150134e-07
2.0532319e-07
1.2082606e-07
1.2000246e-07
2.4658893e-07
-6.1962384e-09
2.4502033e-07
-1.7133355e-08
2.4271283e-07
-2.6125758e-08
2.3991272e-07
-3.3081816e-08
2.368528e-07
-3.7987219e-08
2.3374205e-07
-4.089167e-08
2.307582e-07
-4.1898837e-08
2.2804352e-07
-4.1155064e-08
2.257034e-07
-3.8837461e-08
2.2380744e-07
-3.5142531e-08
2.2239237e-07
-3.0275923e-08
2.2146627e-07
-2.444367e-08
2.2101346e-07
-1.7845089e-08
2.2099971e-07
-1.0667384e-08
2.2137719e-07
-3.0818796e-09
2.2208916e-07
4.7582941e-09
2.2307392e-07
1.271924e-08
2.2426816e-07
2.0686342e-08
2.2560968e-07
2.8563578e-08
2.2703932e-07
3.6272285e-08
2.2850241e-07
4.3749566e-08
2.2994966e-07
5.0946526e-08
2.3133762e-07
5.7826435e-08
2.3262885e-07
6.4362947e-08
2.3379184e-07
7.0538413e-08
2.3480069e-07
7.6342348e-08
2.3563473e-07
8.1770054e-08
2.3627806e-07
8.6821436e-08
2.3671896e-07
9.1499984e-08
2.3694931e-07
9.5811973e-08
2.3696409e-07
9.9765924e-08
2.3676143e-07
1.0337241e-07
2.3634513e-07
1.0664408e-07
2.3572612e-07
1.0959343e-07
2.3490076e-07
1.1222369e-07
2.3388905e-07
1.1455519e-07
2.3267843e-07
1.1662511e-07
2.3125e-07
1.1841513e-07
2.2963952e-07
1.1991935e-07
2.2786067e-07
1.211632e-07
2.2593404e-07
1.2217034e-07
2.2385265e-07
1.2293654e-07
2.2162336e-07
1.2348368e-07
2.1925478e-07
1.2382007e-07
2.1675802e-07
1.2395491e-07
2.1414354e-07
1.2389708e-07
2.1142071e-07
1.2365645e-07
2.085986e-07
1.232422e-07
2.0568606e-07
1.2266322e-07
1.2192801e-07
2.534548e-07
-5.6837306e-09
2.519523e-07
-1.5755504e-08
2.4971714e-07
-2.4096963e-08
2.4696801e-07
-3.0618716e-08
2.439145e-07
-3.529701e-08
2.407481e-07
-3.8163082e-08
2.3763543e-07
-3.929539e-08
2.3471396e-07
-3.8810806e-08
2.3209006e-07
-3.6855083e-08
2.2983917e-07
-3.3593549e-08
2.2800758e-07
-2.9202529e-08
2.2661541e-07
-2.3861793e-08
2.2566039e-07
-1.7748223e-08
2.2512202e-07
-1.1030797e-08
2.2496573e-07
-3.8668615e-09
2.2514688e-07
3.6003875e-09
2.256144e-07
1.1243345e-08
2.2631383e-07
1.8950536e-08
2.2718999e-07
2.662647e-08
2.2818895e-07
3.4190949e-08
2.292596e-07
4.1578003e-08
2.3035474e-07
4.8734581e-08
2.3143174e-07
5.5619116e-08
2.3245293e-07
6.2200072e-08
2.3338573e-07
6.8454517e-08
2.342025e-07
7.4366782e-08
2.3488041e-07
7.9927245e-08
2.3540106e-07
8.5131231e-08
2.3575012e-07
8.9978065e-08
2.3591693e-07
9.4470288e-08
2.3589413e-07
9.8613033e-08
2.3567768e-07
1.0241357e-07
2.3526733e-07
1.0588085e-07
2.3466617e-07
1.0902416e-07
2.3387402e-07
1.1184974e-07
2.329027e-07
1.143666e-07
2.317667e-07
1.1661093e-07
2.3041592e-07
1.1858825e-07
2.2887944e-07
1.202795e-07
2.2716617e-07
1.216967e-07
2.2530039e-07
1.2285853e-07
2.233407e-07
1.2377491e-07
2.2121361e-07
1.2448279e-07
2.1894025e-07
1.2496113e-07
2.1653776e-07
1.2522688e-07
2.1401733e-07
1.2529201e-07
2.1138776e-07
1.2516694e-07
2.0865756e-07
1.2486065e-07
2.0583513e-07
1.2438205e-07
1.2373974e-07
2.6050737e-07
-5.200197e-09
2.5906703e-07
-1.4443956e-08
2.5690226e-07
-2.2145724e-08
2.5420707e-07
-2.8219974e-08
2.5116981e-07
-3.2636915e-08
2.4796539e-07
-3.5413943e-08
2.4474911e-07
-3.6609572e-08
2.4165254e-07
-3.6316575e-08
2.3878125e-07
-3.46544e-08
2.3621429e-07
-3.1761591e-08
2.3400512e-07
-2.7788664e-08
2.3218361e-07
-2.2891665e-08
2.3075891e-07
-1.7226617e-08
2.2972259e-07
-1.0944953e-08
2.290522e-07
-4.1899636e-09
2.2871456e-07
2.9057727e-09
2.2866893e-07
1.0222059e-08
2.288699e-07
1.7651962e-08
2.2926975e-07
2.5102064e-08
2.2982048e-07
3.2492212e-08
2.304754e-07
3.9754879e-08
2.3119034e-07
4.6834251e-08
2.3192446e-07
5.3685163e-08
2.326408e-07
6.0271947e-08
2.3330657e-07
6.656726e-08
2.3389328e-07
7.2550951e-08
2.3437662e-07
7.8208993e-08
2.3473635e-07
8.3532506e-08
2.3495606e-07
8.8516879e-08
2.3502284e-07
9.3161015e-08
2.3492712e-07
9.7466676e-08
2.3466251e-07
1.0143793e-07
2.3422573e-07
1.0508056e-07
2.3361629e-07
1.0840114e-07
2.3283385e-07
1.1140564e-07
2.3187845e-07
1.1410258e-07
2.3076934e-07
1.1650756e-07
2.2948917e-07
1.1865436e-07
2.2801028e-07
1.2051989e-07
2.2635679e-07
1.220943e-07
2.2452734e-07
1.2341434e-07
2.2266716e-07
1.2451141e-07
2.2063875e-07
1.2537091e-07
2.1844897e-07
1.2598546e-07
2.1613296e-07
1.2637792e-07
2.1369989e-07
1.2656625e-07
2.1115792e-07
1.265583e-07
2.0851504e-07
1.263624e-07
2.0577917e-07
1.2598729e-07
1.2544159e-07
2.6775195e-07
-4.743379e-09
2.6636973e-07
-1.3194544e-08
2.6427261e-07
-2.0269105e-08
2.6163261e-07
-2.5886553e-08
2.5861877e-07
-3.001371e-08
2.5539037e-07
-3.2657839e-08
2.5209153e-07
-3.3861879e-08
2.4884721e-07
-3.3699075e-08
2.457608e-07
-3.2266968e-08
2.4291316e-07
-2.9681274e-08
2.4036288e-07
-2.6069993e-08
2.3814758e-07
-2.1567977e-08
2.3628587e-07
-1.6312117e-08
2.3477985e-07
-1.0437266e-08
2.336179e-07
-4.0729406e-09
2.3277741e-07
2.6591859e-09
2.3222758e-07
9.6470543e-09
2.3193188e-07
1.6789314e-08
2.3185026e-07
2.3995864e-08
2.3194112e-07
3.1187926e-08
2.3216283e-07
3.8297751e-08
2.3247498e-07
4.5268048e-08
2.3283933e-07
5.2051226e-08
2.3322049e-07
5.8608527e-08
2.3358632e-07
6.4909092e-08
2.339082e-07
7.0929029e-08
2.341611e-07
7.6650503e-08
2.3432357e-07
8.2060881e-08
2.3437762e-07
8.7151942e-08
2.3430855e-07
9.1919172e-08
2.341048e-07
9.6361125e-08
2.3375773e-07
1.0047885e-07
2.332615e-07
1.0427535e-07
2.3261244e-07
1.0775495e-07
2.3180773e-07
1.1092275e-07
2.3084696e-07
1.1378488e-07
2.2973944e-07
1.1634732e-07
2.2849708e-07
1.1864199e-07
2.2705964e-07
1.206706e-07
2.2544895e-07
1.2241204e-07
2.2369014e-07
1.2389045e-07
2.2186355e-07
1.2512837e-07
2.1991047e-07
1.2612771e-07
2.177985e-07
1.2688961e-07
2.1556085e-07
1.2741541e-07
2.1320776e-07
1.277284e-07
2.1074659e-07
1.2783881e-07
2.0818495e-07
1.2775505e-07
2.0553052e-07
1.2748573e-07
1.270395e-07
2.75194e-07
-4.3110885e-09
2.7386574e-07
-1.200297e-08
2.7183286e-07
-1.846347e-08
2.6924782e-07
-2.3617884e-08
2.6626215e-07
-2.7431714e-08
2.6302063e-07
-2.9905061e-08
2.5965646e-07
-3.1068882e-08
2.5628761e-07
-3.0980764e-08
2.530143e-07
-2.9720156e-08
2.4991777e-07
-2.7383454e-08
2.4706008e-07
-2.407918e-08
2.4448476e-07
-1.992343e-08
2.4221819e-07
-1.5035754e-08
2.4027144e-07
-9.5355685e-09
2.3864242e-07
-3.5391663e-09
2.3731816e-07
2.8426601e-09
2.362771e-07
9.5063876e-09
2.3549129e-07
1.6356974e-08
2.3492836e-07
2.3308584e-08
2.3455328e-07
3.0284902e-08
2.343299e-07
3.7219102e-08
2.3422216e-07
4.4053551e-08
2.3419509e-07
5.073932e-08
2.3421557e-07
5.7235552e-08
2.3425283e-07
6.3508755e-08
2.3427886e-07
6.9532055e-08
2.3426859e-07
7.5284443e-08
2.3419997e-07
8.0750047e-08
2.3405399e-07
8.591744e-08
2.3381461e-07
9.0778996e-08
2.3346864e-07
9.5330304e-08
2.3300558e-07
9.9569623e-08
2.3241744e-07
1.0349737e-07
2.3169839e-07
1.0711565e-07
2.3084434e-07
1.1042771e-07
2.2985308e-07
1.1343771e-07
2.2872197e-07
1.1615161e-07
2.2746656e-07
1.1858151e-07
2.2606438e-07
1.207592e-07
2.2448682e-07
1.2266019e-07
2.227796e-07
1.2428458e-07
2.2096932e-07
1.2566037e-07
2.1905623e-07
1.2678615e-07
2.1701874e-07
1.2768948e-07
2.148472e-07
1.2835296e-07
2.1256377e-07
1.2879075e-07
2.1017404e-07
1.2901981e-07
2.0768544e-07
1.2904878e-07
2.0510543e-07
1.2888648e-07
1.285416e-07
2.828391e-07
-3.9011925e-09
2.8156052e-07
-1.0864809e-08
2.7958789e-07
-1.6724552e-08
2.7705625e-07
-2.1412033e-08
2.7410137e-07
-2.4893038e-08
2.7085465e-07
-2.7162898e-08
2.6743886e-07
-2.8243527e-08
2.6396481e-07
-2.8180104e-08
2.605289e-07
-2.7037269e-08
2.5721167e-07
-2.4895195e-08
2.5407722e-07
-2.1845674e-08
2.511735e-07
-1.7988341e-08
2.4853311e-07
-1.3427182e-08
2.4617462e-07
-8.2674244e-09
2.4410422e-07
-2.6128656e-09
2.4231753e-07
3.4363148e-09
2.408015e-07
9.7852606e-09
2.3953625e-07
1.6345687e-08
2.3849686e-07
2.3036714e-08
2.3765491e-07
2.9785339e-08
2.3697994e-07
3.6526608e-08
2.3644061e-07
4.3203531e-08
2.3600572e-07
4.9766802e-08
2.35645e-07
5.6174388e-08
2.3532968e-07
6.2391005e-08
2.3503299e-07
6.8387547e-08
2.3473044e-07
7.4140483e-08
2.3439998e-07
7.9631251e-08
2.3402213e-07
8.4845665e-08
2.3357998e-07
8.9773357e-08
2.3305913e-07
9.4407246e-08
2.3244761e-07
9.874305e-08
2.3173568e-07
1.0277882e-07
2.309156e-07
1.0651453e-07
2.2998128e-07
1.0995169e-07
2.2892786e-07
1.1309311e-07
2.2775278e-07
1.1594244e-07
2.2646207e-07
1.1850347e-07
2.2506431e-07
1.208062e-07
2.2350025e-07
1.2285011e-07
2.2181167e-07
1.2461723e-07
2.2001653e-07
1.2612434e-07
2.1812352e-07
1.273777e-07
2.1613956e-07
1.2840582e-07
2.1402223e-07
1.292068e-07
2.1179479e-07
1.2976958e-07
2.0946447e-07
1.3011555e-07
2.0703864e-07
1.3025616e-07
2.045242e-07
1.3020088e-07
2.9069297e-07
-3.5115948e-09
2.8945968e-07
-9.7754976e-09
2.8754272e-07
-1.5047488e-08
2.8506175e-07
-1.9265819e-08
2.8213832e-07
-2.2397792e-08
2.7889163e-07
-2.4435896e-08
2.7543466e-07
-2.5395409e-08
2.7187111e-07
-2.5311802e-08
2.6829314e-07
-2.4237718e-08
2.6477976e-07
-2.2239808e-08
2.6139606e-07
-1.9395591e-08
2.5819311e-07
-1.5790359e-08
2.5520835e-07
-1.1514247e-08
2.5246656e-07
-6.6595647e-09
2.4998098e-07
-1.3184611e-09
2.4775478e-07
4.4190577e-09
2.4578257e-07
1.0466723e-08
2.4405196e-07
1.6743227e-08
2.4254508e-07
2.3173103e-08
2.4123998e-07
2.9687303e-08
2.4011191e-07
3.6223497e-08
2.3913447e-07
4.2726154e-08
2.3828056e-07
4.9146439e-08
2.3752318e-07
5.5441962e-08
2.3683608e-07
6.157643e-08
2.3619426e-07
6.751922e-08
2.3557436e-07
7.3244919e-08
2.3495487e-07
7.8732836e-08
2.3431637e-07
8.3966503e-08
2.3364156e-07
8.8933208e-08
2.3291529e-07
9.3623532e-08
2.3212454e-07
9.8030914e-08
2.3125824e-07
1.0215124e-07
2.3030715e-07
1.0598248e-07
2.2926366e-07
1.0952432e-07
2.2812191e-07
1.1277778e-07
2.2687783e-07
1.1574483e-07
2.2552716e-07
1.1842956e-07
2.2408441e-07
1.2084199e-07
2.225259e-07
1.2301244e-07
2.2083285e-07
1.2491104e-07
2.1904005e-07
1.2654112e-07
2.1715118e-07
1.2792239e-07
2.1518816e-07
1.2906604e-07
2.131187e-07
1.2999683e-07
2.1092995e-07
1.3068238e-07
2.0864538e-07
1.3114104e-07
2.062705e-07
1.3139127e-07
1.3144218e-07
2.9876146e-07
-3.1402144e-09
2.9756892e-07
-8.7303034e-09
2.9570251e-07
-1.3426829e-08
2.9326829e-07
-1.717488e-08
2.9037518e-07
-1.9944226e-08
2.8713128e-07
-2.1726052e-08
2.8364049e-07
-2.2530987e-08
2.799997e-07
-2.2387032e-08
2.762966e-07
-2.1337184e-08
2.726081e-07
-1.9436928e-08
2.6899946e-07
-1.6751679e-08
2.6552377e-07
-1.33543e-08
2.6222221e-07
-9.3226767e-09
2.5912454e-07
-4.7374609e-09
2.5624993e-07
3.1995341e-10
2.5360807e-07
5.7691785e-09
2.5120036e-07
1.1532293e-08
2.4902123e-07
1.7535005e-08
2.4705936e-07
2.3707528e-08
2.4529896e-07
2.998521e-08
2.4372088e-07
3.6308923e-08
2.423037e-07
4.262526e-08
2.4102459e-07
4.8886559e-08
2.3986013e-07
5.5050793e-08
2.3878694e-07
6.1081359e-08
2.3778223e-07
6.6946785e-08
2.3682424e-07
7.2620386e-08
2.358925e-07
7.8079879e-08
2.3496808e-07
8.3307009e-08
2.3403379e-07
8.8287133e-08
2.3307417e-07
9.3008842e-08
2.3207555e-07
9.7463583e-08
2.3102592e-07
1.0164531e-07
2.2991485e-07
1.0555014e-07
2.2873332e-07
1.0917606e-07
2.2747379e-07
1.1252266e-07
2.2613032e-07
1.1559082e-07
2.247001e-07
1.1838253e-07
2.2318852e-07
1.2090046e-07
2.2160138e-07
1.2317321e-07
2.1988436e-07
1.251941e-07
2.1807438e-07
1.2694324e-07
2.161803e-07
1.2844132e-07
2.1421517e-07
1.296961e-07
2.1216901e-07
1.3073837e-07
2.1000219e-07
1.3154298e-07
2.0774851e-07
1.3211149e-07
2.0541131e-07
1.3246969e-07
1.3262543e-07
3.0705055e-07
-2.784957e-09
3.05894e-07
-7.724278e-09
3.0407242e-07
-1.1856507e-08
3.0167991e-07
-1.5133688e-08
2.9881424e-07
-1.7528806e-08
2.9557354e-07
-1.9032972e-08
2.9205343e-07
-1.9653774e-08
2.8834436e-07
-1.9413608e-08
2.8452959e-07
-1.8347803e-08
2.8068359e-07
-1.6502644e-08
2.7687108e-07
-1.3933352e-08
2.7314643e-07
-1.070207e-08
2.6955351e-07
-6.8758968e-09
2.6612602e-07
-2.5250198e-09
2.6288805e-07
2.2790139e-09
2.5985481e-07
7.4648198e-09
2.5703364e-07
1.2962478e-08
2.5442501e-07
1.8704605e-08
2.520236e-07
2.4627204e-08
2.4981937e-07
3.0670298e-08
2.4779853e-07
3.6778376e-08
2.4594451e-07
4.2900666e-08
2.4423882e-07
4.8991254e-08
2.4266175e-07
5.5009081e-08
2.4119305e-07
6.0917846e-08
2.3981248e-07
6.668582e-08
2.385002e-07
7.2285608e-08
2.372372e-07
7.7693873e-08
2.360055e-07
8.2891027e-08
2.347884e-07
8.7860917e-08
2.3357056e-07
9.2590502e-08
2.3233807e-07
9.706954e-08
2.3107839e-07
1.0129029e-07
2.2978025e-07
1.0524721e-07
2.2843364e-07
1.0893674e-07
2.2702996e-07
1.1235703e-07
2.2556278e-07
1.1550763e-07
2.2402845e-07
1.1838937e-07
2.2242359e-07
1.2100561e-07
2.2076221e-07
1.23365e-07
2.1901398e-07
1.25496e-07
2.1716577e-07
1.2735589e-07
2.1524451e-07
1.2896047e-07
2.1325539e-07
1.3032053e-07
2.1120947e-07
1.3145675e-07
2.0905057e-07
1.3236764e-07
2.0681181e-07
1.330463e-07
2.0449753e-07
1.3350998e-07
1.3376876e-07
3.1556636e-07
-2.4436777e-09
3.1444076e-07
-6.7521759e-09
3.1265759e-07
-1.0329752e-08
3.1030056e-07
-1.3135504e-08
3.0745767e-07
-1.5146221e-08
3.042183e-07
-1.6353929e-08
3.0067059e-07
-1.6764474e-08
2.9689908e-07
-1.6396171e-08
2.9298276e-07
-1.5278312e-08
2.8899354e-07
-1.3449645e-08
2.8499514e-07
-1.0956801e-08
2.8104251e-07
-7.8526982e-09
2.7718145e-07
-4.1949669e-09
2.7344868e-07
-4.4428351e-11
2.6987222e-07
4.5363432e-09
2.6647192e-07
9.4843205e-09
2.6326018e-07
1.4737171e-08
2.6024278e-07
2.0234216e-08
2.5741975e-07
2.5917226e-08
2.547863e-07
3.1731044e-08
2.5233365e-07
3.762405e-08
2.5004988e-07
4.3548479e-08
2.4792073e-07
4.9460611e-08
2.4593024e-07
5.532085e-08
2.4406143e-07
6.109371e-08
2.4229676e-07
6.6747723e-08
2.4061867e-07
7.2255295e-08
2.3900987e-07
7.7592504e-08
2.3745369e-07
8.2738885e-08
2.3593428e-07
8.7677174e-08
2.3443681e-07
9.2393063e-08
2.329475e-07
9.6874935e-08
2.3145365e-07
1.0111362e-07
2.2994358e-07
1.0510217e-07
2.2840661e-07
1.0883563e-07
2.2683331e-07
1.1231088e-07
2.252162e-07
1.1552642e-07
2.2355068e-07
1.1848207e-07
2.218362e-07
1.2117882e-07
2.2007774e-07
1.2361876e-07
2.1826784e-07
1.2583696e-07
2.1636073e-07
1.2779807e-07
2.143912e-07
1.2949942e-07
2.1235408e-07
1.3096044e-07
2.1026541e-07
1.3218171e-07
2.0811647e-07
1.3318694e-07
2.0587787e-07
1.3396898e-07
2.0357074e-07
1.3453428e-07
1.3489328e-07
3.2431511e-07
-2.1141292e-09
3.23215e-07
-5.808335e-09
3.2146297e-07
-8.8389546e-09
3.1913387e-07
-1.117225e-08
3.1630728e-07
-1.278931e-08
3.1306503e-07
-1.3683863e-08
3.0948872e-07
-1.3861049e-08
3.0565758e-07
-1.3336313e-08
3.0164667e-07
-1.2134238e-08
2.975253e-07
-1.0287389e-08
2.9335598e-07
-7.8351401e-09
2.8919368e-07
-4.82245e-09
2.8508545e-07
-1.2986277e-09
2.8107027e-07
2.6838803e-09
2.7717925e-07
7.0706564e-09
2.7343599e-07
1.1806401e-08
2.6985713e-07
1.6835912e-08
2.6645299e-07
2.210494e-08
2.6322831e-07
2.756091e-08
2.6018298e-07
3.3153515e-08
2.5731279e-07
3.8835174e-08
2.5461016e-07
4.4561383e-08
2.5206487e-07
5.0290945e-08
2.4966463e-07
5.5986106e-08
2.4739572e-07
6.1612616e-08
2.4524347e-07
6.7139703e-08
2.4319271e-07
7.2540008e-08
2.4122813e-07
7.7789457e-08
2.3933464e-07
8.2867108e-08
2.3749758e-07
8.7754974e-08
2.3570291e-07
9.2437825e-08
2.3393736e-07
9.6902983e-08
2.3218845e-07
1.0114013e-07
2.3044447e-07
1.0514111e-07
2.2869449e-07
1.0889979e-07
2.2692862e-07
1.1241191e-07
2.2513868e-07
1.1567495e-07
2.2331931e-07
1.1868774e-07
2.214691e-07
1.2144961e-07
2.1959034e-07
1.2395971e-07
2.176922e-07
1.2624291e-07
2.1570496e-07
1.2829072e-07
2.1366269e-07
1.3008131e-07
2.1155616e-07
1.3163338e-07
2.0939293e-07
1.3294407e-07
2.0724301e-07
1.3402234e-07
2.0499554e-07
1.3490726e-07
2.026774e-07
1.3557088e-07
1.3602383e-07
3.3330312e-07
-1.7938873e-09
3.3222245e-07
-4.8864966e-09
3.3049323e-07
-7.3754311e-09
3.2818289e-07
-9.2342917e-09
3.2536409e-07
-1.0448891e-08
3.2211231e-07
-1.101529e-08
3.1850363e-07
-1.0938719e-08
3.1461274e-07
-1.023268e-08
3.1051113e-07
-8.918066e-09
3.0626567e-07
-7.0223301e-09
3.0193754e-07
-4.5786472e-09
2.9758136e-07
-1.6250468e-09
2.9324484e-07
1.7965169e-09
2.8896854e-07
5.6411095e-09
2.8478588e-07
9.8617307e-09
2.8072342e-07
1.4410203e-08
2.7680124e-07
1.9237997e-08
2.7303347e-07
2.429697e-08
2.6942884e-07
2.9540017e-08
2.6599134e-07
3.4921614e-08
2.6272082e-07
4.0398274e-08
2.5961368e-07
4.5928892e-08
2.5666344e-07
5.1475013e-08
2.5386132e-07
5.7001008e-08
2.5119679e-07
6.247418e-08
2.4865804e-07
6.7864809e-08
2.4623238e-07
7.3146131e-08
2.4390665e-07
7.8294285e-08
2.4166753e-07
8.3288218e-08
2.3950177e-07
8.810956e-08
2.3739645e-07
9.274248e-08
2.3533908e-07
9.7173536e-08
2.3331773e-07
1.0139151e-07
2.3132102e-07
1.0538728e-07
2.2933819e-07
1.0915365e-07
2.273593e-07
1.1268527e-07
2.2537599e-07
1.1597846e-07
2.2338256e-07
1.1903095e-07
2.2137604e-07
1.2184142e-07
2.1935246e-07
1.2441055e-07
2.1732288e-07
1.2674326e-07
2.152512e-07
1.2886406e-07
2.1311601e-07
1.3072409e-07
2.1092019e-07
1.3233975e-07
2.0864141e-07
1.3373365e-07
2.0647751e-07
1.3493304e-07
2.0421462e-07
1.3591247e-07
2.0186395e-07
1.3665291e-07
1.3718558e-07
3.4253679e-07
-1.4802434e-09
3.4146861e-07
-3.9795383e-09
3.397524e-07
-5.9290754e-09
3.3744975e-07
-7.3100766e-09
3.3462786e-07
-8.1134706e-09
3.3135724e-07
-8.3381229e-09
3.277096e-07
-7.989917e-09
3.2375588e-07
-7.0810524e-09
3.1956457e-07
-5.6294441e-09
3.1520032e-07
-3.6581972e-09
3.107229e-07
-1.1950894e-09
3.0618636e-07
1.7279937e-09
3.0163858e-07
5.0756852e-09
2.9712103e-07
8.8098282e-09
2.9266878e-07
1.2890194e-08
2.8831058e-07
1.7275171e-08
2.8406919e-07
2.1922443e-08
2.7996179e-07
2.6789628e-08
2.7600043e-07
3.183485e-08
2.7219256e-07
3.7017236e-08
2.6854159e-07
4.2297349e-08
2.6504743e-07
4.7637533e-08
2.61707e-07
5.3002196e-08
2.585148e-07
5.8358016e-08
2.5546331e-07
6.3674083e-08
2.5254352e-07
6.8921989e-08
2.4974524e-07
7.4075859e-08
2.4705753e-07
7.9112348e-08
2.4446895e-07
8.4010594e-08
2.4196787e-07
8.8752146e-08
2.3954266e-07
9.332087e-08
2.3718186e-07
9.7702833e-08
2.3487434e-07
1.0188618e-07
2.326093e-07
1.0586104e-07
2.3037636e-07
1.0961938e-07
2.2816581e-07
1.1315492e-07
2.2596909e-07
1.1646304e-07
2.2377972e-07
1.1954056e-07
2.2159377e-07
1.2238545e-07
2.1940984e-07
1.2499673e-07
2.1722876e-07
1.2737446e-07
2.1503591e-07
1.2955067e-07
2.1278254e-07
1.3147896e-07
2.104927e-07
1.331643e-07
2.0816985e-07
1.3463273e-07
2.0588852e-07
1.3589056e-07
2.0356616e-07
1.3695061e-07
2.0116845e-07
1.3777849e-07
1.3839231e-07
3.5202253e-07
-1.1700399e-09
3.509586e-07
-3.0790694e-09
3.4924362e-07
-4.4878315e-09
3.4693506e-07
-5.3856084e-09
3.4409638e-07
-5.7688056e-09
3.4079466e-07
-5.6393954e-09
3.3709847e-07
-5.0042027e-09
3.3307598e-07
-3.8744478e-09
3.2879328e-07
-2.265445e-09
3.2431309e-07
-1.963977e-10
3.1969375e-07
2.3098077e-09
3.1498851e-07
5.226865e-09
3.10245e-07
8.5254211e-09
3.0550503e-07
1.2173528e-08
3.0080464e-07
1.6137158e-08
2.9617403e-07
2.0380756e-08
2.9163791e-07
2.4867785e-08
2.8721578e-07
2.9561255e-08
2.8292231e-07
3.4424236e-08
2.7876781e-07
3.9420308e-08
2.7475867e-07
4.451397e-08
2.7089783e-07
4.967098e-08
2.6718525e-07
5.4858642e-08
2.6361837e-07
6.0046033e-08
2.6019251e-07
6.5204176e-08
2.5690129e-07
7.0306161e-08
2.5373699e-07
7.5327218e-08
2.5069087e-07
8.0244754e-08
2.4775346e-07
8.5038348e-08
2.4491484e-07
8.9689724e-08
2.4216485e-07
9.4182692e-08
2.3949326e-07
9.8503081e-08
2.3688989e-07
1.0263865e-07
2.3434476e-07
1.0657899e-07
2.3184812e-07
1.1031547e-07
2.2939066e-07
1.1384111e-07
2.2696395e-07
1.1715051e-07
2.2456119e-07
1.2023969e-07
2.2217799e-07
1.2310568e-07
2.1981264e-07
1.2574599e-07
2.1746462e-07
1.2815869e-07
2.1512916e-07
1.3037484e-07
2.1273846e-07
1.3236208e-07
2.1033857e-07
1.3410682e-07
2.0793167e-07
1.3563506e-07
2.0553358e-07
1.3694869e-07
2.0312848e-07
1.3807166e-07
2.0066266e-07
1.3897894e-07
1.3966962e-07
3.6176666e-07
-8.594136e-10
3.6069683e-07
-2.1748125e-09
3.589685e-07
-3.0369058e-09
3.5663713e-07
-3.4436783e-09
3.5376449e-07
-3.397306e-09
3.5041604e-07
-2.9029139e-09
3.4665864e-07
-1.968199e-09
3.4255871e-07
-6.0332514e-10
3.3818058e-07
1.1790074e-09
3.3358533e-07
3.3634068e-09
3.2882989e-07
5.931666e-09
3.2396638e-07
8.8627494e-09
3.1904179e-07
1.2132919e-08
3.1409772e-07
1.5715986e-08
3.0917044e-07
1.9583663e-08
3.0429095e-07
2.3705983e-08
2.9948514e-07
2.8051751e-08
2.9477414e-07
3.2588993e-08
2.9017457e-07
3.7285401e-08
2.8569896e-07
4.2108758e-08
2.8135611e-07
4.7027317e-08
2.7715153e-07
5.2010137e-08
2.730878e-07
5.7027374e-08
2.6916496e-07
6.2050519e-08
2.6538091e-07
6.7052593e-08
2.6173174e-07
7.2008296e-08
2.5821206e-07
7.6894108e-08
2.5481531e-07
8.1688358e-08
2.5153399e-07
8.637126e-08
2.4835998e-07
9.0924912e-08
2.4528467e-07
9.5333279e-08
2.4229921e-07
9.9582153e-08
2.3939459e-07
1.036591e-07
2.3656181e-07
1.0755339e-07
2.3379194e-07
1.1125596e-07
2.3107629e-07
1.147593e-07
2.2840678e-07
1.1805745e-07
2.257765e-07
1.2114581e-07
2.2318041e-07
1.2402088e-07
2.206157e-07
1.2667948e-07
2.1808175e-07
1.2911837e-07
2.1558778e-07
1.3135679e-07
2.130471e-07
1.3338723e-07
2.105119e-07
1.3518436e-07
2.079823e-07
1.3676523e-07
2.0546338e-07
1.3813344e-07
2.0296373e-07
1.3930702e-07
2.0041432e-07
1.4028307e-07
1.4104625e-07
3.7177532e-07
-5.4337664e-10
3.7068651e-07
-1.2536333e-09
3.6892623e-07
-1.5575861e-09
3.6655075e-07
-1.4627923e-09
3.6362274e-07
-9.7727821e-10
3.6020817e-07
-1.089216e-10
3.5637383e-07
1.1343222e-09
3.5218543e-07
2.7439645e-09
3.4770614e-07
4.7104131e-09
3.4299559e-07
7.0223934e-09
3.3810913e-07
9.6664821e-09
3.3309748e-07
1.2626828e-08
3.280064e-07
1.5885071e-08
3.2287669e-07
1.9420441e-08
3.1774419e-07
2.320998e-08
3.1263993e-07
2.7228874e-08
3.0759032e-07
3.1450833e-08
3.026174e-07
3.5848488e-08
2.9773909e-07
4.0393798e-08
2.9296954e-07
4.5058441e-08
2.8831945e-07
4.9814182e-08
2.8379638e-07
5.4633204e-08
2.7940511e-07
5.9488399e-08
2.7514797e-07
6.4353616e-08
2.7102515e-07
6.9203873e-08
2.6703499e-07
7.4015519e-08
2.6317431e-07
7.8766368e-08
2.594386e-07
8.3435785e-08
2.5582236e-07
8.8004751e-08
2.5231922e-07
9.2455895e-08
2.4892225e-07
9.6773498e-08
2.4562403e-07
1.0094348e-07
2.4241687e-07
1.0495337e-07
2.3929292e-07
1.0879228e-07
2.3624424e-07
1.1245083e-07
2.3326299e-07
1.1592113e-07
2.3034171e-07
1.1919672e-07
2.2747387e-07
1.2227248e-07
2.246545e-07
1.2514442e-07
2.2187963e-07
1.2780949e-07
2.1914284e-07
1.302664e-07
2.1645074e-07
1.3251695e-07
2.1376769e-07
1.3458435e-07
2.1107804e-07
1.3641992e-07
2.08406e-07
1.3804277e-07
2.0575102e-07
1.3946152e-07
2.0312371e-07
1.4068088e-07
2.0049098e-07
1.4172236e-07
1.4254872e-07
3.8205407e-07
-2.1509746e-10
3.8092873e-07
-2.9798415e-10
3.7911211e-07
-2.5473876e-11
3.7666535e-07
5.842517e-10
3.7365545e-07
1.5178831e-09
3.7015145e-07
2.7660177e-09
3.6622179e-07
4.3219381e-09
3.6193243e-07
6.1802087e-09
3.5734573e-07
8.335433e-09
3.5251977e-07
1.0781187e-08
3.4750802e-07
1.3509222e-08
3.4235917e-07
1.6508968e-08
3.3711717e-07
1.9767311e-08
3.3182128e-07
2.3268601e-08
3.2650623e-07
2.6994819e-08
3.2120236e-07
3.0925855e-08
3.159359e-07
3.5039859e-08
3.1072916e-07
3.9313627e-08
3.0560077e-07
4.3722974e-08
3.0056593e-07
4.8243117e-08
2.9563672e-07
5.2849035e-08
2.9082232e-07
5.75158e-08
2.8612935e-07
6.2218864e-08
2.8156206e-07
6.693432e-08
2.7712266e-07
7.1639119e-08
2.7281155e-07
7.6311247e-08
2.6862754e-07
8.0929877e-08
2.6456812e-07
8.5475476e-08
2.6062964e-07
8.9929884e-08
2.5680753e-07
9.4276371e-08
2.5309647e-07
9.8499666e-08
2.4949057e-07
1.0258596e-07
2.4598349e-07
1.0652289e-07
2.4256861e-07
1.1029956e-07
2.3923909e-07
1.1390643e-07
2.3598807e-07
1.1733538e-07
2.3280887e-07
1.2057965e-07
2.2969543e-07
1.2363375e-07
2.2664274e-07
1.2649346e-07
2.2364674e-07
1.2915561e-07
2.2070394e-07
1.316181e-07
2.1781167e-07
1.3387961e-07
2.1495612e-07
1.3596883e-07
2.1209807e-07
1.3783589e-07
2.092706e-07
1.3949265e-07
2.0647394e-07
1.409511e-07
2.0370928e-07
1.4221372e-07
2.0096244e-07
1.4330667e-07
1.4419057e-07
3.9260737e-07
1.3543188e-10
3.9142081e-07
7.1674044e-10
3.8951515e-07
1.5920003e-09
3.8696232e-07
2.7320876e-09
3.8383831e-07
4.1201995e-09
3.8021821e-07
5.7484092e-09
3.7617358e-07
7.6141351e-09
3.7177115e-07
9.7174036e-09
3.6707227e-07
1.205877e-08
3.6213293e-07
1.4637779e-08
3.5700394e-07
1.7451937e-08
3.5173118e-07
2.0496114e-08
3.4635595e-07
2.3762308e-08
3.4091518e-07
2.7239656e-08
3.3544177e-07
3.0914622e-08
3.2996473e-07
3.4771298e-08
3.2450946e-07
3.8791763e-08
3.19098e-07
4.2956471e-08
3.1374914e-07
4.7244639e-08
3.0847869e-07
5.1634617e-08
3.0329966e-07
5.6104256e-08
2.982225e-07
6.0631232e-08
2.9325526e-07
6.5193338e-08
2.8840388e-07
6.9768749e-08
2.8367231e-07
7.4336239e-08
2.7906277e-07
7.8875378e-08
2.7457595e-07
8.3366682e-08
2.7021115e-07
8.7791741e-08
2.6596653e-07
9.2133312e-08
2.6183921e-07
9.6375388e-08
2.5782549e-07
1.0050325e-07
2.5392098e-07
1.0450347e-07
2.5012073e-07
1.0836396e-07
2.464194e-07
1.120739e-07
2.4281135e-07
1.1562382e-07
2.392908e-07
1.1900548e-07
2.3585209e-07
1.2221194e-07
2.3248994e-07
1.2523748e-07
2.2919979e-07
1.2807755e-07
2.2597796e-07
1.3072864e-07
2.2282122e-07
1.3318808e-07
2.197258e-07
1.3545402e-07
2.1668323e-07
1.375556e-07
2.136444e-07
1.3944588e-07
2.1065065e-07
1.4112839e-07
2.076997e-07
1.4261808e-07
2.0478905e-07
1.4391717e-07
2.0190998e-07
1.4505251e-07
1.4598694e-07
4.0343721e-07
5.2405281e-10
4.021532e-07
1.826581e-09
4.0011377e-07
3.3392538e-09
3.974111e-07
5.0240661e-09
3.9413589e-07
6.8662823e-09
3.9037198e-07
8.8654005e-09
3.861947e-07
1.1028008e-08
3.816709e-07
1.3363218e-08
3.7685979e-07
1.587985e-08
3.7181394e-07
1.8584693e-08
3.6658024e-07
2.1481521e-08
3.6120065e-07
2.4570656e-08
3.5571289e-07
2.7848893e-08
3.5015081e-07
3.1309664e-08
3.4454479e-07
3.4943337e-08
3.3892201e-07
3.8737598e-08
3.3330657e-07
4.2677857e-08
3.2771978e-07
4.6747681e-08
3.2218025e-07
5.0929185e-08
3.1670404e-07
5.5203414e-08
3.1130478e-07
5.9550713e-08
3.0599387e-07
6.3951053e-08
3.0078059e-07
6.8384324e-08
2.9567225e-07
7.283059e-08
2.9067437e-07
7.7270319e-08
2.8579079e-07
8.1684573e-08
2.810239e-07
8.605517e-08
2.763747e-07
9.0364821e-08
2.7184301e-07
9.4597225e-08
2.6742761e-07
9.8737158e-08
2.6312633e-07
1.0277052e-07
2.5893626e-07
1.0668439e-07
2.5485386e-07
1.1046703e-07
2.5087506e-07
1.1410787e-07
2.4699546e-07
1.1759757e-07
2.4321047e-07
1.2092793e-07
2.3951546e-07
1.2409192e-07
2.3590609e-07
1.2708364e-07
2.3237847e-07
1.2989824e-07
2.2892926e-07
1.3253184e-07
2.255555e-07
1.3498138e-07
2.2225406e-07
1.3724479e-07
2.1901842e-07
1.3935111e-07
2.1579026e-07
1.4125679e-07
2.1262065e-07
1.4295774e-07
2.0950541e-07
1.4447181e-07
2.0644073e-07
1.4580093e-07
2.0341942e-07
1.4697198e-07
1.4795043e-07
4.1454047e-07
9.7776002e-10
4.1310424e-07
3.0859848e-09
4.108707e-07
5.2761135e-09
4.0796606e-07
7.5116399e-09
4.0450187e-07
9.7930564e-09
4.005715e-07
1.213866e-08
3.9625213e-07
1.4571868e-08
3.9160806e-07
1.7115343e-08
3.8669368e-07
1.9788403e-08
3.8155598e-07
2.2605899e-08
3.7623626e-07
2.5577864e-08
3.7077139e-07
2.8709603e-08
3.6519468e-07
3.200203e-08
3.5953635e-07
3.5452113e-08
3.538239e-07
3.9053367e-08
3.4808235e-07
4.2796353e-08
3.4233437e-07
4.6669162e-08
3.3660033e-07
5.0657886e-08
3.3089847e-07
5.4747023e-08
3.2524494e-07
5.8919877e-08
3.1965383e-07
6.3158912e-08
3.1413732e-07
6.7446089e-08
3.0870569e-07
7.176314e-08
3.033675e-07
7.6091833e-08
2.9812963e-07
8.0414184e-08
2.929974e-07
8.4712654e-08
2.8797472e-07
8.8970311e-08
2.8306416e-07
9.3170962e-08
2.7826709e-07
9.7299263e-08
2.7358379e-07
1.0134081e-07
2.690136e-07
1.0528219e-07
2.6455501e-07
1.0911104e-07
2.6020579e-07
1.1281608e-07
2.5596317e-07
1.163871e-07
2.5182394e-07
1.1981496e-07
2.477846e-07
1.2309163e-07
2.4384159e-07
1.2621007e-07
2.3999144e-07
1.2916426e-07
2.3623098e-07
1.3194911e-07
2.3255742e-07
1.345604e-07
2.2896837e-07
1.3699475e-07
2.2546168e-07
1.3924981e-07
2.2203216e-07
1.4135457e-07
2.1861171e-07
1.4326866e-07
2.1526169e-07
1.4498197e-07
2.1197691e-07
1.465148e-07
2.0875317e-07
1.4786852e-07
2.0558379e-07
1.4906977e-07
1.5008634e-07
4.2590493e-07
1.5439649e-09
4.2423376e-07
4.5772263e-09
4.2172744e-07
7.4805316e-09
4.1856767e-07
1.0246965e-08
4.1488851e-07
1.2925258e-08
4.1078679e-07
1.5571577e-08
4.0633459e-07
1.8234778e-08
4.0158787e-07
2.0954246e-08
3.9659225e-07
2.3760334e-08
3.9138658e-07
2.6675279e-08
3.8600518e-07
2.9714241e-08
3.8047919e-07
3.2886301e-08
3.7483727e-07
3.6195354e-08
3.6910607e-07
3.9640896e-08
3.6331039e-07
4.3218716e-08
3.5747329e-07
4.6921502e-08
3.5161612e-07
5.0739386e-08
3.457585e-07
5.4660437e-08
3.3991839e-07
5.8671083e-08
3.3411203e-07
6.2756494e-08
3.2835397e-07
6.6900924e-08
3.2265708e-07
7.1088054e-08
3.1703258e-07
7.5301252e-08
3.1149013e-07
7.9523816e-08
3.0603783e-07
8.3739191e-08
3.0068233e-07
8.7931148e-08
2.954289e-07
9.2083951e-08
2.9028151e-07
9.6182486e-08
2.8524293e-07
1.0021237e-07
2.8031482e-07
1.0416004e-07
2.7549785e-07
1.0801283e-07
2.707918e-07
1.1175899e-07
2.6619567e-07
1.1538778e-07
2.6170785e-07
1.1888939e-07
2.573262e-07
1.2225505e-07
2.5304823e-07
1.2547689e-07
2.4887127e-07
1.2854803e-07
2.4479263e-07
1.314624e-07
2.4080979e-07
1.3421475e-07
2.3692063e-07
1.368005e-07
2.3312359e-07
1.3921582e-07
2.294177e-07
1.4145793e-07
2.2579893e-07
1.4355597e-07
2.2218999e-07
1.4547242e-07
2.1866153e-07
1.4719335e-07
2.1520769e-07
1.4874067e-07
2.118244e-07
1.501146e-07
2.0850547e-07
1.5134141e-07
1.5239072e-07
4.3750068e-07
2.3084964e-09
4.354558e-07
6.438484e-09
4.3259155e-07
1.0036685e-08
4.2915589e-07
1.324948e-08
4.2527941e-07
1.6243579e-08
4.2104163e-07
1.9126896e-08
4.1649689e-07
2.1974115e-08
4.1168617e-07
2.4838678e-08
4.0664332e-07
2.7758734e-08
4.0139832e-07
3.076101e-08
3.9597895e-07
3.3863509e-08
3.9041151e-07
3.7077367e-08
3.8472114e-07
4.0408181e-08
3.7893193e-07
4.3857007e-08
3.7306688e-07
4.742116e-08
3.6714784e-07
5.1094866e-08
3.6119546e-07
5.4869823e-08
3.5522903e-07
5.873568e-08
3.4926651e-07
6.2680471e-08
3.4332445e-07
6.6690953e-08
3.3741792e-07
7.0752939e-08
3.3156051e-07
7.4851647e-08
3.2576433e-07
7.8971926e-08
3.2004001e-07
8.309849e-08
3.1439673e-07
8.7216121e-08
3.0884229e-07
9.1309845e-08
3.0338313e-07
9.5365086e-08
2.9802441e-07
9.9367794e-08
2.927701e-07
1.0330456e-07
2.8762301e-07
1.0716268e-07
2.8258495e-07
1.1093026e-07
2.7765679e-07
1.1459625e-07
2.7283857e-07
1.1815047e-07
2.6812964e-07
1.2158362e-07
2.6352876e-07
1.2488732e-07
2.5903426e-07
1.2805402e-07
2.5464416e-07
1.3107704e-07
2.5035635e-07
1.3395042e-07
2.4616876e-07
1.3666883e-07
2.4207977e-07
1.3922733e-07
2.3808879e-07
1.4162119e-07
2.3419629e-07
1.4384687e-07
2.3039956e-07
1.4593372e-07
2.2661395e-07
1.4784729e-07
2.2291645e-07
1.4957279e-07
2.1930052e-07
1.5113221e-07
2.1576285e-07
1.5252326e-07
2.1229828e-07
1.5377163e-07
1.5484885e-07
4.4897619e-07
4.464437e-07
4.4332261e-07
4.397486e-07
4.3579711e-07
4.3151748e-07
4.2694619e-07
4.2211357e-07
4.1704721e-07
4.1177335e-07
4.063174e-07
4.007042e-07
3.9495793e-07
3.8910209e-07
3.8315938e-07
3.7715154e-07
3.7109932e-07
3.6502223e-07
3.5893862e-07
3.5286553e-07
3.4681864e-07
3.4081223e-07
3.3485913e-07
3.289708e-07
3.2315724e-07
3.1742712e-07
3.1178773e-07
3.0624512e-07
3.0080407e-07
2.9546826e-07
2.9024026e-07
2.8512171e-07
2.8011339e-07
2.7521532e-07
2.7042689e-07
2.6574701e-07
2.6117418e-07
2.5670668e-07
2.5234262e-07
2.4808025e-07
2.4391907e-07
2.3986195e-07
2.3590712e-07
2.319691e-07
2.2812102e-07
2.2435757e-07
2.2067813e-07
2.1707827e-07
)
;

boundaryField
{
    inletLow
    {
        type            calculated;
        value           nonuniform List<scalar> 0();
    }
    inletJet
    {
        type            calculated;
        value           nonuniform List<scalar> 5(-8.6443585e-07 -8.6443033e-07 -8.6448783e-07 -8.6458718e-07 -8.6395131e-07);
    }
    inletHigh
    {
        type            calculated;
        value           nonuniform List<scalar> 
60
(
-8.9856325e-08
-9.2428366e-08
-9.5056572e-08
-9.7705104e-08
-1.0041161e-07
-1.0319334e-07
-1.0605312e-07
-1.0899191e-07
-1.1201159e-07
-1.151144e-07
-1.1830265e-07
-1.2157868e-07
-1.2494492e-07
-1.2840387e-07
-1.3195813e-07
-1.3561036e-07
-1.393633e-07
-1.4321977e-07
-1.4718265e-07
-1.5125492e-07
-1.5543963e-07
-1.597399e-07
-1.6415896e-07
-1.6870009e-07
-1.733667e-07
-1.7816226e-07
-1.8309034e-07
-1.8815464e-07
-1.933589e-07
-1.9870702e-07
-2.0420298e-07
-2.0985087e-07
-2.156549e-07
-2.2161938e-07
-2.2774877e-07
-2.3404762e-07
-2.4052062e-07
-2.471726e-07
-2.540085e-07
-2.6103341e-07
-2.6825257e-07
-2.7567133e-07
-2.8329524e-07
-2.9112996e-07
-2.9918132e-07
-3.0745532e-07
-3.1595811e-07
-3.2469603e-07
-3.3367557e-07
-3.4290341e-07
-3.5238643e-07
-3.6213168e-07
-3.7214642e-07
-3.8243808e-07
-3.9301434e-07
-4.0388304e-07
-4.1505226e-07
-4.2653027e-07
-4.3832558e-07
-4.5044703e-07
)
;
    }
    outlet
    {
        type            calculated;
        value           nonuniform List<scalar> 0();
    }
    upperWall
    {
        type            calculated;
        value           nonuniform List<scalar> 
49
(
3.7174919e-09
8.7829496e-09
1.2842372e-08
1.6380082e-08
1.9623735e-08
2.2707982e-08
2.5721091e-08
2.8723305e-08
3.1756226e-08
3.484859e-08
3.8019826e-08
4.1282293e-08
4.4642762e-08
4.8103497e-08
5.1663076e-08
5.5317055e-08
5.9058524e-08
6.2878569e-08
6.6766701e-08
7.0711129e-08
7.4699137e-08
7.87174e-08
8.2752182e-08
8.6789561e-08
9.0815619e-08
9.4816612e-08
9.8779116e-08
1.0269015e-07
1.0653728e-07
1.103087e-07
1.1399332e-07
1.1758079e-07
1.2106157e-07
1.2442689e-07
1.2766881e-07
1.3078018e-07
1.3375457e-07
1.3658624e-07
1.3927e-07
1.4180084e-07
1.4417296e-07
1.4637977e-07
1.4845229e-07
1.5035532e-07
1.5208722e-07
1.5365935e-07
1.5506554e-07
1.563328e-07
1.5743136e-07
)
;
    }
    lowerWall
    {
        type            calculated;
        value           nonuniform List<scalar> 0();
    }
    frontAndBack
    {
        type            empty;
        value           nonuniform List<scalar> 0();
    }
    procBoundary3to2
    {
        type            processor;
        value           nonuniform List<scalar> 
68
(
1.1360617e-07
1.1358794e-07
1.1355018e-07
1.1349298e-07
1.1341638e-07
1.0034342e-07
1.0303045e-07
1.0577571e-07
1.0857785e-07
1.1143525e-07
1.1434588e-07
1.1730731e-07
1.2031666e-07
1.2337058e-07
1.2646522e-07
1.2959619e-07
1.3275854e-07
1.3594673e-07
1.3915462e-07
5.1612073e-08
1.4598201e-07
1.4925334e-07
1.5251793e-07
1.5576664e-07
6.5256537e-08
1.6277877e-07
1.6598803e-07
1.69144e-07
1.7223463e-07
1.7524748e-07
1.7816969e-07
1.8098817e-07
1.8368961e-07
1.8626072e-07
1.8868833e-07
1.9095958e-07
1.9306213e-07
1.949844e-07
1.9671576e-07
1.9824683e-07
1.9956974e-07
2.0067842e-07
2.0156885e-07
2.0223943e-07
2.0269122e-07
2.029282e-07
2.0295762e-07
2.0279019e-07
2.0244046e-07
2.0192696e-07
1.2995815e-07
2.0381117e-07
2.0299503e-07
2.0211063e-07
2.0119747e-07
2.0029968e-07
1.9946366e-07
1.9873271e-07
1.9817348e-07
1.9785264e-07
1.9783777e-07
1.9820029e-07
1.9902275e-07
2.0039527e-07
2.0241556e-07
2.0519119e-07
2.0884214e-07
2.1349348e-07
)
;
    }
    procBoundary3to6
    {
        type            processor;
        value           nonuniform List<scalar> 8(-5.1341751e-11 -5.2708659e-11 -5.417156e-11 -5.5540386e-11 -5.6975353e-11 -5.8510579e-11 -6.0072199e-11 -6.2028373e-11);
    }
    procBoundary3to7
    {
        type            processor;
        value           nonuniform List<scalar> 
44
(
-1.0600368e-12
-2.9181184e-12
-4.4488812e-12
-5.771839e-12
-6.9181557e-12
-8.0032863e-12
-9.7028894e-12
-9.0058472e-12
-1.0137263e-11
-1.4062586e-11
-1.233222e-11
-1.3599758e-11
-1.4732743e-11
-1.5687003e-11
-1.6539397e-11
-1.7347959e-11
-1.8226001e-11
-1.9068685e-11
-1.9827877e-11
-2.0712101e-11
-2.1614119e-11
-2.2521655e-11
-2.3418664e-11
-2.4364047e-11
-2.5360295e-11
-2.6364222e-11
-2.7381803e-11
-2.840775e-11
-2.9548473e-11
-3.0765272e-11
-3.179628e-11
-3.306376e-11
-3.4363037e-11
-3.5487802e-11
-3.6860651e-11
-3.8221333e-11
-3.9614898e-11
-4.104888e-11
-4.251901e-11
-4.4016525e-11
-4.553145e-11
-4.7035719e-11
-4.8626125e-11
-5.0181587e-11
)
;
    }
}


// ************************************************************************* //
