/*--------------------------------*- C++ -*----------------------------------*\
| =========                 |                                                 |
| \\      /  F ield         | OpenFOAM: The Open Source CFD Toolbox           |
|  \\    /   O peration     | Version:  2312                                  |
|   \\  /    A nd           | Website:  www.openfoam.com                      |
|    \\/     M anipulation  |                                                 |
\*---------------------------------------------------------------------------*/
FoamFile
{
    version     2.0;
    format      ascii;
    arch        "LSB;label=32;scalar=64";
    class       volVectorField;
    location    "0.05";
    object      U;
}
// * * * * * * * * * * * * * * * * * * * * * * * * * * * * * * * * * * * * * //

dimensions      [0 1 -1 0 0 0 0];

internalField   nonuniform List<vector> 
3221
(
(1.1014538 -0.011922597 0)
(1.1016368 -0.026541184 0)
(1.1002439 -0.03616846 0)
(1.097796 -0.043082948 0)
(1.0946993 -0.048439843 0)
(1.0911241 -0.052854609 0)
(1.0871605 -0.056707523 0)
(1.0828798 -0.060268253 0)
(1.0783464 -0.063747229 0)
(1.073619 -0.067318029 0)
(1.0687529 -0.071126954 0)
(1.0638007 -0.075297464 0)
(1.0588134 -0.079933019 0)
(1.0538396 -0.08511883 0)
(1.048926 -0.090925125 0)
(1.0441169 -0.097409345 0)
(1.0394542 -0.10461792 0)
(1.0349766 -0.11258777 0)
(1.0307201 -0.12134747 0)
(1.026717 -0.13091812 0)
(1.0229961 -0.141314 0)
(1.0195824 -0.15254318 0)
(1.0164969 -0.16460796 0)
(1.0137568 -0.17750533 0)
(1.0113751 -0.19122739 0)
(1.0093609 -0.20576173 0)
(1.0077194 -0.2210918 0)
(1.006452 -0.23719721 0)
(1.0055564 -0.25405418 0)
(1.0050266 -0.27163588 0)
(1.0048534 -0.28991268 0)
(1.0050244 -0.30885249 0)
(1.0055241 -0.32842101 0)
(1.0063347 -0.34858203 0)
(1.0074353 -0.36929769 0)
(1.0088033 -0.39052871 0)
(1.0104139 -0.41223465 0)
(1.0122406 -0.43437409 0)
(1.0142554 -0.45690486 0)
(1.0164291 -0.47978423 0)
(1.0187316 -0.50296905 0)
(1.0211321 -0.52641593 0)
(1.0235991 -0.55008142 0)
(1.0261011 -0.57392207 0)
(1.0286062 -0.5978946 0)
(1.031083 -0.62195602 0)
(1.0335001 -0.64606367 0)
(1.0358267 -0.67017539 0)
(1.0380328 -0.69424954 0)
(1.0400888 -0.71824515 0)
(1.041966 -0.74212218 0)
(1.0436385 -0.76584154 0)
(1.1025973 -0.0038803101 0)
(1.1043267 -0.010223813 0)
(1.1039842 -0.015085234 0)
(1.1020417 -0.018748922 0)
(1.0991255 -0.021579438 0)
(1.0955545 -0.023877124 0)
(1.091496 -0.025884723 0)
(1.0870636 -0.027808409 0)
(1.0823474 -0.029829131 0)
(1.0774237 -0.032106235 0)
(1.0723596 -0.034778051 0)
(1.0672164 -0.03796244 0)
(1.0620521 -0.041758789 0)
(1.0569216 -0.046245527 0)
(1.0518749 -0.051486521 0)
(1.0469595 -0.057532314 0)
(1.0422192 -0.064421733 0)
(1.0376943 -0.072183432 0)
(1.0334214 -0.080837201 0)
(1.0294329 -0.090394958 0)
(1.0257574 -0.10086155 0)
(1.0224191 -0.11223543 0)
(1.0194382 -0.12450924 0)
(1.0168303 -0.13767038 0)
(1.0146072 -0.15170148 0)
(1.0127763 -0.16658091 0)
(1.0113408 -0.18228316 0)
(1.0103002 -0.19877936 0)
(1.0096501 -0.21603758 0)
(1.0093824 -0.23402327 0)
(1.0094857 -0.2526996 0)
(1.0099452 -0.27202776 0)
(1.0107435 -0.29196731 0)
(1.0118601 -0.31247641 0)
(1.0132724 -0.33351215 0)
(1.0149554 -0.35503073 0)
(1.0168823 -0.37698774 0)
(1.0190248 -0.39933833 0)
(1.021353 -0.4220374 0)
(1.0238361 -0.44503982 0)
(1.0264422 -0.4683005 0)
(1.0291392 -0.4917746 0)
(1.0318943 -0.51541761 0)
(1.0346746 -0.53918548 0)
(1.0374474 -0.56303471 0)
(1.0401802 -0.58692241 0)
(1.042841 -0.61080641 0)
(1.0453983 -0.6346453 0)
(1.0478214 -0.65839847 0)
(1.0500805 -0.68202617 0)
(1.0521463 -0.70548955 0)
(1.0539923 -0.72875068 0)
(1.102662 -0.00065025658 0)
(1.1056174 -0.0017745702 0)
(1.1064203 -0.0027507581 0)
(1.1054499 -0.003522202 0)
(1.1032446 -0.0041269806 0)
(1.1001493 -0.0046481083 0)
(1.0963879 -0.0051928961 0)
(1.0921256 -0.005884716 0)
(1.0874936 -0.0068546561 0)
(1.082599 -0.00823211 0)
(1.0775319 -0.010136952 0)
(1.0723691 -0.012674289 0)
(1.0671845 -0.015931302 0)
(1.0620456 -0.019982877 0)
(1.0570087 -0.024887339 0)
(1.0521271 -0.030689204 0)
(1.0474501 -0.037421298 0)
(1.0430217 -0.045106201 0)
(1.0388812 -0.053757385 0)
(1.035063 -0.063380168 0)
(1.0315964 -0.073972559 0)
(1.0285057 -0.085525996 0)
(1.0258106 -0.098026021 0)
(1.0235256 -0.11145291 0)
(1.0216606 -0.12578224 0)
(1.0202207 -0.14098547 0)
(1.0192068 -0.15703046 0)
(1.0186154 -0.1738819 0)
(1.0184388 -0.1915018 0)
(1.0186657 -0.20984987 0)
(1.0192812 -0.22888393 0)
(1.0202673 -0.24856024 0)
(1.0216026 -0.26883382 0)
(1.0232636 -0.28965875 0)
(1.025224 -0.31098844 0)
(1.0274556 -0.33277585 0)
(1.0299285 -0.35497372 0)
(1.0326113 -0.37753477 0)
(1.0354715 -0.40041186 0)
(1.0384754 -0.42355817 0)
(1.0415891 -0.4469273 0)
(1.0447779 -0.47047342 0)
(1.0480074 -0.49415136 0)
(1.0512429 -0.5179167 0)
(1.0544501 -0.54172582 0)
(1.0575954 -0.56553599 0)
(1.0606455 -0.58930543 0)
(1.0635682 -0.61299331 0)
(1.0663322 -0.6365598 0)
(1.0689069 -0.65996611 0)
(1.0712631 -0.68317441 0)
(1.0733737 -0.70614794 0)
(1.1028285 0.001911176 0)
(1.1065302 0.0053191076 0)
(1.1082594 0.0081663807 0)
(1.1082337 0.010526813 0)
(1.1068645 0.012470922 0)
(1.1044559 0.014034266 0)
(1.1012369 0.015207539 0)
(1.0973949 0.015940618 0)
(1.0930869 0.016154937 0)
(1.0884454 0.015758287 0)
(1.0835847 0.0146574 0)
(1.0786067 0.012766816 0)
(1.0735966 0.010014502 0)
(1.0686297 0.0063382907 0)
(1.0637792 0.0016908819 0)
(1.0591083 -0.0039621456 0)
(1.054673 -0.010644027 0)
(1.0505225 -0.018368041 0)
(1.0466999 -0.027138503 0)
(1.043242 -0.036951716 0)
(1.0401794 -0.047796807 0)
(1.0375368 -0.059656506 0)
(1.0353329 -0.072507848 0)
(1.033581 -0.086322852 0)
(1.0322885 -0.10106915 0)
(1.0314579 -0.11671059 0)
(1.0310866 -0.13320783 0)
(1.0311674 -0.15051874 0)
(1.0316887 -0.16859897 0)
(1.0326349 -0.18740234 0)
(1.0339866 -0.20688123 0)
(1.0357213 -0.22698695 0)
(1.0378133 -0.24767007 0)
(1.0402345 -0.26888066 0)
(1.0429544 -0.29056863 0)
(1.0459408 -0.31268385 0)
(1.0491597 -0.33517646 0)
(1.0525759 -0.35799698 0)
(1.0561536 -0.38109647 0)
(1.0598559 -0.40442671 0)
(1.0636459 -0.42794026 0)
(1.0674864 -0.45159058 0)
(1.0713407 -0.47533209 0)
(1.075172 -0.49912028 0)
(1.0789444 -0.52291169 0)
(1.0826228 -0.54666402 0)
(1.0861727 -0.5703361 0)
(1.0895612 -0.59388794 0)
(1.0927561 -0.61728071 0)
(1.0957267 -0.64047678 0)
(1.0984433 -0.66343965 0)
(1.100879 -0.686134 0)
(1.1029867 0.0040510471 0)
(1.1072731 0.011427918 0)
(1.1097685 0.017822609 0)
(1.1105881 0.023261728 0)
(1.1100451 0.027832311 0)
(1.1083924 0.031615355 0)
(1.1058417 0.034653009 0)
(1.1025811 0.036942726 0)
(1.0987784 0.038446516 0)
(1.0945819 0.039105626 0)
(1.0901229 0.038854076 0)
(1.0855181 0.037628102 0)
(1.0808703 0.035370782 0)
(1.076271 0.032039265 0)
(1.0718027 0.027600971 0)
(1.0675383 0.022034289 0)
(1.0635417 0.015328098 0)
(1.0598682 0.0074808405 0)
(1.0565653 -0.0015004494 0)
(1.0536726 -0.011601057 0)
(1.0512221 -0.022799427 0)
(1.0492385 -0.035067949 0)
(1.0477396 -0.04837371 0)
(1.0467367 -0.062679195 0)
(1.0462345 -0.07794297 0)
(1.0462318 -0.094120352 0)
(1.0467221 -0.11116394 0)
(1.0476935 -0.12902417 0)
(1.0491296 -0.14764978 0)
(1.0510095 -0.16698828 0)
(1.0533087 -0.18698633 0)
(1.0559992 -0.20759012 0)
(1.0590503 -0.22874564 0)
(1.0624284 -0.25039898 0)
(1.0660981 -0.27249656 0)
(1.0700224 -0.29498535 0)
(1.0741627 -0.31781301 0)
(1.0784797 -0.34092811 0)
(1.0829334 -0.36428017 0)
(1.0874836 -0.38781983 0)
(1.0920901 -0.41149893 0)
(1.096713 -0.43527051 0)
(1.1013128 -0.45908897 0)
(1.1058509 -0.48290999 0)
(1.1102895 -0.50669063 0)
(1.1145921 -0.53038932 0)
(1.1187233 -0.55396582 0)
(1.1226492 -0.5773813 0)
(1.1263373 -0.60059823 0)
(1.1297566 -0.62358042 0)
(1.1328776 -0.64629296 0)
(1.1356734 -0.66870224 0)
(1.1031506 0.0058944239 0)
(1.1079512 0.016803862 0)
(1.1111083 0.026467183 0)
(1.1126804 0.034847411 0)
(1.1129143 0.042010197 0)
(1.1120205 0.048041509 0)
(1.1101884 0.053002055 0)
(1.1075982 0.056913644 0)
(1.1044196 0.059764035 0)
(1.1008088 0.061519309 0)
(1.096908 0.062136465 0)
(1.0928463 0.061572848 0)
(1.0887396 0.059791978 0)
(1.084692 0.056767499 0)
(1.0807961 0.052483249 0)
(1.0771338 0.046933264 0)
(1.0737762 0.040121321 0)
(1.0707844 0.032060121 0)
(1.0682098 0.022770384 0)
(1.0660943 0.012279997 0)
(1.0644708 0.00062317652 0)
(1.0633636 -0.012160353 0)
(1.0627888 -0.02602614 0)
(1.0627548 -0.040925772 0)
(1.0632626 -0.0568076 0)
(1.0643069 -0.073617379 0)
(1.0658759 -0.091298854 0)
(1.0679523 -0.10979432 0)
(1.0705138 -0.12904513 0)
(1.0735337 -0.14899213 0)
(1.0769811 -0.16957604 0)
(1.080822 -0.19073778 0)
(1.0850196 -0.21241878 0)
(1.0895345 -0.23456121 0)
(1.0943256 -0.25710821 0)
(1.0993506 -0.28000401 0)
(1.1045659 -0.30319413 0)
(1.1099276 -0.32662548 0)
(1.1153916 -0.35024642 0)
(1.1209139 -0.37400687 0)
(1.1264508 -0.39785831 0)
(1.1319597 -0.42175384 0)
(1.1373987 -0.44564819 0)
(1.142727 -0.46949771 0)
(1.1479054 -0.49326036 0)
(1.152896 -0.51689571 0)
(1.1576627 -0.54036486 0)
(1.162171 -0.56363048 0)
(1.1663884 -0.58665671 0)
(1.1702839 -0.60940914 0)
(1.1738285 -0.63185474 0)
(1.1769958 -0.65396188 0)
(1.1033312 0.0075437906 0)
(1.1086198 0.021665677 0)
(1.1123772 0.03436091 0)
(1.1146325 0.045530049 0)
(1.1155915 0.055203124 0)
(1.1154344 0.063450864 0)
(1.1143325 0.070332713 0)
(1.1124573 0.075878319 0)
(1.1099769 0.080088826 0)
(1.1070513 0.082946746 0)
(1.1038299 0.084426952 0)
(1.100451 0.084505286 0)
(1.0970405 0.083163985 0)
(1.093712 0.080394557 0)
(1.0905669 0.076198539 0)
(1.0876946 0.070587361 0)
(1.0851723 0.063581705 0)
(1.0830654 0.055210658 0)
(1.0814281 0.045510789 0)
(1.0803036 0.034525242 0)
(1.0797244 0.022302834 0)
(1.0797134 0.0088971925 0)
(1.0802836 -0.0056341029 0)
(1.0814396 -0.021230344 0)
(1.0831776 -0.037828439 0)
(1.0854866 -0.055363558 0)
(1.0883487 -0.07376977 0)
(1.0917401 -0.092980606 0)
(1.0956315 -0.11292955 0)
(1.0999892 -0.13355045 0)
(1.1047754 -0.15477792 0)
(1.1099491 -0.17654757 0)
(1.1154666 -0.19879634 0)
(1.1212822 -0.22146264 0)
(1.1273488 -0.24448655 0)
(1.1336181 -0.26780993 0)
(1.1400414 -0.29137653 0)
(1.1465699 -0.31513201 0)
(1.1531553 -0.33902404 0)
(1.1597497 -0.36300228 0)
(1.1663064 -0.3870184 0)
(1.1727798 -0.41102602 0)
(1.1791258 -0.43498073 0)
(1.185302 -0.45884003 0)
(1.1912678 -0.48256329 0)
(1.1969846 -0.50611166 0)
(1.2024156 -0.52944804 0)
(1.2075264 -0.55253702 0)
(1.2122848 -0.57534478 0)
(1.2166603 -0.59783907 0)
(1.2206249 -0.61998908 0)
(1.2241532 -0.64176543 0)
(1.1035326 0.0090638232 0)
(1.1093089 0.026167836 0)
(1.113635 0.041706095 0)
(1.1165268 0.055522614 0)
(1.1181677 0.067607862 0)
(1.11872 0.078007978 0)
(1.1183434 0.086770072 0)
(1.1172034 0.093921104 0)
(1.1154673 0.099466779 0)
(1.1132978 0.10339936 0)
(1.1108499 0.10570705 0)
(1.1082689 0.10638139 0)
(1.1056884 0.10542186 0)
(1.1032296 0.10283803 0)
(1.1010007 0.098649967 0)
(1.0990967 0.09288781 0)
(1.097599 0.085590845 0)
(1.0965758 0.076806457 0)
(1.0960824 0.066589049 0)
(1.0961616 0.05499898 0)
(1.0968439 0.042101549 0)
(1.0981489 0.027965989 0)
(1.1000852 0.012664535 0)
(1.1026519 -0.0037284326 0)
(1.1058388 -0.021137178 0)
(1.1096279 -0.039485341 0)
(1.1139937 -0.05869656 0)
(1.1189045 -0.078695028 0)
(1.124323 -0.099405968 0)
(1.1302075 -0.12075603 0)
(1.1365121 -0.14267361 0)
(1.1431883 -0.16508911 0)
(1.1501848 -0.18793512 0)
(1.157449 -0.2111466 0)
(1.1649272 -0.23466095 0)
(1.1725651 -0.25841807 0)
(1.1803087 -0.28236041 0)
(1.1881043 -0.30643299 0)
(1.1958994 -0.3305833 0)
(1.2036425 -0.35476135 0)
(1.2112839 -0.37891956 0)
(1.2187756 -0.4030127 0)
(1.2260717 -0.42699778 0)
(1.2331284 -0.45083402 0)
(1.2399043 -0.47448272 0)
(1.2463605 -0.49790715 0)
(1.2524604 -0.52107249 0)
(1.2581701 -0.54394569 0)
(1.263458 -0.56649541 0)
(1.2682951 -0.58869192 0)
(1.2726545 -0.61050698 0)
(1.2765126 -0.63191379 0)
(1.103757 0.010496899 0)
(1.1100355 0.030419477 0)
(1.1149178 0.04865532 0)
(1.1184174 0.06499739 0)
(1.1207086 0.079396403 0)
(1.121946 0.091869925 0)
(1.1222848 0.10244694 0)
(1.1218894 0.11114554 0)
(1.1209286 0.1179704 0)
(1.1195689 0.122919 0)
(1.1179709 0.1259896 0)
(1.116286 0.12718744 0)
(1.1146544 0.1265283 0)
(1.1132032 0.12403986 0)
(1.1120457 0.11976147 0)
(1.1112804 0.11374324 0)
(1.1109912 0.10604467 0)
(1.111247 0.096733241 0)
(1.1121019 0.085883074 0)
(1.1135962 0.073573634 0)
(1.1157566 0.059888446 0)
(1.1185971 0.044913984 0)
(1.1221199 0.028738625 0)
(1.1263166 0.0114517 0)
(1.1311689 -0.0068573755 0)
(1.1366498 -0.026099856 0)
(1.1427248 -0.046188316 0)
(1.1493528 -0.067037181 0)
(1.1564873 -0.088563172 0)
(1.1640772 -0.11068566 0)
(1.1720679 -0.13332692 0)
(1.1804022 -0.15641234 0)
(1.1890209 -0.17987055 0)
(1.197864 -0.20363345 0)
(1.2068709 -0.22763628 0)
(1.2159814 -0.25181759 0)
(1.2251359 -0.27611919 0)
(1.2342762 -0.30048603 0)
(1.2433457 -0.32486619 0)
(1.2522899 -0.34921069 0)
(1.2610563 -0.37347338 0)
(1.2695951 -0.39761083 0)
(1.2778592 -0.42158216 0)
(1.2858041 -0.44534891 0)
(1.2933882 -0.46887489 0)
(1.300573 -0.49212607 0)
(1.3073227 -0.51507038 0)
(1.3136044 -0.53767764 0)
(1.3193883 -0.5599194 0)
(1.324647 -0.58176884 0)
(1.3293559 -0.60320061 0)
(1.3334933 -0.62419078 0)
(1.1040059 0.011874358 0)
(1.1108106 0.034504431 0)
(1.1162494 0.055330674 0)
(1.1203413 0.074098885 0)
(1.1232617 0.09072087 0)
(1.125166 0.10518416 0)
(1.1262118 0.11749682 0)
(1.1265675 0.12766486 0)
(1.1264069 0.13568883 0)
(1.1259027 0.14156891 0)
(1.125222 0.14531166 0)
(1.1245228 0.14693506 0)
(1.123951 0.14647104 0)
(1.1236386 0.14396588 0)
(1.1237024 0.13947933 0)
(1.1242428 0.13308288 0)
(1.1253437 0.12485796 0)
(1.1270725 0.11489403 0)
(1.12948 0.10328684 0)
(1.1326013 0.090136745 0)
(1.1364566 0.075547231 0)
(1.1410522 0.059623599 0)
(1.1463813 0.042471743 0)
(1.1524257 0.024197073 0)
(1.1591568 0.0049035866 0)
(1.1665369 -0.015306917 0)
(1.1745203 -0.036335487 0)
(1.1830552 -0.058086541 0)
(1.1920843 -0.080468253 0)
(1.2015461 -0.10339285 0)
(1.2113763 -0.12677678 0)
(1.2215083 -0.15054086 0)
(1.2318747 -0.17461025 0)
(1.2424075 -0.19891446 0)
(1.2530394 -0.22338729 0)
(1.263704 -0.24796665 0)
(1.2743368 -0.27259448 0)
(1.2848751 -0.29721654 0)
(1.2952589 -0.32178224 0)
(1.3054311 -0.34624441 0)
(1.3153373 -0.37055913 0)
(1.3249265 -0.39468551 0)
(1.3341511 -0.41858546 0)
(1.3429668 -0.44222353 0)
(1.3513326 -0.46556667 0)
(1.3592111 -0.48858407 0)
(1.3665682 -0.51124699 0)
(1.373373 -0.53352854 0)
(1.3795977 -0.55540361 0)
(1.3852178 -0.57684863 0)
(1.3902113 -0.59784149 0)
(1.3945595 -0.61836137 0)
(1.1042807 0.013221099 0)
(1.1116419 0.038490742 0)
(1.1176468 0.061833644 0)
(1.1223256 0.082950747 0)
(1.1258633 0.10171579 0)
(1.1284235 0.11808589 0)
(1.1301726 0.13204715 0)
(1.1312881 0.14359218 0)
(1.131953 0.15271621 0)
(1.1323491 0.15942129 0)
(1.1326518 0.16372197 0)
(1.1330262 0.1656492 0)
(1.1336239 0.16525183 0)
(1.1345812 0.16259602 0)
(1.1360168 0.15776345 0)
(1.1380312 0.15084893 0)
(1.1407061 0.14195781 0)
(1.1441047 0.13120359 0)
(1.1482717 0.11870559 0)
(1.1532345 0.10458695 0)
(1.1590037 0.088972868 0)
(1.165575 0.071988958 0)
(1.17293 0.053759867 0)
(1.1810382 0.034408073 0)
(1.1898581 0.014052879 0)
(1.1993389 -0.0071903979 0)
(1.2094222 -0.029211063 0)
(1.2200436 -0.051903529 0)
(1.2311337 -0.075167641 0)
(1.2426195 -0.098908866 0)
(1.2544259 -0.12303839 0)
(1.2664768 -0.14747309 0)
(1.2786957 -0.17213547 0)
(1.2910071 -0.1969535 0)
(1.3033367 -0.22186041 0)
(1.3156126 -0.24679446 0)
(1.3277655 -0.27169865 0)
(1.3397291 -0.29652048 0)
(1.3514407 -0.32121163 0)
(1.3628411 -0.34572764 0)
(1.3738752 -0.37002767 0)
(1.3844918 -0.39407415 0)
(1.3946435 -0.41783257 0)
(1.4042872 -0.44127113 0)
(1.4133836 -0.46436058 0)
(1.4218972 -0.48707392 0)
(1.4297966 -0.50938618 0)
(1.4370535 -0.53127428 0)
(1.4436435 -0.55271678 0)
(1.4495454 -0.57369374 0)
(1.4547406 -0.59418654 0)
(1.459214 -0.61417773 0)
(1.1045831 0.014557947 0)
(1.1125363 0.042435965 0)
(1.1191238 0.068251194 0)
(1.124392 0.091660647 0)
(1.1285432 0.11250048 0)
(1.131756 0.13069748 0)
(1.1342114 0.14621571 0)
(1.1361012 0.15903438 0)
(1.1376222 0.16914362 0)
(1.1389682 0.17654796 0)
(1.1403249 0.18127095 0)
(1.1418658 0.18335793 0)
(1.1437484 0.18287646 0)
(1.1461122 0.17991467 0)
(1.1490766 0.1745785 0)
(1.15274 0.16698846 0)
(1.1571796 0.15727626 0)
(1.1624515 0.14558173 0)
(1.1685913 0.13204995 0)
(1.1756151 0.11682889 0)
(1.1835211 0.10006715 0)
(1.192291 0.081912057 0)
(1.2018918 0.062508141 0)
(1.2122777 0.041995746 0)
(1.2233917 0.020509979 0)
(1.2351678 -0.001820118 0)
(1.2475329 -0.024872179 0)
(1.2604081 -0.048530922 0)
(1.2737105 -0.072688376 0)
(1.2873549 -0.097243953 0)
(1.3012549 -0.1221044 0)
(1.3153241 -0.14718366 0)
(1.3294772 -0.17240259 0)
(1.343631 -0.19768871 0)
(1.357705 -0.22297584 0)
(1.3716222 -0.24820367 0)
(1.3853094 -0.27331743 0)
(1.3986974 -0.29826742 0)
(1.4117219 -0.32300861 0)
(1.424323 -0.34750026 0)
(1.4364455 -0.37170549 0)
(1.4480391 -0.39559094 0)
(1.4590582 -0.41912638 0)
(1.4694617 -0.44228442 0)
(1.4792131 -0.46504017 0)
(1.48828 -0.48737099 0)
(1.4966344 -0.5092562 0)
(1.5042519 -0.53067687 0)
(1.5111121 -0.55161562 0)
(1.5171978 -0.57205639 0)
(1.5224949 -0.5919843 0)
(1.5269926 -0.61138546 0)
(1.1049147 0.015903046 0)
(1.1135 0.046390421 0)
(1.1206923 0.074659711 0)
(1.1265595 0.10032378 0)
(1.1313282 0.12318121 0)
(1.1351984 0.14312873 0)
(1.1383715 0.16010888 0)
(1.1410591 0.17408842 0)
(1.1434758 0.18505381 0)
(1.1458308 0.19301385 0)
(1.1483225 0.19800331 0)
(1.1511335 0.20008454 0)
(1.1544276 0.19934664 0)
(1.1583466 0.19590275 0)
(1.1630088 0.18988617 0)
(1.1685085 0.18144611 0)
(1.1749152 0.17074353 0)
(1.1822746 0.1579473 0)
(1.1906097 0.14323074 0)
(1.1999219 0.12676869 0)
(1.210193 0.10873484 0)
(1.2213874 0.089299631 0)
(1.233454 0.068628379 0)
(1.2463286 0.046879875 0)
(1.2599362 0.024205247 0)
(1.2741932 0.00074714349 0)
(1.2890095 -0.023360807 0)
(1.3042905 -0.047994299 0)
(1.3199387 -0.073038428 0)
(1.3358557 -0.098387604 0)
(1.3519434 -0.12394532 0)
(1.3681052 -0.14962384 0)
(1.3842473 -0.17534373 0)
(1.4002794 -0.20103342 0)
(1.4161155 -0.22662864 0)
(1.4316744 -0.25207188 0)
(1.4468799 -0.27731181 0)
(1.4616617 -0.30230276 0)
(1.4759546 -0.32700413 0)
(1.4896994 -0.35137992 0)
(1.5028424 -0.37539816 0)
(1.5153354 -0.39903053 0)
(1.5271357 -0.42225189 0)
(1.5382056 -0.44503987 0)
(1.5485124 -0.46737455 0)
(1.5580282 -0.48923812 0)
(1.5667293 -0.5106146 0)
(1.5745961 -0.53148957 0)
(1.5816132 -0.55184995 0)
(1.5877682 -0.57168381 0)
(1.5930522 -0.59098017 0)
(1.5974592 -0.6097288 0)
(1.1052774 0.017272684 0)
(1.1145394 0.050399216 0)
(1.122364 0.081127558 0)
(1.1288463 0.10902521 0)
(1.1342443 0.13385279 0)
(1.1387854 0.15547723 0)
(1.1426978 0.17382059 0)
(1.1462181 0.18883891 0)
(1.1495827 0.20051735 0)
(1.1530199 0.20887198 0)
(1.1567426 0.21395223 0)
(1.1609438 0.21584115 0)
(1.1657931 0.21465337 0)
(1.1714334 0.21053103 0)
(1.1779802 0.20363865 0)
(1.1855202 0.19415789 0)
(1.1941121 0.18228241 0)
(1.2037876 0.16821321 0)
(1.2145527 0.15215452 0)
(1.2263901 0.13431018 0)
(1.2392612 0.11488073 0)
(1.253109 0.094060841 0)
(1.2678608 0.072037393 0)
(1.283431 0.048987887 0)
(1.2997237 0.025079328 0)
(1.3166352 0.00046746644 0)
(1.3340568 -0.024703636 0)
(1.3518767 -0.050301743 0)
(1.3699822 -0.076206311 0)
(1.3882612 -0.10230819 0)
(1.4066039 -0.12850919 0)
(1.424904 -0.15472148 0)
(1.4430598 -0.18086699 0)
(1.4609748 -0.20687665 0)
(1.4785588 -0.23268968 0)
(1.4957276 -0.25825283 0)
(1.5124038 -0.28351966 0)
(1.5285169 -0.3084498 0)
(1.5440028 -0.33300826 0)
(1.5588045 -0.35716483 0)
(1.5728712 -0.38089342 0)
(1.5861584 -0.40417157 0)
(1.5986275 -0.42697992 0)
(1.6102458 -0.44930175 0)
(1.6209857 -0.47112261 0)
(1.6308245 -0.49242995 0)
(1.6397443 -0.51321279 0)
(1.6477311 -0.53346147 0)
(1.6547752 -0.55316743 0)
(1.6608701 -0.57232296 0)
(1.6660125 -0.59092105 0)
(1.670202 -0.60895517 0)
(1.1056734 0.018681825 0)
(1.1156611 0.054503524 0)
(1.1241511 0.087716722 0)
(1.1312712 0.11784147 0)
(1.1373181 0.14459962 0)
(1.1425538 0.16782862 0)
(1.147239 0.18743152 0)
(1.1516406 0.20335614 0)
(1.1560219 0.21558973 0)
(1.1606326 0.2241597 0)
(1.1657025 0.22913475 0)
(1.1714354 0.23062361 0)
(1.1780059 0.22877151 0)
(1.1855566 0.22375452 0)
(1.1941968 0.21577319 0)
(1.2040026 0.20504611 0)
(1.2150177 0.19180365 0)
(1.2272551 0.17628238 0)
(1.2406992 0.15872022 0)
(1.2553092 0.13935231 0)
(1.2710217 0.11840758 0)
(1.2877542 0.096105982 0)
(1.3054086 0.072656334 0)
(1.3238744 0.048254737 0)
(1.3430322 0.023083489 0)
(1.3627563 -0.0026895437 0)
(1.3829178 -0.028911189 0)
(1.403387 -0.055442846 0)
(1.4240352 -0.082160085 0)
(1.4447368 -0.10895208 0)
(1.465371 -0.13572088 0)
(1.4858225 -0.16238056 0)
(1.5059831 -0.18885629 0)
(1.5257515 -0.21508337 0)
(1.5450347 -0.24100627 0)
(1.5637475 -0.26657762 0)
(1.581813 -0.29175735 0)
(1.5991622 -0.31651173 0)
(1.6157342 -0.34081259 0)
(1.6314757 -0.36463655 0)
(1.6463406 -0.38796431 0)
(1.6602897 -0.41078003 0)
(1.6732902 -0.43307076 0)
(1.6853154 -0.45482597 0)
(1.6963442 -0.47603705 0)
(1.7063605 -0.49669703 0)
(1.7153529 -0.51680017 0)
(1.7233142 -0.53634173 0)
(1.730241 -0.5553177 0)
(1.7361335 -0.57372466 0)
(1.7409947 -0.59155953 0)
(1.7448301 -0.60881941 0)
(1.106105 0.020144439 0)
(1.1168725 0.058741442 0)
(1.1260665 0.094483901 0)
(1.1338538 0.12684155 0)
(1.1405783 0.15549632 0)
(1.1465434 0.18025662 0)
(1.152049 0.2010084 0)
(1.1573978 0.21769456 0)
(1.162884 0.23030886 0)
(1.1687823 0.23889539 0)
(1.1753403 0.24354798 0)
(1.1827729 0.24440728 0)
(1.1912583 0.24165525 0)
(1.200936 0.235508 0)
(1.2119057 0.22620788 0)
(1.2242282 0.21401555 0)
(1.2379271 0.19920256 0)
(1.2529915 0.18204483 0)
(1.269379 0.16281698 0)
(1.2870198 0.14178761 0)
(1.3058207 0.11921545 0)
(1.3256695 0.09534639 0)
(1.3464386 0.070411167 0)
(1.3679899 0.044623862 0)
(1.3901776 0.018180923 0)
(1.4128526 -0.0087392268 0)
(1.4358646 -0.035976179 0)
(1.4590654 -0.063387072 0)
(1.4823108 -0.090845853 0)
(1.5054626 -0.11824235 0)
(1.5283897 -0.1454812 0)
(1.5509696 -0.17248064 0)
(1.5730891 -0.1991713 0)
(1.5946444 -0.2254949 0)
(1.6155416 -0.25140302 0)
(1.6356966 -0.27685591 0)
(1.6550351 -0.30182139 0)
(1.6734921 -0.32627372 0)
(1.6910116 -0.35019271 0)
(1.707546 -0.37356279 0)
(1.7230557 -0.39637226 0)
(1.7375084 -0.41861256 0)
(1.7508788 -0.4402777 0)
(1.7631477 -0.46136369 0)
(1.7743016 -0.48186809 0)
(1.784332 -0.50178967 0)
(1.7932352 -0.52112803 0)
(1.8010114 -0.53988336 0)
(1.8076646 -0.55805622 0)
(1.8132019 -0.57564736 0)
(1.8176332 -0.59265753 0)
(1.8209706 -0.60908727 0)
(1.1065749 0.021673752 0)
(1.1181817 0.063148567 0)
(1.1281241 0.10148125 0)
(1.1366158 0.13608755 0)
(1.1440566 0.16660809 0)
(1.150799 0.1928228 0)
(1.1571889 0.21460311 0)
(1.1635709 0.23189118 0)
(1.1702742 0.24469292 0)
(1.177601 0.25307571 0)
(1.1858179 0.25716583 0)
(1.1951499 0.2571433 0)
(1.2057764 0.25323439 0)
(1.21783 0.2457025 0)
(1.2313961 0.23483834 0)
(1.2465147 0.22095049 0)
(1.2631831 0.20435669 0)
(1.2813601 0.18537619 0)
(1.3009705 0.16432331 0)
(1.3219097 0.14150212 0)
(1.3440495 0.11720222 0)
(1.3672432 0.091695594 0)
(1.3913303 0.065234326 0)
(1.4161418 0.038049197 0)
(1.441504 0.010349007 0)
(1.4672428 -0.017679507 0)
(1.4931863 -0.04587119 0)
(1.5191683 -0.074081626 0)
(1.5450299 -0.10218591 0)
(1.5706214 -0.13007733 0)
(1.5958038 -0.15766581 0)
(1.6204494 -0.18487635 0)
(1.6444423 -0.21164741 0)
(1.6676787 -0.23792934 0)
(1.6900664 -0.26368281 0)
(1.7115251 -0.28887744 0)
(1.7319855 -0.31349041 0)
(1.7513887 -0.33750529 0)
(1.7696859 -0.3609109 0)
(1.7868373 -0.38370038 0)
(1.8028118 -0.40587028 0)
(1.8175859 -0.42741989 0)
(1.8311428 -0.4483505 0)
(1.8434725 -0.46866494 0)
(1.8545701 -0.48836707 0)
(1.8644361 -0.50746144 0)
(1.8730749 -0.52595296 0)
(1.8804951 -0.54384666 0)
(1.8867085 -0.56114752 0)
(1.8917299 -0.57786025 0)
(1.8955762 -0.59398923 0)
(1.8982665 -0.60953828 0)
(1.1070862 0.023282411 0)
(1.1195976 0.067758438 0)
(1.1303395 0.10875686 0)
(1.1395812 0.14563508 0)
(1.1477883 0.17799075 0)
(1.1553709 0.20557627 0)
(1.1627285 0.22825176 0)
(1.1702533 0.24596405 0)
(1.178314 0.25873819 0)
(1.1872423 0.26667301 0)
(1.1973238 0.26993597 0)
(1.2087915 0.2687556 0)
(1.2218227 0.26341146 0)
(1.2365378 0.2542225 0)
(1.2530017 0.24153536 0)
(1.2712265 0.22571305 0)
(1.2911761 0.20712481 0)
(1.3127718 0.18613735 0)
(1.3358984 0.16310754 0)
(1.3604104 0.13837657 0)
(1.3861391 0.11226544 0)
(1.4128988 0.085071722 0)
(1.4404927 0.057067495 0)
(1.4687184 0.028498197 0)
(1.4973732 -0.00041762935 0)
(1.5262574 -0.029487896 0)
(1.5551782 -0.05854593 0)
(1.5839523 -0.087449042 0)
(1.6124081 -0.11607682 0)
(1.6403869 -0.14432918 0)
(1.6677442 -0.17212441 0)
(1.6943501 -0.19939706 0)
(1.7200891 -0.22609602 0)
(1.7448601 -0.25218248 0)
(1.768576 -0.27762822 0)
(1.7911628 -0.30241387 0)
(1.8125589 -0.32652744 0)
(1.8327144 -0.34996289 0)
(1.8515898 -0.37271903 0)
(1.8691555 -0.39479837 0)
(1.8853904 -0.41620627 0)
(1.9002813 -0.43695013 0)
(1.9138221 -0.45703881 0)
(1.9260126 -0.476482 0)
(1.936858 -0.49528983 0)
(1.9463682 -0.51347253 0)
(1.9545569 -0.53104014 0)
(1.9614416 -0.54800228 0)
(1.9670422 -0.5643681 0)
(1.9713815 -0.58014602 0)
(1.9744838 -0.59534371 0)
(1.9763754 -0.60996793 0)
(1.1076423 0.024982643 0)
(1.1211302 0.07260285 0)
(1.1327298 0.11635515 0)
(1.1427767 0.15553344 0)
(1.1518132 0.18969066 0)
(1.1603165 0.21855301 0)
(1.1687478 0.24197358 0)
(1.1775531 0.25991063 0)
(1.1871443 0.27241695 0)
(1.1978842 0.27963265 0)
(1.2100761 0.28177716 0)
(1.2239579 0.2791383 0)
(1.2396993 0.27205919 0)
(1.2574019 0.26092395 0)
(1.277102 0.24614354 0)
(1.2987753 0.22814247 0)
(1.3223439 0.20734706 0)
(1.347683 0.18417549 0)
(1.3746299 0.15902969 0)
(1.4029916 0.13228897 0)
(1.4325535 0.10430549 0)
(1.4630866 0.075401056 0)
(1.494355 0.045865428 0)
(1.5261215 0.015955684 0)
(1.5581535 -0.014103376 0)
(1.5902269 -0.044118104 0)
(1.6221291 -0.073924228 0)
(1.6536623 -0.10338475 0)
(1.6846448 -0.13238751 0)
(1.7149123 -0.16084269 0)
(1.7443183 -0.18868018 0)
(1.772734 -0.21584711 0)
(1.8000482 -0.24230532 0)
(1.8261661 -0.26802916 0)
(1.8510086 -0.29300334 0)
(1.8745115 -0.31722112 0)
(1.8966239 -0.3406825 0)
(1.9173071 -0.3633929 0)
(1.9365337 -0.38536172 0)
(1.9542859 -0.40660139 0)
(1.9705549 -0.42712633 0)
(1.9853393 -0.44695228 0)
(1.9986446 -0.46609558 0)
(2.010482 -0.48457272 0)
(2.0208675 -0.50239989 0)
(2.0298212 -0.51959273 0)
(2.0373668 -0.53616606 0)
(2.0435305 -0.55213385 0)
(2.0483413 -0.56750894 0)
(2.0518297 -0.58230301 0)
(2.0540278 -0.59652675 0)
(2.0549689 -0.61018958 0)
(1.1082468 0.026786374 0)
(1.1227902 0.07771215 0)
(1.1353141 0.1243171 0)
(1.1462324 0.16582569 0)
(1.1561765 0.20174435 0)
(1.1657016 0.2317751 0)
(1.1753392 0.2557696 0)
(1.1855953 0.27370588 0)
(1.1969284 0.28567501 0)
(1.2097327 0.29187065 0)
(1.2243268 0.29257683 0)
(1.2409483 0.28815328 0)
(1.259752 0.27901863 0)
(1.2808115 0.26563296 0)
(1.3041249 0.24848079 0)
(1.3296214 0.22805562 0)
(1.3571708 0.20484642 0)
(1.3865935 0.17932649 0)
(1.4176709 0.15194461 0)
(1.4501558 0.12311844 0)
(1.4837825 0.093229933 0)
(1.5182752 0.062622635 0)
(1.5533568 0.031600547 0)
(1.5887551 0.00042831413 0)
(1.6242084 -0.030667529 0)
(1.6594698 -0.061496393 0)
(1.6943098 -0.091901085 0)
(1.7285196 -0.12175479 0)
(1.7619115 -0.15095785 0)
(1.7943195 -0.17943456 0)
(1.8255995 -0.20712989 0)
(1.8556284 -0.23400646 0)
(1.8843029 -0.26004169 0)
(1.9115385 -0.28522513 0)
(1.9372682 -0.30955621 0)
(1.9614403 -0.33304206 0)
(1.9840179 -0.35569577 0)
(2.0049762 -0.37753481 0)
(2.0243019 -0.39857971 0)
(2.0419913 -0.418853 0)
(2.0580494 -0.43837828 0)
(2.072488 -0.45717948 0)
(2.0853256 -0.47528024 0)
(2.0965853 -0.49270357 0)
(2.1062948 -0.50947131 0)
(2.114485 -0.52560414 0)
(2.1211897 -0.54112121 0)
(2.1264446 -0.55604023 0)
(2.1302873 -0.57037741 0)
(2.1327563 -0.58414714 0)
(2.1338911 -0.59736256 0)
(2.1337321 -0.61003566 0)
(1.1089038 0.028705349 0)
(1.12459 0.083115444 0)
(1.1381139 0.13268042 0)
(1.1499821 0.17654852 0)
(1.1609299 0.21417798 0)
(1.171602 0.24524972 0)
(1.1826094 0.26962095 0)
(1.1945246 0.28729997 0)
(1.2078554 0.29842947 0)
(1.223026 0.30327109 0)
(1.240366 0.30218856 0)
(1.2601051 0.29562818 0)
(1.2823732 0.28409778 0)
(1.3072051 0.26814536 0)
(1.3345481 0.24833894 0)
(1.3642731 0.22524865 0)
(1.3961863 0.19943138 0)
(1.430043 0.17141853 0)
(1.4655605 0.14170653 0)
(1.5024309 0.11075025 0)
(1.5403326 0.07895883 0)
(1.5789411 0.046693647 0)
(1.6179371 0.014268177 0)
(1.6570143 -0.01805068 0)
(1.6958843 -0.050040107 0)
(1.7342805 -0.081518149 0)
(1.7719612 -0.11234003 0)
(1.808711 -0.14239411 0)
(1.8443412 -0.1715978 0)
(1.8786896 -0.19989345 0)
(1.9116193 -0.22724457 0)
(1.9430175 -0.25363221 0)
(1.9727938 -0.27905169 0)
(2.0008782 -0.30350968 0)
(2.0272191 -0.3270217 0)
(2.0517813 -0.34960982 0)
(2.0745443 -0.37130088 0)
(2.0955 -0.39212481 0)
(2.1146514 -0.41211342 0)
(2.1320106 -0.43129929 0)
(2.1475976 -0.44971499 0)
(2.1614392 -0.46739232 0)
(2.173567 -0.4843618 0)
(2.1840174 -0.50065249 0)
(2.19283 -0.51629144 0)
(2.2000469 -0.5313036 0)
(2.2057119 -0.54571192 0)
(2.2098702 -0.55953739 0)
(2.2125682 -0.5727991 0)
(2.2138522 -0.58551321 0)
(2.2137681 -0.59769468 0)
(2.2123642 -0.60935827 0)
(1.1096179 0.030751247 0)
(1.1265428 0.088840797 0)
(1.141153 0.14147957 0)
(1.1540643 0.18773192 0)
(1.1661326 0.22700665 0)
(1.178105 0.25896758 0)
(1.1906823 0.28348667 0)
(1.2045093 0.30061606 0)
(1.2201445 0.31056592 0)
(1.2380392 0.31368341 0)
(1.2585267 0.3104297 0)
(1.2818186 0.30135472 0)
(1.3080071 0.28707083 0)
(1.3370738 0.26822705 0)
(1.3689012 0.24548532 0)
(1.4032873 0.21949984 0)
(1.4399628 0.19090002 0)
(1.4786071 0.16027713 0)
(1.5188651 0.12817464 0)
(1.5603623 0.09508192 0)
(1.6027184 0.061430927 0)
(1.6455585 0.027595367 0)
(1.6885228 -0.0061080085 0)
(1.7312733 -0.039416601 0)
(1.7734988 -0.072117872 0)
(1.8149183 -0.10404487 0)
(1.8552834 -0.13507114 0)
(1.8943784 -0.16510557 0)
(1.9320197 -0.19408725 0)
(1.9680547 -0.22198067 0)
(2.0023595 -0.24877113 0)
(2.0348371 -0.27446076 0)
(2.0654147 -0.29906484 0)
(2.094041 -0.3226087 0)
(2.1206838 -0.34512496 0)
(2.1453276 -0.36665134 0)
(2.1679711 -0.38722868 0)
(2.1886253 -0.40689947 0)
(2.2073114 -0.42570658 0)
(2.2240587 -0.44369232 0)
(2.2389039 -0.46089772 0)
(2.2518886 -0.4773619 0)
(2.2630593 -0.49312174 0)
(2.2724653 -0.50821161 0)
(2.2801587 -0.522663 0)
(2.2861926 -0.53650462 0)
(2.2906212 -0.54976231 0)
(2.2934983 -0.56245978 0)
(2.2948792 -0.57461881 0)
(2.2948182 -0.586256 0)
(2.2933659 -0.59738687 0)
(2.2905785 -0.60802979 0)
(1.1103943 0.03293579 0)
(1.1286638 0.094915434 0)
(1.1444581 0.15074578 0)
(1.1585228 0.19939896 0)
(1.1718526 0.24023319 0)
(1.1853118 0.27290111 0)
(1.1997018 0.2973017 0)
(1.2157448 0.31354739 0)
(1.2340498 0.32193546 0)
(1.2550896 0.32291956 0)
(1.2791906 0.31707918 0)
(1.3065323 0.30508737 0)
(1.3371532 0.28767811 0)
(1.3709642 0.26561541 0)
(1.4077658 0.23966559 0)
(1.4472682 0.21057382 0)
(1.4891124 0.17904532 0)
(1.5328915 0.1457314 0)
(1.5781705 0.11121997 0)
(1.624504 0.076030158 0)
(1.6714512 0.040610421 0)
(1.7185881 0.0053394941 0)
(1.7655172 -0.02947043 0)
(1.8118735 -0.063568746 0)
(1.8573292 -0.09676085 0)
(1.901596 -0.1289018 0)
(1.9444259 -0.15988979 0)
(1.9856101 -0.1896597 0)
(2.0249774 -0.21817696 0)
(2.0623913 -0.24543192 0)
(2.0977474 -0.2714347 0)
(2.13097 -0.29621076 0)
(2.1620087 -0.31979698 0)
(2.1908354 -0.34223835 0)
(2.217441 -0.36358527 0)
(2.2418326 -0.38389125 0)
(2.2640311 -0.4032111 0)
(2.2840681 -0.42159947 0)
(2.3019847 -0.43910981 0)
(2.3178288 -0.45579346 0)
(2.3316541 -0.47169922 0)
(2.3435184 -0.48687282 0)
(2.3534826 -0.50135649 0)
(2.3616096 -0.51518928 0)
(2.3679635 -0.52840628 0)
(2.3726088 -0.54103913 0)
(2.3756089 -0.55311548 0)
(2.3770258 -0.56466096 0)
(2.3769242 -0.57570058 0)
(2.3753664 -0.58625019 0)
(2.3724052 -0.59632526 0)
(2.368102 -0.60594568 0)
(1.1112383 0.03527088 0)
(1.1309694 0.10136583 0)
(1.1480596 0.16050711 0)
(1.1634074 0.21156489 0)
(1.1781682 0.25384669 0)
(1.1933401 0.28700255 0)
(1.2098356 0.31097382 0)
(1.2284589 0.32595398 0)
(1.2498663 0.33235135 0)
(1.274543 0.33075115 0)
(1.3027941 0.32187554 0)
(1.3347486 0.3065427 0)
(1.3703709 0.28562693 0)
(1.4094807 0.26002175 0)
(1.451777 0.23060792 0)
(1.4968647 0.19822715 0)
(1.5442819 0.16366193 0)
(1.5935253 0.12762145 0)
(1.6440737 0.090733051 0)
(1.6954082 0.053538442 0)
(1.7470283 0.016494017 0)
(1.7984647 -0.020025737 0)
(1.8492875 -0.055722379 0)
(1.899112 -0.090366457 0)
(1.9476019 -0.12378966 0)
(1.9944705 -0.15587656 0)
(2.0394788 -0.18655647 0)
(2.0824335 -0.21579566 0)
(2.1231834 -0.24359025 0)
(2.1616159 -0.26995982 0)
(2.1976522 -0.29494181 0)
(2.2312437 -0.31858673 0)
(2.2623674 -0.3409541 0)
(2.2910225 -0.36210915 0)
(2.3172264 -0.38212008 0)
(2.3410117 -0.40105596 0)
(2.3624232 -0.41898501 0)
(2.3815153 -0.43597334 0)
(2.3983498 -0.45208402 0)
(2.412994 -0.46737666 0)
(2.4255192 -0.48190672 0)
(2.4359995 -0.49572547 0)
(2.44451 -0.50887968 0)
(2.4511272 -0.52141209 0)
(2.4559268 -0.53336046 0)
(2.4589844 -0.5447586 0)
(2.4603724 -0.55563449 0)
(2.4601586 -0.56601417 0)
(2.4584171 -0.57592694 0)
(2.455219 -0.58538839 0)
(2.4506184 -0.594419 0)
(2.4446741 -0.60303109 0)
(1.1121563 0.037768627 0)
(1.1334784 0.10821808 0)
(1.1519915 0.17078803 0)
(1.1687751 0.22423624 0)
(1.1851704 0.26782101 0)
(1.2023272 0.30120112 0)
(1.22128 0.32438023 0)
(1.2429172 0.3376588 0)
(1.2679363 0.34158538 0)
(1.2968208 0.33690653 0)
(1.3298351 0.32451516 0)
(1.3670341 0.30539928 0)
(1.4082834 0.28059339 0)
(1.4532872 0.25113508 0)
(1.5016214 0.21802843 0)
(1.5527678 0.18221522 0)
(1.6061477 0.14455401 0)
(1.6611529 0.1058068 0)
(1.7171724 0.066632297 0)
(1.7736139 0.027584851 0)
(1.8299213 -0.010882164 0)
(1.8855859 -0.0484096 0)
(1.9401538 -0.084723652 0)
(1.9932307 -0.11962611 0)
(2.0444825 -0.15298395 0)
(2.0936341 -0.18471892 0)
(2.1404658 -0.21479776 0)
(2.1848091 -0.2432232 0)
(2.2265417 -0.27002587 0)
(2.2655818 -0.29525737 0)
(2.3018833 -0.3189843 0)
(2.33543 -0.34128325 0)
(2.3662313 -0.36223682 0)
(2.3943172 -0.38193035 0)
(2.4197347 -0.40044938 0)
(2.442544 -0.41787777 0)
(2.4628158 -0.43429612 0)
(2.4806279 -0.44978093 0)
(2.496064 -0.46440383 0)
(2.5092111 -0.47823129 0)
(2.520158 -0.49132425 0)
(2.5289948 -0.50373852 0)
(2.5358105 -0.51552394 0)
(2.5406943 -0.52672629 0)
(2.5437333 -0.5373846 0)
(2.5450139 -0.54753454 0)
(2.5446174 -0.55720309 0)
(2.5426138 -0.56641567 0)
(2.5390851 -0.57520457 0)
(2.5341075 -0.58359121 0)
(2.5277422 -0.591591 0)
(2.5200606 -0.59920734 0)
(1.1131551 0.040441787 0)
(1.1362115 0.11549778 0)
(1.1562921 0.18160903 0)
(1.1746916 0.23740983 0)
(1.1929652 0.28211231 0)
(1.2124342 0.31539961 0)
(1.2342652 0.3373634 0)
(1.2594303 0.34844345 0)
(1.2886572 0.34936394 0)
(1.322408 0.34106787 0)
(1.3608803 0.3246511 0)
(1.4040259 0.3012985 0)
(1.4515815 0.27222548 0)
(1.5031085 0.23862732 0)
(1.5580361 0.20163824 0)
(1.6157048 0.16230062 0)
(1.6754074 0.12154437 0)
(1.7364246 0.080175534 0)
(1.7980545 0.038872722 0)
(1.8596357 -0.0018100683 0)
(1.9205633 -0.04143586 0)
(1.9802992 -0.079673805 0)
(2.0383775 -0.116287 0)
(2.0944067 -0.15111927 0)
(2.1480673 -0.18408202 0)
(2.1991078 -0.21514171 0)
(2.247339 -0.24430841 0)
(2.2926273 -0.27162567 0)
(2.3348879 -0.29716175 0)
(2.3740779 -0.32100224 0)
(2.41019 -0.3432439 0)
(2.443246 -0.36398971 0)
(2.4732914 -0.383345 0)
(2.5003905 -0.40141449 0)
(2.5246222 -0.41829999 0)
(2.5460762 -0.43409883 0)
(2.5648497 -0.44890266 0)
(2.5810451 -0.46279701 0)
(2.5947679 -0.47586029 0)
(2.6061246 -0.48816472 0)
(2.6152212 -0.49977506 0)
(2.622163 -0.51075054 0)
(2.6270521 -0.5211423 0)
(2.6299897 -0.53099887 0)
(2.6310731 -0.54035845 0)
(2.630399 -0.54925792 0)
(2.6280572 -0.55772466 0)
(2.624118 -0.56578608 0)
(2.618664 -0.57347081 0)
(2.6117858 -0.5807944 0)
(2.6035572 -0.58777217 0)
(2.5940419 -0.59441486 0)
(1.1142426 0.043303526 0)
(1.1391917 0.12323018 0)
(1.1610054 0.19298639 0)
(1.1812332 0.25107108 0)
(1.2016769 0.29665616 0)
(1.2238505 0.32947036 0)
(1.2490618 0.34972631 0)
(1.2783615 0.35804328 0)
(1.3124904 0.35536381 0)
(1.3518618 0.34286856 0)
(1.3965732 0.32189256 0)
(1.4464369 0.29384661 0)
(1.5010265 0.26014751 0)
(1.5597296 0.22216004 0)
(1.6218045 0.18115201 0)
(1.6864336 0.13826278 0)
(1.7527715 0.094484453 0)
(1.8199851 0.050654046 0)
(1.8872855 0.0074547758 0)
(1.9539501 -0.034575827 0)
(2.0193366 -0.075032802 0)
(2.0828912 -0.1136285 0)
(2.1441512 -0.15017598 0)
(2.2027429 -0.18457215 0)
(2.2583758 -0.21678186 0)
(2.3108353 -0.2468232 0)
(2.3599746 -0.27475466 0)
(2.4057054 -0.30066412 0)
(2.4479893 -0.32465957 0)
(2.4868298 -0.3468616 0)
(2.5222641 -0.36739722 0)
(2.5543567 -0.38639522 0)
(2.5831928 -0.40398256 0)
(2.6088737 -0.42028193 0)
(2.6315117 -0.43540969 0)
(2.6512267 -0.44947505 0)
(2.6681433 -0.46257886 0)
(2.6823887 -0.47481386 0)
(2.6940894 -0.48626358 0)
(2.7033709 -0.49700443 0)
(2.7103552 -0.50710301 0)
(2.7151623 -0.51662135 0)
(2.7179058 -0.52560922 0)
(2.718698 -0.53411813 0)
(2.7176457 -0.54218518 0)
(2.7148527 -0.54984273 0)
(2.7104138 -0.55712927 0)
(2.7044027 -0.56406093 0)
(2.6969148 -0.57066058 0)
(2.68804 -0.57694614 0)
(2.6778454 -0.58292871 0)
(2.6664091 -0.58862716 0)
(1.115427 0.046367912 0)
(1.1424452 0.13144037 0)
(1.1661816 0.20493126 0)
(1.1884883 0.26519188 0)
(1.2114516 0.31136394 0)
(1.2368001 0.34325026 0)
(1.265989 0.36122671 0)
(1.3001368 0.36614184 0)
(1.3399716 0.3592079 0)
(1.3858217 0.34189092 0)
(1.4376417 0.31580532 0)
(1.4950618 0.282618 0)
(1.5574522 0.24396637 0)
(1.6239944 0.20139298 0)
(1.6937518 0.15629799 0)
(1.7657339 0.10990878 0)
(1.8389518 0.063265068 0)
(1.9124616 0.017216931 0)
(1.9853956 -0.027567196 0)
(2.0569829 -0.070585159 0)
(2.1265601 -0.11148214 0)
(2.1935761 -0.15002966 0)
(2.2575894 -0.1861042 0)
(2.3182611 -0.21966663 0)
(2.3753456 -0.25074349 0)
(2.4286798 -0.27941052 0)
(2.4781713 -0.30577862 0)
(2.5237878 -0.32998224 0)
(2.5655457 -0.35217007 0)
(2.6035014 -0.37249756 0)
(2.6377421 -0.3911211 0)
(2.6683789 -0.40819376 0)
(2.6955394 -0.42386227 0)
(2.7193631 -0.43826514 0)
(2.7399968 -0.4515313 0)
(2.7575913 -0.46377963 0)
(2.7722984 -0.47511776 0)
(2.7842687 -0.48564421 0)
(2.793649 -0.49544491 0)
(2.8005829 -0.50459952 0)
(2.8052067 -0.51317379 0)
(2.8076547 -0.52123243 0)
(2.8080492 -0.52882214 0)
(2.8065112 -0.53599315 0)
(2.8031605 -0.54279176 0)
(2.7980968 -0.54923146 0)
(2.7914278 -0.55535695 0)
(2.7832381 -0.56118774 0)
(2.7736107 -0.56673001 0)
(2.7626455 -0.57201321 0)
(2.7504145 -0.57704212 0)
(2.736989 -0.58182724 0)
(1.1167181 0.049650031 0)
(1.1460013 0.14015322 0)
(1.1718782 0.21744868 0)
(1.196561 0.27972797 0)
(1.2224624 0.3261183 0)
(1.2515487 0.35653486 0)
(1.285424 0.37157065 0)
(1.3252557 0.37236495 0)
(1.3717225 0.36046092 0)
(1.4250198 0.33766461 0)
(1.4849069 0.3059134 0)
(1.5507811 0.26716036 0)
(1.6217656 0.22327952 0)
(1.696802 0.17599434 0)
(1.7747368 0.12682964 0)
(1.8543968 0.077085158 0)
(1.9346501 0.027827477 0)
(2.0144502 -0.020103417 0)
(2.0928655 -0.066076959 0)
(2.1690956 -0.10964852 0)
(2.2424782 -0.1505331 0)
(2.3124863 -0.18857796 0)
(2.3787202 -0.2237362 0)
(2.4408954 -0.25604267 0)
(2.4988283 -0.28559278 0)
(2.5524217 -0.3125245 0)
(2.6016503 -0.33700362 0)
(2.6465473 -0.35921207 0)
(2.6871918 -0.37933878 0)
(2.723699 -0.39757285 0)
(2.7562106 -0.414098 0)
(2.7848865 -0.42908924 0)
(2.8098988 -0.44271024 0)
(2.8314257 -0.45511307 0)
(2.8496488 -0.46643624 0)
(2.8647494 -0.47680595 0)
(2.8769045 -0.48633394 0)
(2.8862878 -0.49512293 0)
(2.8930644 -0.50325804 0)
(2.8973948 -0.51082142 0)
(2.8994272 -0.51787645 0)
(2.8993083 -0.52448664 0)
(2.8971705 -0.53070399 0)
(2.8931321 -0.53656201 0)
(2.8873338 -0.54211454 0)
(2.879881 -0.54737547 0)
(2.8708654 -0.55237001 0)
(2.860392 -0.55713281 0)
(2.8485457 -0.56166425 0)
(2.8354157 -0.56598193 0)
(2.8210821 -0.57009886 0)
(2.8056154 -0.57401782 0)
(1.1181264 0.053166234 0)
(1.1498932 0.14939339 0)
(1.1781621 0.23053618 0)
(1.2055738 0.29461547 0)
(1.2349155 0.34076763 0)
(1.2684128 0.36907118 0)
(1.3078139 0.38040488 0)
(1.3543044 0.37627416 0)
(1.4084634 0.35862539 0)
(1.470292 0.32966612 0)
(1.5392907 0.29170247 0)
(1.6145654 0.24700171 0)
(1.6949458 0.19768518 0)
(1.779101 0.14565287 0)
(1.8656433 0.092538432 0)
(1.9532131 0.03969036 0)
(2.0405431 -0.011825434 0)
(2.1265006 -0.06120734 0)
(2.2101118 -0.10788972 0)
(2.2905731 -0.15150997 0)
(2.367249 -0.19187345 0)
(2.4396623 -0.22891944 0)
(2.5074786 -0.26268994 0)
(2.5704881 -0.29330237 0)
(2.6285869 -0.3209265 0)
(2.6817586 -0.34576535 0)
(2.7300564 -0.3680404 0)
(2.7735879 -0.38798023 0)
(2.8125017 -0.40581222 0)
(2.8469765 -0.42175663 0)
(2.8772111 -0.43602143 0)
(2.9034166 -0.44880023 0)
(2.9258089 -0.4602705 0)
(2.9446059 -0.47059467 0)
(2.9600225 -0.47991755 0)
(2.9722689 -0.48837039 0)
(2.9815454 -0.49606534 0)
(2.9880475 -0.50310839 0)
(2.9919563 -0.50958132 0)
(2.9934462 -0.51556436 0)
(2.9926775 -0.52112578 0)
(2.9898 -0.52631468 0)
(2.9849639 -0.53119121 0)
(2.9782893 -0.53577831 0)
(2.9699129 -0.54011454 0)
(2.9599558 -0.5442359 0)
(2.9485055 -0.54815284 0)
(2.9356652 -0.55188871 0)
(2.9215268 -0.55545515 0)
(2.9061754 -0.55885898 0)
(2.8896907 -0.56211021 0)
(2.8721437 -0.56521046 0)
(1.119664 0.056934452 0)
(1.1541588 0.15918514 0)
(1.1851112 0.24418192 0)
(1.2156724 0.30976645 0)
(1.2490577 0.35511908 0)
(1.2877712 0.38054919 0)
(1.3336899 0.38730834 0)
(1.3879717 0.37736 0)
(1.4510287 0.35313812 0)
(1.5225904 0.31731952 0)
(1.6018232 0.27262519 0)
(1.6874775 0.22165987 0)
(1.7780411 0.16679461 0)
(1.871882 0.11009176 0)
(1.9673679 0.053267823 0)
(2.0629582 -0.0023123949 0)
(2.157267 -0.055618205 0)
(2.2491004 -0.10591975 0)
(2.3374732 -0.15274698 0)
(2.4216104 -0.19584495 0)
(2.5009344 -0.23512976 0)
(2.5750462 -0.27064795 0)
(2.6437016 -0.30254096 0)
(2.7067871 -0.33101536 0)
(2.7642961 -0.35631859 0)
(2.8163067 -0.37871941 0)
(2.8629612 -0.39849383 0)
(2.9044494 -0.41591458 0)
(2.9409943 -0.43124411 0)
(2.972841 -0.44473024 0)
(3.0002476 -0.45660095 0)
(3.0234756 -0.46706478 0)
(3.0427852 -0.47630861 0)
(3.0584323 -0.48450215 0)
(3.0706624 -0.49179272 0)
(3.0797133 -0.49831381 0)
(3.085805 -0.50417558 0)
(3.0891526 -0.5094832 0)
(3.0899529 -0.51432017 0)
(3.0883849 -0.51875191 0)
(3.0846257 -0.52285438 0)
(3.0788291 -0.52666618 0)
(3.071149 -0.53023811 0)
(3.0617173 -0.53360204 0)
(3.0506608 -0.53677936 0)
(3.0381033 -0.53980733 0)
(3.0241404 -0.54269877 0)
(3.0088708 -0.54546485 0)
(2.9923864 -0.54811707 0)
(2.974771 -0.55065965 0)
(2.9561022 -0.5530971 0)
(2.9364501 -0.55542932 0)
(1.1213445 0.060974533 0)
(1.1588415 0.16955207 0)
(1.1928172 0.25836209 0)
(1.2270317 0.32506331 0)
(1.2651868 0.36893009 0)
(1.3100787 0.39059186 0)
(1.3636838 0.39178263 0)
(1.427066 0.37503509 0)
(1.5003821 0.34336775 0)
(1.5829951 0.29999933 0)
(1.6736501 0.24810915 0)
(1.7706725 0.19065442 0)
(1.872163 0.13024681 0)
(1.9761665 0.069084087 0)
(2.0808059 0.0089280426 0)
(2.184376 -0.04888226 0)
(2.2854003 -0.10339273 0)
(2.3826594 -0.15398374 0)
(2.4751961 -0.20031327 0)
(2.5623015 -0.24225988 0)
(2.6434909 -0.27986962 0)
(2.7184745 -0.31330943 0)
(2.7871245 -0.34282821 0)
(2.8494449 -0.36872554 0)
(2.905543 -0.39132734 0)
(2.955604 -0.41096644 0)
(2.9998682 -0.42797012 0)
(3.0386134 -0.44265091 0)
(3.0721397 -0.4553015 0)
(3.1007607 -0.46619259 0)
(3.1247923 -0.47556717 0)
(3.1445476 -0.48364422 0)
(3.1603281 -0.49061505 0)
(3.1724241 -0.49665362 0)
(3.1811097 -0.50190625 0)
(3.1866468 -0.50650289 0)
(3.189273 -0.51055631 0)
(3.1892149 -0.51416014 0)
(3.1866896 -0.51739969 0)
(3.1818789 -0.52032771 0)
(3.1749637 -0.52301434 0)
(3.1661091 -0.5255034 0)
(3.1554662 -0.52782831 0)
(3.143172 -0.53002326 0)
(3.1293507 -0.53210594 0)
(3.1141229 -0.53410183 0)
(3.0975887 -0.53602392 0)
(3.0798436 -0.53787914 0)
(3.0609768 -0.53967448 0)
(3.0410702 -0.54141189 0)
(3.0201987 -0.54309099 0)
(2.99843 -0.54470904 0)
(1.1231831 0.065308599 0)
(1.1639914 0.18051659 0)
(1.2013891 0.27303751 0)
(1.239863 0.34035153 0)
(1.2836639 0.38189795 0)
(1.335884 0.39874332 0)
(1.3985489 0.39324156 0)
(1.4725368 0.36862751 0)
(1.5576351 0.32861379 0)
(1.6527266 0.27703568 0)
(1.756037 0.21756765 0)
(1.8653963 0.15352164 0)
(1.978478 0.087725305 0)
(2.0929935 0.022469701 0)
(2.2068342 -0.040488818 0)
(2.3181599 -0.099888347 0)
(2.4254455 -0.15489996 0)
(2.5274936 -0.20505577 0)
(2.6234208 -0.25017495 0)
(2.712628 -0.29029407 0)
(2.794762 -0.32560594 0)
(2.8696742 -0.356408 0)
(2.9373796 -0.38306123 0)
(2.9980197 -0.40595893 0)
(3.0518308 -0.42550345 0)
(3.0991154 -0.44208742 0)
(3.1402188 -0.45608405 0)
(3.1755099 -0.4678396 0)
(3.2053672 -0.47767049 0)
(3.2301711 -0.48586537 0)
(3.2502957 -0.49267598 0)
(3.2661024 -0.49832636 0)
(3.2779292 -0.50300851 0)
(3.2860977 -0.50689512 0)
(3.2909087 -0.51013244 0)
(3.2926395 -0.51283556 0)
(3.2915455 -0.51512085 0)
(3.2878648 -0.51707353 0)
(3.2818249 -0.51876638 0)
(3.2736113 -0.52025136 0)
(3.2634024 -0.52158657 0)
(3.2513716 -0.52281561 0)
(3.2376704 -0.5239628 0)
(3.2224333 -0.52505573 0)
(3.2057825 -0.5261092 0)
(3.1878349 -0.52713938 0)
(3.1686899 -0.52815598 0)
(3.1484401 -0.52916284 0)
(3.1271707 -0.53016258 0)
(3.1049609 -0.53115432 0)
(3.0818821 -0.53213291 0)
(3.0579986 -0.53309293 0)
(1.1251975 0.069961409 0)
(1.1696671 0.19209897 0)
(1.2109582 0.28814892 0)
(1.2544247 0.35543051 0)
(1.30493 0.39364712 0)
(1.3658512 0.4044553 0)
(1.4391844 0.39099988 0)
(1.5254973 0.35737499 0)
(1.6240656 0.30810776 0)
(1.7331573 0.24772272 0)
(1.8503732 0.18041399 0)
(1.9729801 0.10983232 0)
(2.0981955 0.038977115 0)
(2.2234026 -0.029827122 0)
(2.3462908 -0.094893477 0)
(2.4649327 -0.15509886 0)
(2.5778112 -0.20979316 0)
(2.6838081 -0.25870322 0)
(2.7821682 -0.30184128 0)
(2.8724499 -0.33942374 0)
(2.954472 -0.37180322 0)
(3.0282601 -0.39941363 0)
(3.0939966 -0.42272869 0)
(3.1519785 -0.44223239 0)
(3.2025834 -0.45839854 0)
(3.2462392 -0.47167251 0)
(3.2833995 -0.48246622 0)
(3.3145262 -0.49115179 0)
(3.3400727 -0.49806205 0)
(3.3604856 -0.5034973 0)
(3.376194 -0.50771248 0)
(3.3876017 -0.51092874 0)
(3.3950796 -0.51333808 0)
(3.3989728 -0.51510602 0)
(3.3996099 -0.51637048 0)
(3.397279 -0.51723297 0)
(3.3922408 -0.51780729 0)
(3.384748 -0.51817756 0)
(3.3750348 -0.51839612 0)
(3.363284 -0.51851006 0)
(3.3496711 -0.51857163 0)
(3.3343736 -0.51861489 0)
(3.3175407 -0.5186587 0)
(3.2993031 -0.51872356 0)
(3.2797799 -0.51881921 0)
(3.2590818 -0.51895419 0)
(3.2373052 -0.51913398 0)
(3.2145384 -0.51935855 0)
(3.1908619 -0.51962655 0)
(3.1663512 -0.5199344 0)
(3.1410736 -0.52027186 0)
(3.1150893 -0.52063147 0)
(1.1274075 0.074960675 0)
(1.1759381 0.20431592 0)
(1.2216846 0.30361076 0)
(1.2710353 0.37004185 0)
(1.3295276 0.40371375 0)
(1.4007872 0.40707152 0)
(1.4866647 0.38426171 0)
(1.587252 0.34042039 0)
(1.7011376 0.28101741 0)
(1.8258222 0.21133083 0)
(1.9581721 0.13607943 0)
(2.094832 0.05921258 0)
(2.2325523 -0.016166463 0)
(2.3684129 -0.087778811 0)
(2.4999531 -0.15408534 0)
(2.6252258 -0.21417189 0)
(2.7427925 -0.26762364 0)
(2.8516821 -0.31440435 0)
(2.9513279 -0.35474816 0)
(3.0414976 -0.38906844 0)
(3.1222227 -0.41788573 0)
(3.1937345 -0.44177144 0)
(3.2564052 -0.46130798 0)
(3.3107019 -0.47706299 0)
(3.3571524 -0.48957387 0)
(3.3963145 -0.49932895 0)
(3.4287512 -0.50676955 0)
(3.4550144 -0.51228521 0)
(3.475629 -0.5162172 0)
(3.4911032 -0.51886822 0)
(3.5019166 -0.52049479 0)
(3.5085073 -0.52130458 0)
(3.511273 -0.52148109 0)
(3.5105828 -0.52118959 0)
(3.5067847 -0.52054588 0)
(3.5001686 -0.51964069 0)
(3.4909941 -0.51858519 0)
(3.4795308 -0.5174558 0)
(3.4660173 -0.51628736 0)
(3.4506247 -0.51511324 0)
(3.4335236 -0.51398619 0)
(3.4148945 -0.51292763 0)
(3.3948812 -0.51194933 0)
(3.373608 -0.51106446 0)
(3.3511894 -0.51027879 0)
(3.3277289 -0.5095928 0)
(3.3033175 -0.50900754 0)
(3.2780379 -0.50851839 0)
(3.2519643 -0.5081202 0)
(3.2251688 -0.50780688 0)
(3.1977131 -0.50756326 0)
(3.1696538 -0.50738071 0)
(1.1298367 0.080337224 0)
(1.1828879 0.21717836 0)
(1.2337666 0.31930268 0)
(1.2900924 0.38385453 0)
(1.3581275 0.41152712 0)
(1.4416754 0.40581006 0)
(1.5422744 0.37210889 0)
(1.6593265 0.31680956 0)
(1.7905228 0.2464548 0)
(1.9324282 0.16712331 0)
(2.0810684 0.084035338 0)
(2.2324245 0.0013678069 0)
(2.3827918 -0.077767297 0)
(2.5289991 -0.15123623 0)
(2.668514 -0.2177399 0)
(2.7994562 -0.27664846 0)
(2.9205515 -0.32783908 0)
(3.0310527 -0.37155128 0)
(3.1306479 -0.40826439 0)
(3.2193658 -0.43859969 0)
(3.297491 -0.46324751 0)
(3.3654885 -0.48291211 0)
(3.4239396 -0.49827545 0)
(3.4734907 -0.50997766 0)
(3.5148252 -0.51860918 0)
(3.5486314 -0.52468879 0)
(3.575578 -0.52867606 0)
(3.5963015 -0.53096899 0)
(3.6113952 -0.53191199 0)
(3.6214164 -0.53179592 0)
(3.6268916 -0.53087214 0)
(3.6282918 -0.52933472 0)
(3.6260241 -0.52734515 0)
(3.620477 -0.52507665 0)
(3.6120201 -0.52261803 0)
(3.6009316 -0.52003771 0)
(3.5874645 -0.51744864 0)
(3.5719054 -0.51491311 0)
(3.5544961 -0.51245434 0)
(3.5353867 -0.51008911 0)
(3.5147397 -0.50786626 0)
(3.4927397 -0.50579515 0)
(3.4695211 -0.50388061 0)
(3.4451986 -0.5021289 0)
(3.4198811 -0.50054213 0)
(3.3936643 -0.49911175 0)
(3.3666313 -0.49783514 0)
(3.3388585 -0.4967026 0)
(3.3104121 -0.49570527 0)
(3.2813606 -0.49483261 0)
(3.2517586 -0.49406791 0)
(3.2216607 -0.49339951 0)
(1.1325123 0.086124842 0)
(1.1906193 0.230688 0)
(1.2474533 0.33505826 0)
(1.3120966 0.39644614 0)
(1.391565 0.41638729 0)
(1.489718 0.39974391 0)
(1.6075496 0.35349021 0)
(1.7435011 0.28549258 0)
(1.8941206 0.20348938 0)
(2.05486 0.11437838 0)
(2.220811 0.02381976 0)
(2.3872757 -0.06389076 0)
(2.550139 -0.14575708 0)
(2.7060651 -0.21991186 0)
(2.8525549 -0.28539822 0)
(2.9879028 -0.34194843 0)
(3.1110979 -0.38978504 0)
(3.2217021 -0.42945577 0)
(3.3197257 -0.46170067 0)
(3.4055104 -0.48735172 0)
(3.4796297 -0.50726381 0)
(3.5428069 -0.5222632 0)
(3.5958452 -0.53311714 0)
(3.6395747 -0.54052302 0)
(3.6748347 -0.54511086 0)
(3.7024406 -0.5474165 0)
(3.7231575 -0.54790374 0)
(3.7377 -0.54697117 0)
(3.7467218 -0.544957 0)
(3.7508234 -0.54212882 0)
(3.7505641 -0.53872719 0)
(3.7464422 -0.53493313 0)
(3.7388617 -0.53087547 0)
(3.7282248 -0.52673308 0)
(3.7149269 -0.52257101 0)
(3.6992193 -0.51842821 0)
(3.6813406 -0.51441703 0)
(3.6615938 -0.51057505 0)
(3.6402206 -0.50692527 0)
(3.6173482 -0.50348395 0)
(3.5931269 -0.50026367 0)
(3.5677419 -0.49727214 0)
(3.5413149 -0.49451046 0)
(3.5139496 -0.4919776 0)
(3.4857486 -0.48967238 0)
(3.4567984 -0.48757546 0)
(3.4271723 -0.48568212 0)
(3.3969397 -0.48397743 0)
(3.3661589 -0.4824502 0)
(3.3348919 -0.48107832 0)
(3.3031862 -0.47985109 0)
(3.2710948 -0.47874687 0)
(1.1354674 0.092359553 0)
(1.1992613 0.24483237 0)
(1.2630624 0.35064975 0)
(1.3376846 0.40727911 0)
(1.4308861 0.41743856 0)
(1.5463885 0.38777982 0)
(1.6843271 0.32721247 0)
(1.8418481 0.24532972 0)
(2.0140792 0.15116731 0)
(2.1951834 0.052417141 0)
(2.3792505 -0.044931934 0)
(2.5609259 -0.13661676 0)
(2.7357721 -0.21991472 0)
(2.9004132 -0.29336419 0)
(3.0525176 -0.35645916 0)
(3.1906826 -0.40936975 0)
(3.3142715 -0.45270991 0)
(3.4232446 -0.48735833 0)
(3.5180027 -0.51432113 0)
(3.5992474 -0.53463415 0)
(3.6678715 -0.54930379 0)
(3.7248742 -0.55926103 0)
(3.7712877 -0.56533929 0)
(3.8081233 -0.56827525 0)
(3.83637 -0.5687199 0)
(3.8569625 -0.56721419 0)
(3.8707523 -0.56421248 0)
(3.8785191 -0.56009735 0)
(3.8809697 -0.55519878 0)
(3.878734 -0.54975405 0)
(3.8723902 -0.54398129 0)
(3.8624644 -0.5380495 0)
(3.8493425 -0.53205171 0)
(3.8334266 -0.526154 0)
(3.8151434 -0.5204076 0)
(3.7947078 -0.51483649 0)
(3.7723408 -0.50952771 0)
(3.7483534 -0.50449453 0)
(3.7229688 -0.49976206 0)
(3.6963119 -0.49535142 0)
(3.6685212 -0.49123663 0)
(3.6397604 -0.48742274 0)
(3.6101428 -0.48390678 0)
(3.5797596 -0.48068023 0)
(3.5487079 -0.47773967 0)
(3.5170633 -0.47505443 0)
(3.4848865 -0.47261858 0)
(3.4522395 -0.47041127 0)
(3.4191755 -0.46842086 0)
(1.1387422 0.099077888 0)
(1.2089795 0.25957758 0)
(1.2810058 0.36576779 0)
(1.3676748 0.4156709 0)
(1.4774072 0.41363826 0)
(1.613496 0.36863617 0)
(1.7748019 0.29193476 0)
(1.9567726 0.19510378 0)
(2.1528154 0.088538065 0)
(2.3556443 -0.01936217 0)
(2.5583202 -0.12245116 0)
(2.7549081 -0.21669867 0)
(2.9407886 -0.29984414 0)
(3.1127104 -0.37098473 0)
(3.2686741 -0.43017515 0)
(3.4077263 -0.47809165 0)
(3.5297245 -0.51577354 0)
(3.6351177 -0.54444031 0)
(3.7247607 -0.56535726 0)
(3.7997549 -0.5797464 0)
(3.8613346 -0.58874417 0)
(3.9107841 -0.593363 0)
(3.9493633 -0.5944787 0)
(3.9782567 -0.59284828 0)
(3.9985886 -0.58912131 0)
(4.0114006 -0.58382365 0)
(4.0176232 -0.57740002 0)
(4.0180763 -0.57019881 0)
(4.0135086 -0.56252859 0)
(4.0045756 -0.5546026 0)
(3.9918553 -0.54659339 0)
(3.9758907 -0.53865816 0)
(3.9570498 -0.53087565 0)
(3.9357194 -0.52336666 0)
(3.912342 -0.51616898 0)
(3.8871036 -0.50930673 0)
(3.8602095 -0.50282992 0)
(3.8319613 -0.49673579 0)
(3.8025572 -0.49104159 0)
(3.7721221 -0.48575954 0)
(3.740783 -0.48085521 0)
(3.7086779 -0.47632118 0)
(3.6759084 -0.47214655 0)
(3.6425512 -0.46831524 0)
(3.6086978 -0.46481923 0)
(3.5744121 -0.46162366 0)
(3.5397406 -0.4587181 0)
(3.5047368 -0.45607566 0)
(3.4694496 -0.4536849 0)
(1.1423876 0.10631355 0)
(1.219992 0.27485785 0)
(1.3018244 0.37999423 0)
(1.403127 0.42075649 0)
(1.532793 0.40372029 0)
(1.6932664 0.34082071 0)
(1.8815949 0.24616773 0)
(2.0910578 0.13354051 0)
(2.3130327 0.014689797 0)
(2.5386611 -0.10144252 0)
(2.7600106 -0.20879716 0)
(2.970713 -0.3038291 0)
(3.1661657 -0.38495406 0)
(3.3434508 -0.45198868 0)
(3.5010946 -0.50565238 0)
(3.6387554 -0.54718217 0)
(3.7569075 -0.5780597 0)
(3.8565749 -0.59983905 0)
(3.9391219 -0.61402401 0)
(4.0060792 -0.62199351 0)
(4.0590326 -0.62498365 0)
(4.0995513 -0.62406057 0)
(4.129112 -0.62011517 0)
(4.1490571 -0.61389816 0)
(4.160631 -0.60604142 0)
(4.1649597 -0.59703893 0)
(4.1630317 -0.58731123 0)
(4.1557005 -0.57717219 0)
(4.1437334 -0.56688054 0)
(4.1278041 -0.556631 0)
(4.1084788 -0.54655757 0)
(4.08629 -0.53678613 0)
(4.0615946 -0.52738185 0)
(4.0347643 -0.51841212 0)
(4.0062328 -0.50991034 0)
(3.9761564 -0.50190784 0)
(3.9447265 -0.49439539 0)
(3.9122268 -0.48736962 0)
(3.8788278 -0.48083654 0)
(3.8446484 -0.47479333 0)
(3.8098021 -0.46920467 0)
(3.7744033 -0.46405132 0)
(3.7385392 -0.45931385 0)
(3.7022704 -0.45496904 0)
(3.6656791 -0.45099247 0)
(3.6288174 -0.44736203 0)
(3.5917191 -0.44405672 0)
(3.5544267 -0.44104623 0)
(3.5169851 -0.43831539 0)
(1.1464692 0.11409156 0)
(1.2325922 0.2905609 0)
(1.3262381 0.39276599 0)
(1.4454254 0.42144144 0)
(1.5991576 0.38615311 0)
(1.7884417 0.3026094 0)
(2.0078333 0.18828022 0)
(2.2479141 0.059339738 0)
(2.497737 -0.071205271 0)
(2.7468112 -0.19413902 0)
(2.9863372 -0.30381546 0)
(3.2097456 -0.39747442 0)
(3.412715 -0.4744408 0)
(3.5929153 -0.53540997 0)
(3.7496169 -0.58185587 0)
(3.8832605 -0.61561033 0)
(3.9950578 -0.63859238 0)
(4.0866833 -0.65266575 0)
(4.1600532 -0.65953731 0)
(4.2171427 -0.66070274 0)
(4.2598856 -0.65745716 0)
(4.2901238 -0.65089078 0)
(4.3095339 -0.64187653 0)
(4.3195891 -0.63113315 0)
(4.3216293 -0.61925957 0)
(4.316846 -0.60670511 0)
(4.3062599 -0.59384171 0)
(4.2907476 -0.58094586 0)
(4.2710744 -0.56823105 0)
(4.2479075 -0.55585362 0)
(4.221799 -0.54389688 0)
(4.1932651 -0.53247535 0)
(4.1626422 -0.52163034 0)
(4.1302712 -0.51136223 0)
(4.0965534 -0.50171279 0)
(4.0616413 -0.49271678 0)
(4.0257085 -0.48430761 0)
(3.9889951 -0.47648143 0)
(3.9516516 -0.46923249 0)
(3.9137857 -0.46254328 0)
(3.8754949 -0.45637604 0)
(3.8368708 -0.45070213 0)
(3.7979843 -0.44549439 0)
(3.7588847 -0.44072329 0)
(3.7196347 -0.43634893 0)
(3.6802715 -0.43235889 0)
(3.6408235 -0.42871789 0)
(3.6013203 -0.42539984 0)
(3.5618001 -0.42238097 0)
(1.1510746 0.12241856 0)
(1.2471828 0.30650723 0)
(1.3552159 0.40332669 0)
(1.4963897 0.41634301 0)
(1.6791953 0.35909199 0)
(1.9024048 0.25202898 0)
(2.1572463 0.11651745 0)
(2.4310352 -0.028778886 0)
(2.7102506 -0.1698307 0)
(2.9828125 -0.29754169 0)
(3.2392987 -0.40709167 0)
(3.4732727 -0.49684532 0)
(3.6810315 -0.56727537 0)
(3.8611287 -0.62010214 0)
(4.0138142 -0.65762029 0)
(4.1404827 -0.68226331 0)
(4.2431921 -0.6963559 0)
(4.3243247 -0.70202592 0)
(4.3863734 -0.70113281 0)
(4.4317572 -0.69523881 0)
(4.462736 -0.685649 0)
(4.4814021 -0.67344162 0)
(4.4896035 -0.65945102 0)
(4.4889068 -0.64432635 0)
(4.4807248 -0.6286124 0)
(4.4662874 -0.61270443 0)
(4.4466232 -0.59693447 0)
(4.422603 -0.58151764 0)
(4.3949804 -0.56659157 0)
(4.3644183 -0.55230365 0)
(4.3314189 -0.53867766 0)
(4.296459 -0.52579268 0)
(4.2598791 -0.51368926 0)
(4.2219766 -0.5023086 0)
(4.1830921 -0.49168083 0)
(4.1433823 -0.48182465 0)
(4.1030014 -0.47266095 0)
(4.0621406 -0.46416834 0)
(4.020928 -0.45632645 0)
(3.9794561 -0.44910583 0)
(3.9378034 -0.44246462 0)
(3.8960399 -0.43636639 0)
(3.8542188 -0.4307767 0)
(3.8123772 -0.42566006 0)
(3.7705574 -0.42097302 0)
(3.7287839 -0.41669656 0)
(3.6870758 -0.41278705 0)
(3.6454476 -0.40922174 0)
(3.603926 -0.40596453 0)
(1.1563227 0.13126749 0)
(1.264326 0.32242141 0)
(1.3900747 0.41066228 0)
(1.5584271 0.40371658 0)
(1.7763524 0.32032589 0)
(2.039337 0.18684711 0)
(2.3342836 0.029036443 0)
(2.6446626 -0.13200936 0)
(2.9542251 -0.28164965 0)
(3.2494954 -0.41144618 0)
(3.5208232 -0.51790068 0)
(3.7623602 -0.60086842 0)
(3.9714355 -0.66219554 0)
(4.1478147 -0.70474565 0)
(4.2929663 -0.7316671 0)
(4.4093989 -0.74596855 0)
(4.5001032 -0.75031855 0)
(4.5682027 -0.74704226 0)
(4.6167667 -0.73808683 0)
(4.6486385 -0.725017 0)
(4.6663689 -0.70910429 0)
(4.6722527 -0.69136878 0)
(4.6682798 -0.672587 0)
(4.6560779 -0.65330246 0)
(4.6370903 -0.63398869 0)
(4.6125396 -0.61500527 0)
(4.5834504 -0.59658323 0)
(4.5506979 -0.57890583 0)
(4.5149722 -0.56202188 0)
(4.4769005 -0.54604153 0)
(4.4369627 -0.53098146 0)
(4.3955706 -0.5168417 0)
(4.3530475 -0.50365575 0)
(4.3096547 -0.49134667 0)
(4.2656678 -0.47991232 0)
(4.2212345 -0.46934472 0)
(4.1764863 -0.45956642 0)
(4.1315694 -0.45053769 0)
(4.0865858 -0.44222312 0)
(4.0416079 -0.43458266 0)
(3.996694 -0.42756935 0)
(3.9518923 -0.42114003 0)
(3.9072379 -0.41525386 0)
(3.8627533 -0.40987024 0)
(3.8184622 -0.40494461 0)
(3.7743761 -0.40044896 0)
(3.7305027 -0.39633962 0)
(3.6868458 -0.39258987 0)
(3.6434129 -0.38915631 0)
(1.162379 0.1405542 0)
(1.2848185 0.33789167 0)
(1.4326195 0.4134145 0)
(1.6347386 0.38136356 0)
(1.8950529 0.26722054 0)
(2.2044219 0.10457304 0)
(2.5442652 -0.076054663 0)
(2.893666 -0.25140214 0)
(3.2336557 -0.40684583 0)
(3.5497649 -0.53530109 0)
(3.8327003 -0.63516726 0)
(4.0777968 -0.70816416 0)
(4.283907 -0.75770486 0)
(4.4523494 -0.78786324 0)
(4.5860327 -0.80262848 0)
(4.6887115 -0.80552085 0)
(4.764364 -0.79945872 0)
(4.8168534 -0.78687765 0)
(4.8498012 -0.7697321 0)
(4.8664295 -0.74952629 0)
(4.8695239 -0.72744728 0)
(4.8615305 -0.70440133 0)
(4.8445367 -0.68107853 0)
(4.8201936 -0.65795337 0)
(4.7899054 -0.63535784 0)
(4.7548975 -0.61361199 0)
(4.7161516 -0.5928412 0)
(4.6745011 -0.57316319 0)
(4.6305935 -0.55460319 0)
(4.5849839 -0.53717722 0)
(4.5381122 -0.52090125 0)
(4.4903328 -0.50572745 0)
(4.4419295 -0.49165296 0)
(4.3931251 -0.47859534 0)
(4.3441349 -0.46652108 0)
(4.2950844 -0.45539564 0)
(4.2460772 -0.44514102 0)
(4.1972184 -0.43570268 0)
(4.148581 -0.42703183 0)
(4.1002148 -0.41907888 0)
(4.0521556 -0.41179141 0)
(4.0044302 -0.40512044 0)
(3.9570549 -0.39901972 0)
(3.9100363 -0.39344444 0)
(3.8633806 -0.38834857 0)
(3.8170855 -0.38369736 0)
(3.7711468 -0.37944798 0)
(3.7255576 -0.37556969 0)
(3.6803122 -0.3720208 0)
(1.1694764 0.15010245 0)
(1.309802 0.35231311 0)
(1.4853441 0.40976443 0)
(1.7296049 0.34651685 0)
(2.0410002 0.19665744 0)
(2.4041066 0.0024495299 0)
(2.7935382 -0.20063141 0)
(3.1835664 -0.38774557 0)
(3.5527964 -0.54519725 0)
(3.8864628 -0.66811451 0)
(4.1764438 -0.75742274 0)
(4.4199925 -0.81704603 0)
(4.6180138 -0.85208725 0)
(4.7737149 -0.86784464 0)
(4.8916315 -0.86907842 0)
(4.9768469 -0.85971305 0)
(5.034337 -0.84279193 0)
(5.0686659 -0.82075545 0)
(5.0839477 -0.79548385 0)
(5.0837138 -0.76834243 0)
(5.0709252 -0.74036911 0)
(5.0481131 -0.71234158 0)
(5.0173673 -0.68483134 0)
(4.9803575 -0.658229 0)
(4.9384174 -0.63274652 0)
(4.8927047 -0.60857247 0)
(4.8441637 -0.58578483 0)
(4.793553 -0.56440223 0)
(4.7414513 -0.54443154 0)
(4.6883395 -0.52582695 0)
(4.634598 -0.50856739 0)
(4.5805231 -0.49257713 0)
(4.5263474 -0.47781355 0)
(4.4722485 -0.46418566 0)
(4.4183852 -0.451634 0)
(4.3648513 -0.44010135 0)
(4.3117182 -0.42950542 0)
(4.2590522 -0.41977971 0)
(4.2068959 -0.41086427 0)
(4.1552736 -0.40270115 0)
(4.1041983 -0.39523266 0)
(4.0536749 -0.38840485 0)
(4.0037004 -0.3821671 0)
(3.9542651 -0.37647111 0)
(3.905358 -0.37126927 0)
(3.8569632 -0.36652214 0)
(3.8090639 -0.36218717 0)
(3.761642 -0.35823052 0)
(3.7146808 -0.35461293 0)
(1.1779446 0.15959302 0)
(1.3409293 0.36480609 0)
(1.5517191 0.39727422 0)
(1.8487805 0.29569678 0)
(2.2215745 0.1049501 0)
(2.6463536 -0.12250224 0)
(3.0895002 -0.34641037 0)
(3.5204001 -0.54139266 0)
(3.9159557 -0.69592137 0)
(4.262164 -0.80834174 0)
(4.5531246 -0.88274022 0)
(4.7888522 -0.9255052 0)
(4.9728353 -0.94343519 0)
(5.1104586 -0.94298445 0)
(5.2080265 -0.92957021 0)
(5.2719621 -0.90736887 0)
(5.308195 -0.87940122 0)
(5.3219015 -0.84799323 0)
(5.3176028 -0.81485272 0)
(5.2990577 -0.78111206 0)
(5.2693066 -0.74764602 0)
(5.2308737 -0.71508371 0)
(5.1858168 -0.68383664 0)
(5.1357407 -0.65417675 0)
(5.0819037 -0.62621384 0)
(5.0253719 -0.59998785 0)
(4.9669971 -0.57550954 0)
(4.9074426 -0.55274467 0)
(4.8472069 -0.53164837 0)
(4.7866892 -0.51213123 0)
(4.7261981 -0.4941269 0)
(4.6659651 -0.47753521 0)
(4.6061648 -0.46227942 0)
(4.5469236 -0.44825638 0)
(4.4883456 -0.43538533 0)
(4.4304865 -0.42359034 0)
(4.3733825 -0.41278293 0)
(4.3170619 -0.4028868 0)
(4.2615362 -0.39383285 0)
(4.2068031 -0.38555614 0)
(4.1528516 -0.37799427 0)
(4.0996648 -0.37108921 0)
(4.0472204 -0.36478686 0)
(3.995492 -0.35903631 0)
(3.9444522 -0.35378838 0)
(3.8940713 -0.3490006 0)
(3.8443195 -0.34463032 0)
(3.7951678 -0.34064152 0)
(3.7465891 -0.33699614 0)
(1.188251 0.16849037 0)
(1.3806151 0.37409599 0)
(1.6366148 0.37266889 0)
(2.0000432 0.2245183 0)
(2.4462591 -0.012194468 0)
(2.9407909 -0.27334478 0)
(3.4405518 -0.51473647 0)
(3.9105498 -0.71207045 0)
(4.3272793 -0.85755142 0)
(4.678962 -0.95382981 0)
(4.9631887 -1.0087274 0)
(5.1836437 -1.031221 0)
(5.3468885 -1.0296763 0)
(5.4606748 -1.0115296 0)
(5.5331278 -0.9826786 0)
(5.5719624 -0.94738018 0)
(5.5839405 -0.90847748 0)
(5.5747245 -0.86801989 0)
(5.5491338 -0.82743097 0)
(5.5110288 -0.78759012 0)
(5.4634096 -0.74917085 0)
(5.4087386 -0.71260538 0)
(5.3489624 -0.67814854 0)
(5.2855765 -0.6459063 0)
(5.2197384 -0.61586452 0)
(5.1523753 -0.58797244 0)
(5.0842168 -0.56216392 0)
(5.0158159 -0.53834604 0)
(4.9475769 -0.51641783 0)
(4.8798085 -0.49625156 0)
(4.8127384 -0.4777395 0)
(4.7465271 -0.46075744 0)
(4.6812859 -0.44520036 0)
(4.6170859 -0.43095174 0)
(4.5539763 -0.41791319 0)
(4.4919716 -0.40599364 0)
(4.43107 -0.395098 0)
(4.3712629 -0.38514196 0)
(4.3125297 -0.37604922 0)
(4.2548413 -0.36774918 0)
(4.1981622 -0.36017556 0)
(4.1424539 -0.35326713 0)
(4.0876749 -0.34696725 0)
(4.0337819 -0.34122309 0)
(3.9807319 -0.33598435 0)
(3.9284811 -0.33120659 0)
(3.8769875 -0.32684717 0)
(3.8262112 -0.32286862 0)
(3.7761145 -0.3192335 0)
(1.2010559 0.17593827 0)
(1.4324203 0.37833133 0)
(1.7469241 0.33153553 0)
(2.1938716 0.12748071 0)
(2.7270635 -0.15962361 0)
(3.2988531 -0.45300959 0)
(3.855991 -0.70632136 0)
(4.360497 -0.89865801 0)
(4.7904667 -1.0277976 0)
(5.1382233 -1.1017639 0)
(5.4062792 -1.1325394 0)
(5.6028935 -1.1316153 0)
(5.7380722 -1.1086243 0)
(5.8219883 -1.0717241 0)
(5.8645089 -1.0270568 0)
(5.8745226 -0.97875369 0)
(5.8594414 -0.92933209 0)
(5.8252523 -0.88036837 0)
(5.7769009 -0.83294495 0)
(5.7182001 -0.7876624 0)
(5.6520304 -0.74493069 0)
(5.5806847 -0.70498586 0)
(5.5059572 -0.66787336 0)
(5.4291863 -0.63352896 0)
(5.3513627 -0.60185126 0)
(5.2732563 -0.5727003 0)
(5.1954533 -0.54593075 0)
(5.1183806 -0.52138859 0)
(5.0423347 -0.49892087 0)
(4.9675252 -0.47836419 0)
(4.8940923 -0.45957521 0)
(4.8221204 -0.44240713 0)
(4.7516538 -0.42673161 0)
(4.6827051 -0.41241924 0)
(4.6152691 -0.39935735 0)
(4.5493162 -0.38744283 0)
(4.4848057 -0.37657451 0)
(4.4216923 -0.36666185 0)
(4.3599239 -0.357623 0)
(4.2994437 -0.34938312 0)
(4.2401925 -0.34187299 0)
(4.1821099 -0.33502912 0)
(4.1251357 -0.32879313 0)
(4.0692101 -0.32311108 0)
(4.0142748 -0.31793194 0)
(3.9602725 -0.31321032 0)
(3.907149 -0.30890372 0)
(3.8548538 -0.30497392 0)
(3.8033394 -0.30138402 0)
(1.2172867 0.18061235 0)
(1.5016526 0.3748046 0)
(1.8924423 0.26789789 0)
(2.4442882 -0.0022147125 0)
(3.0790092 -0.34260497 0)
(3.7338426 -0.66396343 0)
(4.3457702 -0.92089446 0)
(4.8764546 -1.0989391 0)
(5.3084186 -1.2034264 0)
(5.6403141 -1.2486473 0)
(5.8810613 -1.2509199 0)
(6.0442977 -1.2239199 0)
(6.1436447 -1.1780552 0)
(6.1915577 -1.1218775 0)
(6.1994432 -1.0614923 0)
(6.1771353 -1.0006458 0)
(6.1324874 -0.94138503 0)
(6.0715784 -0.88473375 0)
(5.99927 -0.83127319 0)
(5.9192053 -0.78132164 0)
(5.8340198 -0.73502498 0)
(5.7457783 -0.69235419 0)
(5.6560576 -0.65314425 0)
(5.5659619 -0.61722038 0)
(5.4762886 -0.58437502 0)
(5.3876282 -0.55438011 0)
(5.3004055 -0.52701686 0)
(5.214907 -0.50207391 0)
(5.1313099 -0.4793521 0)
(5.0497179 -0.45865568 0)
(4.9701788 -0.43981127 0)
(4.8926972 -0.42265214 0)
(4.817248 -0.40703109 0)
(4.7437835 -0.39280743 0)
(4.6722441 -0.37985724 0)
(4.6025553 -0.36806827 0)
(4.5346368 -0.35733437 0)
(4.4684073 -0.34756041 0)
(4.4037835 -0.33866067 0)
(4.3406815 -0.33055738 0)
(4.2790182 -0.3231794 0)
(4.2187124 -0.31646185 0)
(4.1596852 -0.31034547 0)
(4.1018609 -0.30477586 0)
(4.0451666 -0.2997019 0)
(3.9895317 -0.29507798 0)
(3.9348905 -0.29086204 0)
(3.8811824 -0.2870155 0)
(3.8283503 -0.28350248 0)
(1.2382418 0.18050774 0)
(1.5963182 0.35949046 0)
(2.0871314 0.173668 0)
(2.7699224 -0.17281242 0)
(3.5205934 -0.56650922 0)
(4.2608105 -0.90771311 0)
(4.9200597 -1.1567833 0)
(5.4638673 -1.3093593 0)
(5.8828199 -1.3801824 0)
(6.1843192 -1.3903312 0)
(6.3850698 -1.3602817 0)
(6.5046664 -1.3052674 0)
(6.5602288 -1.235798 0)
(6.5661111 -1.1604341 0)
(6.5349476 -1.0849128 0)
(6.4771949 -1.0123908 0)
(6.400818 -0.94429045 0)
(6.311788 -0.88095545 0)
(6.2146748 -0.82241082 0)
(6.1127433 -0.76869419 0)
(6.0083315 -0.71960796 0)
(5.9031981 -0.6748704 0)
(5.798599 -0.63417291 0)
(5.6953771 -0.59721099 0)
(5.5941074 -0.56367131 0)
(5.4951792 -0.53324485 0)
(5.3988405 -0.50564762 0)
(5.3052265 -0.4806177 0)
(5.2143867 -0.45791615 0)
(5.1263138 -0.43731916 0)
(5.0409599 -0.41862893 0)
(4.9582479 -0.40166214 0)
(4.8780817 -0.386257 0)
(4.8003529 -0.37226375 0)
(4.7249479 -0.35955019 0)
(4.6517471 -0.34799753 0)
(4.5806309 -0.33749612 0)
(4.5114828 -0.32794786 0)
(4.444189 -0.31926469 0)
(4.3786391 -0.31136719 0)
(4.3147269 -0.30418332 0)
(4.2523508 -0.29764767 0)
(4.1914142 -0.29170086 0)
(4.1318259 -0.28628868 0)
(4.073499 -0.28136056 0)
(4.0163503 -0.27687151 0)
(3.9603032 -0.27277994 0)
(3.9052872 -0.2690474 0)
(3.8512362 -0.26563949 0)
(1.265713 0.17264397 0)
(1.7285949 0.3262738 0)
(2.3509247 0.037948481 0)
(3.1953057 -0.39399618 0)
(4.0741077 -0.83622347 0)
(4.8961521 -1.1841336 0)
(5.5885687 -1.4104497 0)
(6.126772 -1.5248232 0)
(6.5136798 -1.5527769 0)
(6.7677744 -1.5221035 0)
(6.9145928 -1.4568287 0)
(6.9799104 -1.3728196 0)
(6.9838456 -1.2798318 0)
(6.9420218 -1.1860029 0)
(6.8678596 -1.0964503 0)
(6.7719858 -1.0135788 0)
(6.6621847 -0.93789706 0)
(6.5440588 -0.86901764 0)
(6.4216095 -0.80651127 0)
(6.2976267 -0.74996745 0)
(6.1740492 -0.69887515 0)
(6.0522118 -0.65278547 0)
(5.9330107 -0.61122793 0)
(5.8169964 -0.57376976 0)
(5.7044932 -0.5400026 0)
(5.5956718 -0.50954669 0)
(5.4905918 -0.4820624 0)
(5.3892297 -0.45724527 0)
(5.2915015 -0.43482366 0)
(5.1972861 -0.41455094 0)
(5.1064383 -0.39621043 0)
(5.0187983 -0.37960613 0)
(4.9341992 -0.36456565 0)
(4.8524721 -0.3509328 0)
(4.7734504 -0.3385699 0)
(4.6969703 -0.32735413 0)
(4.6228732 -0.31717392 0)
(4.5510088 -0.30792977 0)
(4.4812338 -0.29953273 0)
(4.4134122 -0.29190296 0)
(4.3474157 -0.28496846 0)
(4.2831232 -0.27866416 0)
(4.220421 -0.27293128 0)
(4.159203 -0.26771627 0)
(1.3021533 0.1525655 0)
(1.9172299 0.26562275 0)
(2.7123799 -0.15382443 0)
(3.7522925 -0.67655135 0)
(4.7656132 -1.1551896 0)
(5.6567829 -1.4906242 0)
(6.3595833 -1.6760328 0)
(6.8670403 -1.7385767 0)
(7.1988635 -1.7149675 0)
(7.3864435 -1.6388504 0)
(7.4646172 -1.5367326 0)
(7.4650703 -1.4239047 0)
(7.410002 -1.3083354 0)
(7.3154056 -1.1974521 0)
(7.1948677 -1.0955786 0)
(7.0587877 -1.0039973 0)
(6.9144337 -0.92218858 0)
(6.7666391 -0.84913106 0)
(6.6187068 -0.78380705 0)
(6.472818 -0.72537758 0)
(6.3303585 -0.6731251 0)
(6.1921951 -0.62641412 0)
(6.0588253 -0.58461924 0)
(5.9304773 -0.54719507 0)
(5.8072028 -0.51365228 0)
(5.6889413 -0.4835521 0)
(5.5755572 -0.45650978 0)
(5.4668634 -0.43218718 0)
(5.36264 -0.41028761 0)
(5.2626508 -0.39054737 0)
(5.1666536 -0.37273642 0)
(5.0744064 -0.35665016 0)
(4.9856726 -0.34210954 0)
(4.9002239 -0.32895472 0)
(4.8178425 -0.31704519 0)
(4.7383212 -0.30625644 0)
(4.6614642 -0.29647662 0)
(4.5870885 -0.28760636 0)
(4.5150226 -0.27955712 0)
(4.4451064 -0.27224979 0)
(4.3771901 -0.26561335 0)
(4.3111344 -0.25958388 0)
(4.2468092 -0.25410385 0)
(4.1840945 -0.249121 0)
(1.3511123 0.11320838 0)
(2.1915963 0.16216304 0)
(3.2124368 -0.4207281 0)
(4.4813571 -1.0313918 0)
(5.6242756 -1.5239722 0)
(6.5587575 -1.8211474 0)
(7.2387156 -1.9449789 0)
(7.6835477 -1.9422235 0)
(7.9336627 -1.8597457 0)
(8.0341773 -1.7353215 0)
(8.0288419 -1.5963394 0)
(7.9544172 -1.4561024 0)
(7.8338231 -1.3198058 0)
(7.6821622 -1.1940691 0)
(7.5126335 -1.082019 0)
(7.3349963 -0.98362167 0)
(7.1554857 -0.89742086 0)
(6.9779363 -0.82159231 0)
(6.8047786 -0.75458869 0)
(6.6374006 -0.6952811 0)
(6.4765703 -0.64272796 0)
(6.322642 -0.59611611 0)
(6.1756807 -0.55468859 0)
(6.0355698 -0.51780753 0)
(5.9020738 -0.48491842 0)
(5.7748938 -0.45553638 0)
(5.6536956 -0.42924283 0)
(5.5381274 -0.40567533 0)
(5.4278332 -0.38451996 0)
(5.322463 -0.36550201 0)
(5.221679 -0.34838352 0)
(5.125159 -0.33295545 0)
(5.0325987 -0.31903583 0)
(4.9437122 -0.3064639 0)
(4.8582329 -0.29509893 0)
(4.7759117 -0.28481683 0)
(4.6965174 -0.2755071 0)
(4.6198361 -0.2670719 0)
(4.5456696 -0.25942436 0)
(4.4738347 -0.25248714 0)
(4.4041619 -0.24619107 0)
(4.3364942 -0.2404741 0)
(4.2706867 -0.23528061 0)
(4.2066061 -0.23056026 0)
(1.4185529 0.04261295 0)
(2.5986844 -0.0093177571 0)
(3.9094721 -0.78666518 0)
(5.4322199 -1.4675249 0)
(6.680663 -1.93833 0)
(7.6152254 -2.1652751 0)
(8.2274115 -2.2058643 0)
(8.5713514 -2.1259193 0)
(8.7104626 -1.9796722 0)
(8.7028892 -1.8064361 0)
(8.5997836 -1.6323776 0)
(8.44164 -1.4673884 0)
(8.250122 -1.3132554 0)
(8.0381178 -1.1754608 0)
(7.8179456 -1.0557326 0)
(7.5980981 -0.95277189 0)
(7.3834494 -0.86396546 0)
(7.1765712 -0.78676068 0)
(6.9787814 -0.71928632 0)
(6.790605 -0.66011687 0)
(6.6121326 -0.60810394 0)
(6.4431676 -0.56228536 0)
(6.2833201 -0.52180111 0)
(6.1321146 -0.48594268 0)
(5.9890218 -0.45410751 0)
(5.8535018 -0.42577845 0)
(5.7250226 -0.40051476 0)
(5.6030699 -0.37793926 0)
(5.4871536 -0.35772862 0)
(5.3768129 -0.33960323 0)
(5.2716176 -0.32332242 0)
(5.1711683 -0.30867679 0)
(5.0750956 -0.29548495 0)
(4.9830591 -0.28358796 0)
(4.8947456 -0.27284719 0)
(4.8098666 -0.263141 0)
(4.7281573 -0.25436172 0)
(4.6493748 -0.24641438 0)
(4.573296 -0.23921489 0)
(4.4997164 -0.23268863 0)
(4.4284476 -0.22676908 0)
(4.3593168 -0.22139673 0)
(4.2921648 -0.21651841 0)
(4.2268459 -0.21208614 0)
(1.5161034 -0.078276638 0)
(3.2149353 -0.28928143 0)
(4.8852915 -1.2791532 0)
(6.6628274 -1.9885564 0)
(7.9635656 -2.3869311 0)
(8.8337036 -2.5074564 0)
(9.3213423 -2.4445304 0)
(9.520983 -2.2788206 0)
(9.5186121 -2.0673374 0)
(9.3826124 -1.8474904 0)
(9.1690458 -1.6422392 0)
(8.9199883 -1.4564488 0)
(8.6535678 -1.2881016 0)
(8.3792363 -1.1415251 0)
(8.1077006 -1.0171306 0)
(7.845802 -0.91193991 0)
(7.596695 -0.82226375 0)
(7.3613408 -0.74515714 0)
(7.1398474 -0.67842466 0)
(6.9318224 -0.62038028 0)
(6.7366333 -0.56971052 0)
(6.5535066 -0.5253404 0)
(6.3815885 -0.48633684 0)
(6.2200393 -0.45194376 0)
(6.0680356 -0.42152852 0)
(5.9248 -0.39455603 0)
(5.7896066 -0.37057505 0)
(5.6617832 -0.34920307 0)
(5.5407109 -0.33011498 0)
(5.4258222 -0.31303215 0)
(5.316599 -0.29771619 0)
(5.2125685 -0.2839612 0)
(5.1133003 -0.27158963 0)
(5.0184022 -0.2604469 0)
(4.9275175 -0.25039867 0)
(4.8403212 -0.2413275 0)
(4.7565169 -0.23313 0)
(4.6758349 -0.22571522 0)
(4.5980293 -0.21900289 0)
(4.5228753 -0.21292193 0)
(4.4501678 -0.20740918 0)
(4.3797188 -0.20240827 0)
(4.3113565 -0.19786895 0)
(4.2449238 -0.19374601 0)
(1.6667607 -0.2730888 0)
(4.1636159 -0.74054549 0)
(6.2500194 -1.9256791 0)
(8.2352805 -2.587656 0)
(9.4949993 -2.8491177 0)
(10.212819 -2.8268155 0)
(10.508873 -2.6446759 0)
(10.518053 -2.3898506 0)
(10.344458 -2.1158748 0)
(10.06175 -1.8544794 0)
(9.7275641 -1.624176 0)
(9.3825202 -1.4227333 0)
(9.0390128 -1.2441084 0)
(8.7016109 -1.0927326 0)
(8.3790458 -0.9669053 0)
(8.0761507 -0.86168628 0)
(7.7938194 -0.77294807 0)
(7.5312518 -0.69741369 0)
(7.2872997 -0.63259276 0)
(7.0606087 -0.57660783 0)
(6.849799 -0.52803129 0)
(6.6535108 -0.48571461 0)
(6.4704288 -0.44868253 0)
(6.2993531 -0.41615502 0)
(6.1391726 -0.38748756 0)
(5.9888798 -0.36214137 0)
(5.8475629 -0.33966602 0)
(5.7143992 -0.31968271 0)
(5.5886474 -0.3018717 0)
(5.4696397 -0.28596098 0)
(5.3567752 -0.271719 0)
(5.2495127 -0.25894696 0)
(5.1473648 -0.24747412 0)
(5.0498916 -0.23715258 0)
(4.9566961 -0.22785423 0)
(4.8674193 -0.21946744 0)
(4.7817362 -0.21189437 0)
(4.6993524 -0.20504916 0)
(4.6200008 -0.19885621 0)
(4.5434386 -0.19324874 0)
(4.4694451 -0.18816756 0)
(4.3978189 -0.18355993 0)
(4.3283761 -0.17937895 0)
(4.2609497 -0.17558249 0)
(1.9188299 -0.57960225 0)
(5.6347705 -1.4664257 0)
(8.1422634 -2.7471082 0)
(10.207365 -3.2410336 0)
(11.283397 -3.2932891 0)
(11.738897 -3.0978587 0)
(11.769978 -2.7890441 0)
(11.543137 -2.4485418 0)
(11.171717 -2.1194824 0)
(10.727656 -1.8247032 0)
(10.265796 -1.5773507 0)
(9.822505 -1.3661532 0)
(9.4015746 -1.181797 0)
(9.0015928 -1.0300642 0)
(8.6295605 -0.90579033 0)
(8.2874932 -0.80278096 0)
(7.973673 -0.71679441 0)
(7.6855427 -0.64423976 0)
(7.4206575 -0.58242608 0)
(7.1766825 -0.52936378 0)
(6.9514905 -0.48356459 0)
(6.7431426 -0.44384679 0)
(6.5498753 -0.40922411 0)
(6.3701404 -0.3789158 0)
(6.2025517 -0.35228326 0)
(6.0458834 -0.32879764 0)
(5.8990487 -0.30802004 0)
(5.7610841 -0.28958377 0)
(5.6311338 -0.27318108 0)
(5.5084372 -0.25855173 0)
(5.3923171 -0.24547515 0)
(5.2821693 -0.23376287 0)
(5.177454 -0.22325363 0)
(5.0776877 -0.21380828 0)
(4.9824367 -0.20530667 0)
(4.8913113 -0.19764437 0)
(4.8039602 -0.19073019 0)
(4.7200668 -0.18448427 0)
(4.639345 -0.17883644 0)
(4.5615356 -0.17372489 0)
(4.4864039 -0.16909486 0)
(4.4137362 -0.16489774 0)
(4.3433383 -0.1610903 0)
(4.2750339 -0.15763376 0)
(2.4419824 -1.2049493 0)
(7.9183297 -2.6565177 0)
(10.723538 -3.7411686 0)
(12.618817 -3.8988487 0)
(13.315392 -3.6762669 0)
(13.383099 -3.2924047 0)
(13.075837 -2.8609619 0)
(12.572223 -2.4459153 0)
(11.982301 -2.0741217 0)
(11.366985 -1.7572971 0)
(10.774351 -1.5015817 0)
(10.233605 -1.2871978 0)
(9.7366839 -1.1024607 0)
(9.2761034 -0.95470504 0)
(8.8572606 -0.83472712 0)
(8.4784838 -0.73619141 0)
(8.1353917 -0.65467362 0)
(7.8236904 -0.58639804 0)
(7.5396333 -0.52858991 0)
(7.2799197 -0.47922648 0)
(7.0416962 -0.43681228 0)
(6.8224681 -0.40017248 0)
(6.6200461 -0.36833991 0)
(6.4325536 -0.34055533 0)
(6.2583472 -0.31620271 0)
(6.0959981 -0.29477588 0)
(5.9442579 -0.27585722 0)
(5.8020334 -0.25909978 0)
(5.6683647 -0.24421375 0)
(5.5424063 -0.23095525 0)
(5.4234116 -0.21911834 0)
(5.3107195 -0.20852778 0)
(5.2037428 -0.19903405 0)
(5.1019589 -0.19050859 0)
(5.0049013 -0.18284065 0)
(4.9121524 -0.17593423 0)
(4.8233376 -0.1697057 0)
(4.7381206 -0.164082 0)
(4.6561982 -0.15899904 0)
(4.5772967 -0.15440046 0)
(4.5011689 -0.15023642 0)
(4.4275903 -0.14646276 0)
(4.3563575 -0.1430402 0)
(4.2872859 -0.13993357 0)
(4.1242713 -3.0938534 0)
(11.525662 -4.5598383 0)
(14.166441 -4.8282515 0)
(15.469741 -4.4734405 0)
(15.546959 -3.9441981 0)
(15.099822 -3.382066 0)
(14.389244 -2.8462692 0)
(13.578095 -2.3755376 0)
(12.75686 -1.9783215 0)
(11.96654 -1.6529783 0)
(11.244546 -1.3974033 0)
(10.609951 -1.187055 0)
(10.040348 -1.0079253 0)
(9.5226841 -0.86793886 0)
(9.0605997 -0.75494731 0)
(8.6481365 -0.66300417 0)
(8.2784074 -0.58751376 0)
(7.9454066 -0.52468064 0)
(7.6441265 -0.47176071 0)
(7.3703447 -0.42677358 0)
(7.1205231 -0.38826837 0)
(6.8916476 -0.35511519 0)
(6.6811347 -0.32639404 0)
(6.4868057 -0.30138761 0)
(6.3067817 -0.27951763 0)
(6.1394497 -0.26031198 0)
(5.9834149 -0.24338311 0)
(5.8374678 -0.22841045 0)
(5.7005545 -0.21512733 0)
(5.571754 -0.20331024 0)
(5.4502577 -0.19277101 0)
(5.3353539 -0.18335006 0)
(5.2264136 -0.17491156 0)
(5.1228794 -0.16733909 0)
(5.0242558 -0.16053251 0)
(4.9301007 -0.15440524 0)
(4.8400193 -0.14888203 0)
(4.7536574 -0.14389722 0)
(4.6706972 -0.13939333 0)
(4.5908523 -0.13531987 0)
(4.5138644 -0.13163229 0)
(4.4394997 -0.12829113 0)
(4.3675467 -0.12526133 0)
(4.2978137 -0.12251148 0)
(10.762867 -7.34284 0)
(17.3955 -6.9017845 0)
(18.584206 -5.7533566 0)
(18.684208 -4.8411932 0)
(17.895655 -4.0396409 0)
(16.826255 -3.3409713 0)
(15.666959 -2.7351735 0)
(14.531667 -2.2350699 0)
(13.475835 -1.8331791 0)
(12.51429 -1.5132461 0)
(11.668751 -1.2667806 0)
(10.946305 -1.0676745 0)
(10.309342 -0.90018027 0)
(9.739525 -0.77123194 0)
(9.2384679 -0.66782486 0)
(8.7958406 -0.5843631 0)
(8.4024425 -0.51626637 0)
(8.0506282 -0.45988356 0)
(7.7342115 -0.41260638 0)
(7.4481187 -0.37256722 0)
(7.1881852 -0.33840787 0)
(6.9509255 -0.30907801 0)
(6.7334008 -0.28373002 0)
(6.5331614 -0.26170662 0)
(6.3481189 -0.24248067 0)
(6.1764963 -0.22562402 0)
(6.01677 -0.21078666 0)
(5.8676276 -0.19768016 0)
(5.7279333 -0.18606537 0)
(5.5966995 -0.17574248 0)
(5.473064 -0.16654372 0)
(5.3562706 -0.1583272 0)
(5.2456543 -0.15097239 0)
(5.1406273 -0.14437622 0)
(5.0406691 -0.1384502 0)
(4.9453165 -0.13311797 0)
(4.854157 -0.12831323 0)
(4.7668214 -0.12397828 0)
(4.6829789 -0.12006263 0)
(4.6023323 -0.116522 0)
(4.5246141 -0.11331738 0)
(4.4495822 -0.11041425 0)
(4.3770181 -0.10778193 0)
(4.3067242 -0.10539293 0)
(33.596964 -6.7235859 0)
(26.998462 -7.7748964 0)
(24.197409 -6.1239179 0)
(22.3451 -4.8888736 0)
(20.42593 -3.9138821 0)
(18.617481 -3.1384992 0)
(16.957174 -2.5071493 0)
(15.472573 -2.0108969 0)
(14.172604 -1.6264631 0)
(13.038081 -1.3271918 0)
(12.069953 -1.1007961 0)
(11.261661 -0.92107375 0)
(10.559684 -0.77174962 0)
(9.9401221 -0.65799108 0)
(9.4022336 -0.56742737 0)
(8.9312883 -0.49486155 0)
(8.5158136 -0.43598814 0)
(8.146539 -0.38747176 0)
(7.8161338 -0.34695249 0)
(7.518705 -0.31275272 0)
(7.2494894 -0.28366005 0)
(7.0045544 -0.25874282 0)
(6.7806257 -0.23725486 0)
(6.5749995 -0.21862031 0)
(6.3853911 -0.20237938 0)
(6.2098713 -0.18816039 0)
(6.0467966 -0.17566052 0)
(5.8947597 -0.16463109 0)
(5.7525489 -0.1548665 0)
(5.6191156 -0.14619547 0)
(5.493548 -0.13847449 0)
(5.3750497 -0.1315825 0)
(5.2629221 -0.12541685 0)
(5.1565502 -0.11988994 0)
(5.0553902 -0.11492667 0)
(4.95896 -0.11046236 0)
(4.8668309 -0.10644092 0)
(4.7786199 -0.10281361 0)
(4.6939848 -0.099537834 0)
(4.6126183 -0.096576278 0)
(4.5342444 -0.093896096 0)
(4.4586138 -0.091468296 0)
(4.3855017 -0.089267036 0)
(4.314705 -0.087269187 0)
(46.366663 -5.3552674 0)
(36.178492 -6.5931643 0)
(30.086677 -5.5608221 0)
(26.16053 -4.441344 0)
(22.983443 -3.47439 0)
(20.373994 -2.7180175 0)
(18.188841 -2.1294246 0)
(16.351409 -1.682516 0)
(14.81291 -1.3439643 0)
(13.51309 -1.0855479 0)
(12.429849 -0.89316835 0)
(11.542133 -0.74271126 0)
(10.780793 -0.61901869 0)
(10.116287 -0.5255253 0)
(9.5453908 -0.45160135 0)
(9.0492396 -0.39272691 0)
(8.6142333 -0.34518832 0)
(8.2295841 -0.30616831 0)
(7.8869106 -0.2736889 0)
(7.5795736 -0.24635296 0)
(7.3022686 -0.22315575 0)
(7.0506615 -0.20332937 0)
(6.8211782 -0.1862625 0)
(6.6108886 -0.17148513 0)
(6.4173343 -0.15862348 0)
(6.2384513 -0.14737647 0)
(6.0724908 -0.13749955 0)
(5.9179622 -0.12879244 0)
(5.7735874 -0.12108996 0)
(5.6382646 -0.11425481 0)
(5.5110386 -0.10817219 0)
(5.3910779 -0.10274543 0)
(5.277655 -0.09789271 0)
(5.1701309 -0.093544304 0)
(5.0679422 -0.089640544 0)
(4.97059 -0.086130068 0)
(4.8776316 -0.082968439 0)
(4.7886723 -0.08011705 0)
(4.7033599 -0.077542227 0)
(4.6213786 -0.075214482 0)
(4.5424448 -0.073107899 0)
(4.4663032 -0.07119963 0)
(4.3927235 -0.069469264 0)
(4.3214979 -0.067898513 0)
(51.9999 -2.6173435 0)
(42.532634 -4.577069 0)
(34.933269 -4.2964506 0)
(29.442688 -3.5240182 0)
(25.174327 -2.7345095 0)
(21.849298 -2.1036059 0)
(19.202161 -1.6268418 0)
(17.063084 -1.2707246 0)
(15.324639 -1.005174 0)
(13.888621 -0.80557506 0)
(12.711889 -0.65873315 0)
(11.760416 -0.54517612 0)
(10.951943 -0.45255674 0)
(10.25203 -0.38292863 0)
(9.6552916 -0.32817794 0)
(9.1395169 -0.28477083 0)
(8.6893765 -0.24984644 0)
(8.2928584 -0.22126575 0)
(7.9407437 -0.1975353 0)
(7.625802 -0.17760529 0)
(7.3423026 -0.16072345 0)
(7.0855965 -0.1463172 0)
(6.8518756 -0.13393266 0)
(6.6380335 -0.12322186 0)
(6.4414772 -0.11390887 0)
(6.2600387 -0.10577203 0)
(6.0918876 -0.098631711 0)
(5.9354693 -0.092341079 0)
(5.7894546 -0.08677926 0)
(5.6527009 -0.081845953 0)
(5.52422 -0.077457422 0)
(5.4031532 -0.073543257 0)
(5.2887512 -0.070043929 0)
(5.1803567 -0.066908785 0)
(5.0773911 -0.064094511 0)
(4.9793429 -0.061563874 0)
(4.8857587 -0.059284682 0)
(4.7962351 -0.057229002 0)
(4.7104119 -0.055372485 0)
(4.627967 -0.053693833 0)
(4.5486113 -0.052174342 0)
(4.4720847 -0.050797565 0)
(4.3981528 -0.049548711 0)
(4.3266041 -0.048414557 0)
(54.202188 -1.2083322 0)
(46.349706 -2.6470487 0)
(38.292589 -2.6760443 0)
(31.82596 -2.2520552 0)
(26.775253 -1.7476585 0)
(22.91527 -1.3316773 0)
(19.924408 -1.0211748 0)
(17.564676 -0.79146734 0)
(15.681867 -0.62198772 0)
(14.148714 -0.49585454 0)
(12.905987 -0.40376178 0)
(11.909878 -0.33307933 0)
(11.068677 -0.27573516 0)
(10.344311 -0.23276855 0)
(9.7298004 -0.19911457 0)
(9.2005882 -0.17251353 0)
(8.7401199 -0.1511617 0)
(8.3355234 -0.13372285 0)
(7.9769973 -0.11926738 0)
(7.6569014 -0.10714392 0)
(7.3692102 -0.096886818 0)
(7.1090587 -0.088142574 0)
(6.8724779 -0.080631804 0)
(6.656241 -0.074140676 0)
(6.4576629 -0.068499983 0)
(6.2745045 -0.063574018 0)
(6.1048804 -0.059252979 0)
(5.9471921 -0.055447232 0)
(5.8000762 -0.052083083 0)
(5.6623619 -0.049099442 0)
(5.533039 -0.046445373 0)
(5.4112305 -0.044078075 0)
(5.2961722 -0.041961407 0)
(5.1871943 -0.040064635 0)
(5.0837082 -0.038361509 0)
(4.9851939 -0.036829471 0)
(4.8911907 -0.035449047 0)
(4.8012893 -0.034203338 0)
(4.7151243 -0.033077637 0)
(4.6323693 -0.032059082 0)
(4.5527313 -0.031136399 0)
(4.4759472 -0.0302997 0)
(4.4017798 -0.029539974 0)
(4.3300151 -0.028849228 0)
(54.962864 -0.36553633 0)
(48.115635 -0.86635575 0)
(39.996753 -0.90525717 0)
(33.074158 -0.77291833 0)
(27.619356 -0.60078722 0)
(23.474674 -0.45589101 0)
(20.300529 -0.34806872 0)
(17.824081 -0.26866899 0)
(15.865529 -0.21041929 0)
(14.281806 -0.16727188 0)
(13.004925 -0.1358836 0)
(11.985829 -0.11188351 0)
(11.127858 -0.092464335 0)
(10.391003 -0.07793634 0)
(9.7674376 -0.066580153 0)
(9.2313973 -0.057617216 0)
(8.7656916 -0.050431219 0)
(8.3570051 -0.044567597 0)
(7.9952374 -0.039710668 0)
(7.6725384 -0.035639573 0)
(7.3827325 -0.032196611 0)
(7.1208441 -0.029262215 0)
(6.8828227 -0.026742015 0)
(6.6653803 -0.024563856 0)
(6.465785 -0.022670692 0)
(6.2817619 -0.021016817 0)
(6.1113973 -0.019565278 0)
(5.9530711 -0.018285936 0)
(5.805402 -0.017154024 0)
(5.6672055 -0.016149034 0)
(5.5374599 -0.01525387 0)
(5.4152793 -0.01445419 0)
(5.2998917 -0.013737885 0)
(5.1906213 -0.013094675 0)
(5.0868742 -0.012515787 0)
(4.9881262 -0.011993692 0)
(4.8939131 -0.011521895 0)
(4.8038223 -0.011094775 0)
(4.7174861 -0.01070744 0)
(4.6345757 -0.010355626 0)
(4.5547964 -0.010035605 0)
(4.4778833 -0.0097441465 0)
(4.403598 -0.0094781029 0)
(4.3317252 -0.0092348916 0)
)
;

boundaryField
{
    inletLow
    {
        type            fixedValue;
        value           uniform (1.1 0 0);
    }
    inletJet
    {
        type            fixedValue;
        value           uniform (56 0 0);
    }
    inletHigh
    {
        type            fixedValue;
        value           nonuniform List<vector> 0();
    }
    outlet
    {
        type            zeroGradient;
    }
    upperWall
    {
        type            pressureInletOutletVelocity;
        value           nonuniform List<vector> 0();
    }
    lowerWall
    {
        type            pressureInletOutletVelocity;
        value           nonuniform List<vector> 
52
(
(1.1014538 -0.011922597 0)
(1.1016368 -0.026541184 0)
(1.1002439 -0.03616846 0)
(1.097796 -0.043082948 0)
(1.0946993 -0.048439843 0)
(1.0911241 -0.052854609 0)
(1.0871605 -0.056707523 0)
(1.0828798 -0.060268253 0)
(1.0783464 -0.063747229 0)
(1.073619 -0.067318029 0)
(1.0687529 -0.071126954 0)
(1.0638007 -0.075297464 0)
(1.0588134 -0.079933019 0)
(1.0538396 -0.08511883 0)
(1.048926 -0.090925125 0)
(1.0441169 -0.097409345 0)
(1.0394542 -0.10461792 0)
(1.0349766 -0.11258777 0)
(1.0307201 -0.12134747 0)
(1.026717 -0.13091812 0)
(1.0229961 -0.141314 0)
(1.0195824 -0.15254318 0)
(1.0164969 -0.16460796 0)
(1.0137568 -0.17750533 0)
(1.0113751 -0.19122739 0)
(1.0093609 -0.20576173 0)
(1.0077194 -0.2210918 0)
(1.006452 -0.23719721 0)
(1.0055564 -0.25405418 0)
(1.0050266 -0.27163588 0)
(1.0048534 -0.28991268 0)
(1.0050244 -0.30885249 0)
(1.0055241 -0.32842101 0)
(1.0063347 -0.34858203 0)
(1.0074353 -0.36929769 0)
(1.0088033 -0.39052871 0)
(1.0104139 -0.41223465 0)
(1.0122406 -0.43437409 0)
(1.0142554 -0.45690486 0)
(1.0164291 -0.47978423 0)
(1.0187316 -0.50296905 0)
(1.0211321 -0.52641593 0)
(1.0235991 -0.55008142 0)
(1.0261011 -0.57392207 0)
(1.0286062 -0.5978946 0)
(1.031083 -0.62195602 0)
(1.0335001 -0.64606367 0)
(1.0358267 -0.67017539 0)
(1.0380328 -0.69424954 0)
(1.0400888 -0.71824515 0)
(1.041966 -0.74212218 0)
(1.0436385 -0.76584154 0)
)
;
    }
    frontAndBack
    {
        type            empty;
    }
    procBoundary7to3
    {
        type            processor;
        value           nonuniform List<vector> 
44
(
(54.962866 0.36561583 0)
(48.115646 0.86656349 0)
(39.99677 0.90555144 0)
(33.074179 0.77327269 0)
(27.619377 0.60118496 0)
(23.474693 0.45632017 0)
(20.300547 0.34852191 0)
(17.824097 0.26914217 0)
(15.865544 0.21090918 0)
(14.281819 0.1677757 0)
(13.004937 0.13639871 0)
(11.98584 0.11240803 0)
(11.127868 0.092996891 0)
(10.391011 0.078476178 0)
(9.7674458 0.067126077 0)
(9.2314049 0.058168626 0)
(8.7656987 0.050987901 0)
(8.3570118 0.0451298 0)
(7.9952437 0.040278985 0)
(7.6725444 0.036214856 0)
(7.3827383 0.0327799 0)
(7.1208497 0.029854719 0)
(6.8828281 0.027345084 0)
(6.6653856 0.025178939 0)
(6.4657901 0.023299317 0)
(6.2817669 0.021660564 0)
(6.1114023 0.020225759 0)
(5.953076 0.018964782 0)
(5.8054069 0.017852869 0)
(5.6672104 0.016869503 0)
(5.5374649 0.01599757 0)
(5.4152843 0.015222688 0)
(5.2998968 0.014532701 0)
(5.1906265 0.013917267 0)
(5.0868795 0.013367534 0)
(4.9881316 0.012875894 0)
(4.8939186 0.01243576 0)
(4.8038279 0.012041413 0)
(4.7174919 0.011687855 0)
(4.6345816 0.011370708 0)
(4.5548024 0.011086111 0)
(4.4778894 0.010830617 0)
(4.4036043 0.010601402 0)
(4.3317315 0.01039559 0)
)
;
    }
    procBoundary7to6
    {
        type            processor;
        value           nonuniform List<vector> 
73
(
(1.0450819 -0.78936368 0)
(1.0555943 -0.75177248 0)
(1.0752146 -0.728851 0)
(1.1030097 -0.70852576 0)
(1.1381204 -0.69077601 0)
(1.179763 -0.67570039 0)
(1.2272234 -0.66314029 0)
(1.2798492 -0.65288707 0)
(1.3370416 -0.6447169 0)
(1.3982476 -0.63838887 0)
(1.4629544 -0.63365113 0)
(1.5306838 -0.63024706 0)
(1.600987 -0.62792035 0)
(1.6734416 -0.62641942 0)
(1.7476486 -0.62550168 0)
(1.8232289 -0.62493709 0)
(1.8998219 -0.62451068 0)
(1.9770838 -0.62402447 0)
(2.054687 -0.62329917 0)
(2.1323204 -0.62217499 0)
(2.2096885 -0.62051244 0)
(2.2865096 -0.6181944 0)
(2.3625123 -0.61512952 0)
(2.4374531 -0.61123817 0)
(2.5111229 -0.6064529 0)
(2.5832959 -0.60073118 0)
(2.6537909 -0.59404316 0)
(2.7224362 -0.5863784 0)
(2.7890827 -0.57774581 0)
(2.8536001 -0.56816227 0)
(2.9158776 -0.55765503 0)
(2.9758235 -0.54626091 0)
(3.0333649 -0.53402464 0)
(3.0884469 -0.52099726 0)
(3.1410314 -0.50723472 0)
(3.1910967 -0.49279676 0)
(3.3857461 -0.46661206 0)
(3.3519907 -0.46498011 0)
(3.2386348 -0.47774696 0)
(3.3179556 -0.46349547 0)
(3.3857461 -0.46661206 0)
(3.4339193 -0.45150168 0)
(3.4794225 -0.4358181 0)
(3.5222794 -0.41963296 0)
(3.5625239 -0.40301326 0)
(3.6002096 -0.38603562 0)
(3.6354014 -0.36878082 0)
(3.6681612 -0.35130679 0)
(3.6985553 -0.33366424 0)
(3.726661 -0.31591083 0)
(3.752561 -0.29810268 0)
(3.7763411 -0.28029152 0)
(4.0993691 -0.26297008 0)
(4.0408242 -0.25864864 0)
(3.9834816 -0.25471098 0)
(3.9272614 -0.25111959 0)
(3.7980895 -0.26252464 0)
(3.8720889 -0.24784125 0)
(4.0993691 -0.26297008 0)
(4.1228775 -0.24458822 0)
(4.1441277 -0.22626787 0)
(4.1632251 -0.20805701 0)
(4.1802756 -0.18999902 0)
(4.1953857 -0.17213296 0)
(4.208661 -0.15449357 0)
(4.2202064 -0.13711158 0)
(4.2301254 -0.12001371 0)
(4.2385197 -0.10322292 0)
(4.2460379 -0.085454297 0)
(4.2524364 -0.06647129 0)
(4.2572456 -0.047383587 0)
(4.2604581 -0.028220797 0)
(4.2620687 -0.0090128454 0)
)
;
    }
}


// ************************************************************************* //
