/*--------------------------------*- C++ -*----------------------------------*\
| =========                 |                                                 |
| \\      /  F ield         | OpenFOAM: The Open Source CFD Toolbox           |
|  \\    /   O peration     | Version:  2312                                  |
|   \\  /    A nd           | Website:  www.openfoam.com                      |
|    \\/     M anipulation  |                                                 |
\*---------------------------------------------------------------------------*/
FoamFile
{
    version     2.0;
    format      ascii;
    arch        "LSB;label=32;scalar=64";
    class       volScalarField;
    location    "0.05";
    object      CH4;
}
// * * * * * * * * * * * * * * * * * * * * * * * * * * * * * * * * * * * * * //

dimensions      [0 0 0 0 0 0 0];

internalField   nonuniform List<scalar> 
3224
(
0.0021087113
0.0019650505
0.0018304632
0.0017044373
0.0015864826
0.0014761256
0.0013729119
0.0012764067
0.0011861955
0.0011018841
0.0010230981
0.00094948249
0.00088070115
0.00081643619
0.00075638725
0.00070027075
0.00064781918
0.00059878036
0.00055291668
0.00051000438
0.00046983287
0.00043220397
0.00039693126
0.00036383943
0.00033276365
0.00030354892
0.00027604951
0.00025012842
0.0002256568
0.00020251346
0.00018058438
0.00015976224
0.000139946
0.00012104046
0.00010295589
8.560762e-05
6.8915743e-05
5.2804752e-05
3.7203238e-05
2.2043577e-05
7.2611824e-06
0.002108933
0.0019653997
0.0018308754
0.0017048763
0.0015869302
0.0014765719
0.001373351
0.0012768349
0.0011866105
0.0011022845
0.0010234829
0.0009498511
0.00088105337
0.00081677195
0.00075670661
0.00070057389
0.00064810635
0.00059905186
0.00055317284
0.00051024559
0.00047005949
0.00043241639
0.00039712988
0.00036402465
0.00033293584
0.00030370846
0.00027619677
0.00025026375
0.00022578053
0.00020262591
0.00018068585
0.00015985301
0.00014002635
0.00012111062
0.00010301609
8.5658067e-05
6.8956623e-05
5.2836231e-05
3.7225466e-05
2.205673e-05
7.2656005e-06
0.0021091039
0.0019657085
0.001831243
0.0017052711
0.0015873362
0.0014769799
0.0013737553
0.0012772319
0.0011869978
0.0011026603
0.001023846
0.00095020089
0.00088138925
0.00081709362
0.00075701392
0.00070086679
0.0006483849
0.00059931617
0.0005534231
0.000510482
0.0004702823
0.00043262586
0.00039732629
0.00036420829
0.000333107
0.00030386743
0.00027634384
0.00025039919
0.00022590463
0.00020273892
0.00018078803
0.0001599446
0.00014010756
0.00012118167
0.00010307716
8.5709336e-05
6.8998246e-05
5.2868344e-05
3.7248183e-05
2.2070168e-05
7.2701006e-06
0.0021092265
0.0019659618
0.0018315466
0.0017056013
0.0015876804
0.0014773302
0.0013741065
0.0012775804
0.0011873409
0.0011029961
0.0010241732
0.00095051826
0.00088169607
0.00081738931
0.00075729806
0.0007011391
0.0006486452
0.00059956436
0.00055365915
0.00051070593
0.00047049419
0.00043282582
0.00039751446
0.00036438481
0.00033327205
0.00030402119
0.0002764865
0.00025053095
0.00022602567
0.00020284944
0.0001808882
0.0001600346
0.00014018755
0.00012125181
0.00010313759
8.576018e-05
6.9039621e-05
5.2900347e-05
3.727089e-05
2.2083636e-05
7.2745999e-06
0.0022619602
0.0021094103
0.0019661595
0.0018317781
0.001705858
0.0015879537
0.0014776139
0.0013743959
0.001277872
0.001187632
0.0011032845
0.0010244573
0.00095079667
0.00088196769
0.00081765327
0.00075755366
0.00070138578
0.00064888253
0.00059979201
0.00055387688
0.00051091358
0.00047069164
0.000433013
0.00039769135
0.00036455143
0.00033342844
0.00030416741
0.00027662263
0.00025065708
0.0002261419
0.00020295586
0.00018098493
0.00016012175
0.00014026521
0.00012132008
0.00010319656
8.5809925e-05
6.9080207e-05
5.2931827e-05
3.72933e-05
2.2096984e-05
7.2790601e-06
0.0022623305
0.0021095524
0.0019662864
0.0018319261
0.0017060283
0.0015881423
0.0014778163
0.0013746083
0.0012780911
0.0011878553
0.0011035098
0.0010246826
0.00095102055
0.00088218882
0.00081787054
0.00075776616
0.00070159274
0.00064908329
0.00059998604
0.00055406374
0.00051109291
0.00047086316
0.00043317649
0.00039784664
0.00036469839
0.00033356698
0.00030429748
0.0002767442
0.00025077013
0.00022624643
0.00020305191
0.00018107251
0.00016020088
0.00014033594
0.00012138243
0.00010325056
8.5855602e-05
6.9117577e-05
5.2960897e-05
3.7314067e-05
2.2109412e-05
7.2832269e-06
0.0022624301
0.0021096283
0.0019663509
0.0018320063
0.0017061295
0.0015882631
0.0014779537
0.001374759
0.0012782524
0.0011880244
0.0011036846
0.0010248611
0.00095120102
0.00088236978
0.00081805072
0.00075794443
0.00070176815
0.00064925503
0.00060015342
0.00055422615
0.00051124985
0.00047101421
0.0004333213
0.00039798491
0.00036482989
0.00033369151
0.00030441489
0.00027685436
0.00025087295
0.00022634184
0.00020313984
0.00018115293
0.00016027377
0.00014040126
0.00012144017
0.0001033007
8.5898121e-05
6.9152449e-05
5.2988092e-05
3.7333548e-05
2.2121122e-05
7.287164e-06
0.0022623809
0.0021096343
0.0019663526
0.0018320226
0.0017061681
0.0015883245
0.0014780357
0.001374859
0.0012783674
0.0011881517
0.0011038217
0.0010250058
0.00095135132
0.00088252388
0.00081820705
0.00075810163
0.00070192501
0.00064941048
0.00060030654
0.00055437616
0.00051139604
0.00047115599
0.00043345817
0.00039811642
0.00036495568
0.00033381127
0.00030452834
0.00027696128
0.00025097317
0.00022643519
0.0002032262
0.00018123219
0.00016034582
0.00014046604
0.00012149759
0.0001033507
8.5940631e-05
6.9187404e-05
5.3015422e-05
3.7353179e-05
2.2132967e-05
7.2911617e-06
0.0024250535
0.0022623354
0.0021095674
0.0019662811
0.0018319666
0.0017061368
0.0015883197
0.0014780564
0.0013749025
0.0012784309
0.0011882324
0.0011039167
0.0010251127
0.00095146769
0.00088264769
0.00081833643
0.00075823491
0.0007020607
0.00064954728
0.00060044329
0.00055451183
0.00051152974
0.00047128694
0.00043358568
0.00039823991
0.00036507462
0.00033392522
0.00030463692
0.00027706416
0.00025107006
0.00022652586
0.00020331043
0.00018130978
0.00016041663
0.0001405299
0.00012155439
0.00010340031
8.5982936e-05
6.922229e-05
5.3042774e-05
3.7372883e-05
2.21449e-05
7.2952039e-06
0.002425143
0.0022622262
0.0021094148
0.0019661248
0.0018318286
0.0017060271
0.0015882414
0.0014780088
0.0013748834
0.0012784372
0.0011882611
0.0011039648
0.0010251772
0.00095154608
0.00088273751
0.00081843547
0.00075834119
0.00070217244
0.00064966288
0.00060056134
0.00055463106
0.00051164905
0.00047140533
0.00043370229
0.00039835397
0.00036518547
0.00033403226
0.00030473965
0.00027716212
0.00025116286
0.00022661315
0.00020339191
0.0001813852
0.00016048573
0.00014059248
0.00012161025
0.00010344926
8.6024821e-05
6.9256938e-05
5.3070025e-05
3.7392574e-05
2.2156867e-05
7.2992736e-06
0.0025993115
0.0024250639
0.0022620125
0.0021091596
0.0019658705
0.0018315975
0.0017058298
0.0015880813
0.0014778855
0.0013747946
0.00127838
0.0011882321
0.0011039606
0.0010251946
0.00095158209
0.0008827893
0.00081850049
0.00075841711
0.00070225716
0.00064975451
0.00060065817
0.00055473158
0.0005117519
0.00047150931
0.00043380631
0.0003984571
0.00036528686
0.00033413118
0.00030483543
0.00027725419
0.0002512507
0.00022669632
0.00020347
0.00018145785
0.00016055263
0.00014065334
0.0001216648
0.00010349726
8.6066041e-05
6.9291159e-05
5.3097031e-05
3.7412156e-05
2.2168812e-05
7.303352e-06
0.0025990259
0.0024247917
0.0022616618
0.0021087824
0.0019655036
0.0018312613
0.0017055345
0.0015878302
0.0014776782
0.0013746289
0.0012782525
0.0011881391
0.0011038985
0.0010251597
0.00095157095
0.00088279872
0.00081852753
0.00075845906
0.00070231157
0.00064981916
0.00060073106
0.00055481091
0.00051183605
0.00047159683
0.00043389592
0.00039854764
0.00036537731
0.00033422062
0.00030492307
0.0002773393
0.00025133265
0.00022677452
0.00020354396
0.00018152711
0.00016061678
0.00014071201
0.00012171765
0.00010354397
8.6106325e-05
6.9324737e-05
5.3123634e-05
3.7431517e-05
2.2180668e-05
7.3074181e-06
0.0027846219
0.0025985323
0.0024243111
0.0022611473
0.0021082633
0.0019650081
0.0018308069
0.0017051297
0.001587478
0.001477378
0.001374378
0.0012780473
0.0011879755
0.0011037723
0.0010250668
0.00095150747
0.00088276104
0.00081851225
0.00075846309
0.00070233208
0.00064985357
0.00060077704
0.00055486634
0.00051189905
0.00047166569
0.00043396911
0.00039862379
0.00036545519
0.00033429915
0.00030500126
0.00027741629
0.00025140765
0.00022684685
0.00020361298
0.00018159226
0.00016067756
0.00014076796
0.00012176835
0.00010358903
8.6145379e-05
6.935744e-05
5.3149656e-05
3.7450536e-05
2.2192363e-05
7.3114485e-06
0.0027837495
0.0025977851
0.0024236024
0.0022604447
0.0021075818
0.0019643671
0.0018302196
0.001704603
0.0015870138
0.001476975
0.0013740331
0.0012777563
0.0011877338
0.0011035752
0.0010249098
0.00095138606
0.00088267113
0.00081845
0.00075842496
0.00070231481
0.00064985421
0.00060079289
0.00055489498
0.00051193825
0.00047171348
0.00043402371
0.00039868359
0.00036551875
0.00033436517
0.00030506859
0.00027748389
0.00025147459
0.00022691229
0.00020367618
0.00018165255
0.00016073431
0.00014082062
0.00012181641
0.00010363203
8.6182868e-05
6.9389007e-05
5.3174902e-05
3.7469076e-05
2.2203817e-05
7.3154169e-06
0.0029810028
0.0027826083
0.0025967595
0.0024226447
0.0022595309
0.0021067168
0.0019635624
0.0018294841
0.0017039409
0.0015864256
0.0014764586
0.0013735845
0.0012773707
0.0011874061
0.0011033
0.001024682
0.00095120066
0.00088252346
0.00081833572
0.00075834004
0.00070225557
0.00064981725
0.00060077514
0.00055489364
0.0005119508
0.00047173762
0.00043405737
0.00039872491
0.00036556605
0.00033441696
0.0003051235
0.00027754071
0.00025153223
0.00022696977
0.0002037326
0.00018170711
0.0001607863
0.00014086936
0.00012186131
0.00010367252
8.6218425e-05
6.9419144e-05
5.3199153e-05
3.7486986e-05
2.2214943e-05
7.3192948e-06
0.0029793002
0.0027811346
0.0025954283
0.002421416
0.0022583829
0.0021056469
0.0019625752
0.0018285836
0.0017031288
0.0015857005
0.001475817
0.0013730217
0.0012768811
0.0011869837
0.0011029389
0.0010243762
0.00095094471
0.00088231206
0.00081816396
0.00075820337
0.0007021498
0.00064973856
0.00060072002
0.00055485891
0.00051193357
0.00047173526
0.00043406752
0.00039874544
0.00036559503
0.00033445264
0.00030516431
0.00027758525
0.00025157923
0.00022701807
0.00020378119
0.00018175504
0.00016083271
0.00014091349
0.00012190244
0.00010371
8.6251646e-05
6.9447533e-05
5.3222164e-05
3.7504096e-05
2.2225639e-05
7.32305e-06
0.0031885427
0.0029772352
0.0027792948
0.002593765
0.002419893
0.0022569773
0.00210435
0.0019613854
0.0018275006
0.001702151
0.0015848245
0.0014750379
0.0013723335
0.0012762772
0.0011864574
0.0011024833
0.0010239848
0.00095061119
0.0008820305
0.00081792883
0.00075800957
0.00070199262
0.00064961367
0.00060062347
0.00055478709
0.0005118832
0.00047170338
0.00043405142
0.00039874268
0.00036560341
0.00033447017
0.0003051892
0.00027761588
0.00025161412
0.00022705592
0.00020382079
0.00018179531
0.00016087267
0.00014095224
0.00012193916
0.00010374393
8.6282087e-05
6.947382e-05
5.3243671e-05
3.7520221e-05
2.2235798e-05
7.3266469e-06
0.003185706
0.0029747217
0.0027770535
0.0025917427
0.002418051
0.0022552898
0.0021028032
0.0019599722
0.0018262163
0.0017009907
0.0015837826
0.0014741077
0.0013715077
0.0012755481
0.0011858171
0.0011019242
0.0010234994
0.00095019248
0.00088167184
0.00081762403
0.00075775289
0.00070177877
0.00064943779
0.00060048112
0.0005546742
0.00051179609
0.00047163868
0.00043400608
0.00039871394
0.00036558877
0.00033446736
0.00030519619
0.00027763081
0.00025163533
0.00022708189
0.00020385016
0.00018182683
0.00016090523
0.0001409848
0.00012197077
0.00010377373
8.6309261e-05
6.9497618e-05
5.326338e-05
3.7535157e-05
2.22453e-05
7.3300462e-06
0.0031821449
0.0029717089
0.0027743796
0.0025893342
0.0024158642
0.0022532955
0.0021009828
0.0019583138
0.0018247109
0.0016996302
0.0015825589
0.0014730121
0.0013705313
0.0012746819
0.0011850521
0.0011012517
0.0010229111
0.00094968045
0.00088122864
0.00081724275
0.00075742712
0.00070150258
0.00064920576
0.00060028826
0.00055451597
0.00051166832
0.00047153761
0.00043392828
0.0003986563
0.00036554847
0.00033444185
0.00030518314
0.00027762813
0.00025164114
0.00022709447
0.00020386795
0.00018184843
0.00016092934
0.00014101026
0.0001219965
0.00010379874
8.6332641e-05
6.9518508e-05
5.3280971e-05
3.754868e-05
2.2254012e-05
7.3332053e-06
0.0031779748
0.002968184
0.0027712471
0.0025865122
0.0024133057
0.0022509682
0.0020988641
0.0019563872
0.0018229635
0.0016980506
0.0015811361
0.0014717356
0.0013693903
0.0012736659
0.0011841508
0.0011004554
0.0010222103
0.00094906635
0.00088069293
0.00081677772
0.0007570256
0.000701158
0.00064891204
0.00060003984
0.00055430778
0.00051149573
0.00047139638
0.00043381458
0.00039856663
0.00036547967
0.00033439105
0.00030514775
0.00027760579
0.0002516297
0.00022709201
0.0002038727
0.0001818588
0.00016094388
0.00014102765
0.00012201552
0.00010381827
8.6351649e-05
6.9536028e-05
5.3296096e-05
3.7560546e-05
2.2261793e-05
7.3360771e-06
0.0033961345
0.0031734506
0.0029641539
0.0027676319
0.0025832484
0.0024103474
0.0022482808
0.0020964213
0.0019541685
0.0018209521
0.0016962318
0.0015794963
0.0014702617
0.0013680697
0.0012724865
0.001183101
0.001099524
0.0010213868
0.00094834085
0.00088005619
0.00081622114
0.00075654124
0.00070073852
0.0006485507
0.00059973048
0.00055404472
0.00051127382
0.00047121091
0.00043366127
0.00039844159
0.00036537935
0.00033431225
0.00030508755
0.00027756155
0.00025159903
0.00022707273
0.00020386284
0.00018185657
0.00016094765
0.00014103591
0.00012202693
0.00010383156
8.6365662e-05
6.9549682e-05
5.3308376e-05
3.7570491e-05
2.2268485e-05
7.3386107e-06
0.0033905993
0.0031684004
0.0029595848
0.0027635039
0.0025795123
0.0024069594
0.0022452047
0.0020936274
0.0019516326
0.0018186537
0.0016941528
0.0015776202
0.001468573
0.0013665538
0.0012711295
0.0011818896
0.0010984456
0.0010204297
0.00094749398
0.00087930931
0.00081556471
0.00075596644
0.00070023722
0.00064811543
0.00059935438
0.00055372153
0.0005109978
0.00047097685
0.0004334644
0.00039827756
0.00036524425
0.00033420249
0.00030499988
0.00027749303
0.00025154698
0.00022703473
0.00020383668
0.00018184025
0.00016093933
0.00014103393
0.00012202975
0.0001038378
8.6374005e-05
6.955893e-05
5.3317401e-05
3.7578228e-05
2.227392e-05
7.3407506e-06
0.0038724566
0.0036204613
0.0033844757
0.0031627483
0.002954432
0.0027588273
0.0025752704
0.0024031099
0.0022417096
0.0020904541
0.0019487532
0.001816044
0.0016917914
0.0015754876
0.0014666511
0.0013648258
0.0012695793
0.0011805024
0.0010972074
0.0010193273
0.00094651514
0.0008784426
0.00081479957
0.00075529312
0.00069964672
0.00064759949
0.00059890542
0.00055333261
0.00051066258
0.00047068954
0.00043321972
0.00039807073
0.00036507088
0.00033405862
0.00030488191
0.00027739768
0.00025147128
0.00022697596
0.0002037924
0.00018180822
0.00016091752
0.00014102048
0.00012202296
0.00010383609
8.6375951e-05
6.9563191e-05
5.3322728e-05
3.7583447e-05
2.2277914e-05
7.3424369e-06
0.0041310153
0.0038639915
0.0036130697
0.0033776002
0.0031564131
0.0029486436
0.0027535611
0.0025704864
0.0023987652
0.002237764
0.0020868718
0.0019455028
0.0018130977
0.0016891243
0.0015730771
0.0014644765
0.0013628678
0.00126782
0.0011789249
0.001095796
0.0010180674
0.00094539309
0.0008774458
0.00081391635
0.00075451269
0.00069895917
0.00064699571
0.00059837704
0.00055287198
0.0005102627
0.00047034402
0.00043292275
0.00039781699
0.00036485555
0.0003338773
0.00030473061
0.00027727277
0.00025136947
0.00022689425
0.00020372807
0.00018175878
0.00016088071
0.00014099424
0.00012200541
0.0001038255
8.6370721e-05
6.9561841e-05
5.3323882e-05
3.7585814e-05
2.2280272e-05
7.3436051e-06
0.004120611
0.0038545776
0.0036046358
0.0033698667
0.0031493205
0.0029421649
0.0027476607
0.0025651209
0.0023938893
0.0022333345
0.0020828495
0.0019418526
0.0018097881
0.001686127
0.0015703664
0.0014620288
0.0013606613
0.0012658344
0.0011771414
0.0010941971
0.0010166369
0.00094411592
0.00087630803
0.00081290509
0.00075361608
0.00069816628
0.0006462965
0.00059776232
0.00055233333
0.00050979241
0.00046993507
0.00043256871
0.00039751202
0.00036459432
0.00033365497
0.00030454277
0.00027711541
0.00025123895
0.00022678727
0.0002036416
0.00018169009
0.00016082731
0.00014095384
0.00012197592
0.00010380502
8.6357477e-05
6.9554212e-05
5.3320354e-05
3.7584971e-05
2.2280781e-05
7.3441858e-06
0.0041089218
0.0038440559
0.003595138
0.0033612048
0.0031414042
0.0029349404
0.0027410792
0.0025591325
0.0023884444
0.0022283863
0.002078355
0.0019377727
0.0018060876
0.0016827742
0.0015673322
0.0014592866
0.0013581865
0.0012636045
0.0011751355
0.0010923958
0.0010150221
0.00094267111
0.00087501782
0.00081175531
0.00075259368
0.00069725927
0.00064549386
0.00059705395
0.00055170997
0.00050924561
0.0004694571
0.00043215253
0.0003971512
0.00036428301
0.00033338784
0.00030431497
0.00027692253
0.00025107697
0.00022665254
0.00020353082
0.00018160022
0.0001607556
0.00014089778
0.00012193322
0.00010377356
8.6335328e-05
6.9539587e-05
5.3311597e-05
3.7580536e-05
2.2279217e-05
7.3441046e-06
0.0040959429
0.003832349
0.003584538
0.0033515564
0.0031326039
0.0029269155
0.0027337683
0.0025524777
0.002382391
0.002222883
0.0020733545
0.0019332319
0.0018019676
0.0016790392
0.0015639499
0.0014562273
0.001355423
0.0012611116
0.00117289
0.0010903762
0.0010132087
0.00094104548
0.00087356311
0.00081045599
0.00075143542
0.00069622892
0.00064457935
0.0005962442
0.00055099487
0.00050861588
0.00046890428
0.00043166889
0.0003967297
0.00036391723
0.00033307193
0.0003040436
0.00027669087
0.00025088061
0.00022648747
0.00020339339
0.00018148711
0.00016066378
0.00014082449
0.00012187594
0.00010372998
8.6303326e-05
6.9517208e-05
5.3297031e-05
3.75721e-05
2.2275337e-05
7.3432825e-06
0.0040816363
0.0038194014
0.0035727905
0.003340867
0.0031228624
0.0029180362
0.0027256786
0.0025451119
0.0023756883
0.0022167869
0.0020678132
0.0019281981
0.0017973981
0.0016748947
0.0015601944
0.0014528279
0.0013523495
0.0012583362
0.001170387
0.001088122
0.0010111815
0.00093922525
0.00087193131
0.00080899556
0.00075013072
0.00069506555
0.00064354411
0.000595325
0.00055018063
0.00050789648
0.00046827045
0.00043111219
0.00039624242
0.00036349234
0.00033270303
0.00030372488
0.00027641701
0.00025064678
0.00022628929
0.00020322685
0.00018134857
0.00016054993
0.00014073231
0.00012180265
0.00010367306
8.6260468e-05
6.948627e-05
5.3276042e-05
3.7559232e-05
2.2268885e-05
7.341635e-06
0.0040659478
0.0038051598
0.0035598454
0.0033290826
0.0031121242
0.0029082491
0.0027167605
0.0025369894
0.002368294
0.002210059
0.0020616951
0.0019226379
0.0017923484
0.0016703122
0.0015560395
0.0014490643
0.0013489438
0.0012552579
0.0011676079
0.0010856161
0.001008925
0.00093719607
0.00087010925
0.000807362
0.00074866855
0.00069375907
0.00064237892
0.0005942879
0.00054925953
0.00050708033
0.00046754917
0.00043047655
0.00039568401
0.00036300349
0.00033227676
0.00030335481
0.00027609735
0.00025037226
0.0002260551
0.00020302862
0.00018118234
0.00016041205
0.00014061948
0.00012171186
0.00010360155
8.6205696e-05
6.9445923e-05
5.3247981e-05
3.7541475e-05
2.2259592e-05
7.3390734e-06
0.004048814
0.0037895674
0.0035456489
0.0033161485
0.0031003345
0.0028975011
0.0027069641
0.0025280637
0.0023601652
0.0022026598
0.0020549635
0.0019165173
0.001786787
0.0016652626
0.0015514583
0.0014449116
0.0013451832
0.0012518557
0.0011645334
0.0010828409
0.0010064229
0.00093494307
0.00086808329
0.00080554279
0.00074703745
0.00069229898
0.00064107415
0.00059312409
0.00054822352
0.00050616011
0.00046673373
0.00042975586
0.00039504891
0.00036244563
0.00033178851
0.00030292924
0.00027572815
0.00025005367
0.00022578188
0.00020279602
0.00018098599
0.00016024802
0.00014048417
0.00012160197
0.00010351408
8.6137898e-05
6.9395275e-05
5.3212164e-05
3.7518349e-05
2.2247174e-05
7.3355037e-06
0.0040301668
0.0037725635
0.0035301438
0.0033020087
0.003087438
0.0028857392
0.0026962393
0.002518288
0.0023512585
0.0021945487
0.0020475808
0.0019098016
0.0017806818
0.0016597162
0.0015464233
0.0014403446
0.0013410443
0.0012481082
0.0011611437
0.001079778
0.0010036585
0.00093245092
0.00086583937
0.00080352503
0.00074522559
0.00069067443
0.00063961987
0.00059182448
0.00054706429
0.00050512819
0.00046581719
0.00042894378
0.00039433134
0.00036181348
0.00033123352
0.00030244386
0.00027530549
0.00024968749
0.00022546649
0.00020252621
0.00018075706
0.00016005566
0.00014032445
0.00012147133
0.00010340926
8.6055913e-05
6.9333393e-05
5.3167877e-05
3.748935e-05
2.2231331e-05
7.3308278e-06
0.0040099349
0.0037540842
0.0035132709
0.0032866062
0.0030733799
0.0028729105
0.002684536
0.0025076153
0.0023415299
0.002185685
0.0020395093
0.0019024555
0.001774
0.0016536426
0.0015409065
0.0014353373
0.0013365031
0.0012439934
0.0011574186
0.001076409
0.0010006146
0.00092970389
0.00086336305
0.00080129547
0.00074322081
0.00068887427
0.00063800587
0.0005903797
0.00054577327
0.00050397675
0.00046479237
0.00042803377
0.00039352534
0.00036110164
0.00033060685
0.00030189418
0.00027482535
0.00024927009
0.00022510564
0.00020221629
0.00018049294
0.00015983268
0.00014013835
0.00012131824
0.00010328563
8.5958533e-05
6.9259305e-05
5.3114378e-05
3.7453955e-05
2.2211753e-05
7.3249432e-06
0.0039880461
0.0037340641
0.0034949694
0.0032698835
0.0030581049
0.0028589626
0.0026718045
0.0024959989
0.0023309358
0.0021760278
0.0020307107
0.0018944437
0.0017667089
0.0016470115
0.0015348797
0.0014298637
0.0013315358
0.0012394891
0.0011533376
0.001072715
0.00099727406
0.00092668601
0.00086063963
0.0007988406
0.0007410107
0.00068688712
0.00063622169
0.00058878019
0.00054434167
0.00050269774
0.00046365195
0.00042701913
0.0003926248
0.00036030454
0.00032990346
0.00030127564
0.00027428358
0.00024879774
0.000224696
0.00020186327
0.00018019099
0.00015957673
0.00013992381
0.00012114091
0.0001031417
8.5844511e-05
6.9172009e-05
5.3050897e-05
3.7411622e-05
2.2188119e-05
7.3177435e-06
0.0039644276
0.003712437
0.003475178
0.0032517827
0.0030415583
0.0028438435
0.0026579957
0.0024833926
0.0023194327
0.0021655366
0.0020211474
0.001885731
0.0017587757
0.0016397925
0.0015283148
0.0014238978
0.001326118
0.0012345729
0.0011488801
0.0010686769
0.00099361919
0.00092338114
0.00085765428
0.00079614677
0.00073858273
0.00068470146
0.00063425676
0.00058701624
0.00054276061
0.00050128303
0.00046238846
0.00042589304
0.00039162349
0.0003594165
0.00032911818
0.00030058355
0.00027367595
0.00024826661
0.00022423413
0.00020146407
0.00017984846
0.00015928541
0.00013967873
0.00012093754
0.00010297592
8.5712567e-05
6.9070474e-05
5.2976643e-05
3.7361793e-05
2.2160098e-05
7.3091192e-06
0.0039390078
0.0036891372
0.0034538358
0.0032322469
0.0030236865
0.0028275023
0.0026430616
0.0024697511
0.0023069782
0.0021541717
0.0020107823
0.0018762827
0.0017501681
0.0016319556
0.0015211839
0.0014174135
0.0013202258
0.0012292226
0.0011440257
0.0010642758
0.00098963256
0.00091977319
0.00085439215
0.00079320033
0.00073592431
0.00068230571
0.00063210046
0.00058507809
0.00054102113
0.0004997244
0.00046099439
0.00042464864
0.00039051515
0.00035843181
0.00032824582
0.00029981318
0.00027299817
0.00024767284
0.00022371657
0.0002010156
0.0001794626
0.00015895628
0.00013940098
0.00012070629
0.00010278673
8.5561397e-05
6.8953648e-05
5.2890812e-05
3.7303898e-05
2.2127351e-05
7.2989586e-06
0.0039117176
0.0036641011
0.0034308837
0.0032112209
0.0030044373
0.00280989
0.0026269558
0.0024550309
0.0022935314
0.0021418947
0.0019995792
0.0018660653
0.0017408549
0.0016234714
0.0015134597
0.0014103857
0.0013138358
0.0012234166
0.0011387541
0.0010594931
0.00098529694
0.00091584623
0.00085083856
0.00078998772
0.00073302298
0.00067968841
0.00062974221
0.00058295604
0.00053911433
0.00049801369
0.00045946225
0.00042327906
0.0003892935
0.00035734475
0.00032728116
0.0002989598
0.00027224595
0.00024701255
0.00022313981
0.00020051472
0.00017903064
0.0001585869
0.00013908841
0.00012044529
0.00010257254
8.5389685e-05
6.8820473e-05
5.2792587e-05
3.7237363e-05
2.2089535e-05
7.2871481e-06
0.0038824915
0.0036372679
0.0034062655
0.0031886521
0.0029837613
0.00279096
0.0026096346
0.0024391906
0.0022790534
0.0021286689
0.001987504
0.0018550465
0.0017308058
0.0016143119
0.0015051161
0.0014027899
0.0013069253
0.0012171337
0.0011330457
0.0010543107
0.00098059558
0.00091158477
0.0008469792
0.00078649575
0.00072986655
0.00067683832
0.00062717169
0.00058064056
0.00053703145
0.00049614285
0.00045778466
0.00042177755
0.00038795237
0.00035614967
0.00032621905
0.00029801874
0.00027141505
0.00024628192
0.00022250041
0.00019995834
0.0001785498
0.0001581748
0.00013873887
0.0001201527
0.00010233178
8.5196118e-05
6.8669886e-05
5.2681154e-05
3.716161e-05
2.2046308e-05
7.2735739e-06
0.003851269
0.0036085817
0.003379929
0.0031644917
0.002961613
0.0027706694
0.0025910573
0.0024221919
0.0022635079
0.0021144604
0.0019745245
0.0018431964
0.0017199927
0.0016044508
0.0014961284
0.0013946032
0.0012994727
0.0012103539
0.0011268822
0.0010487113
0.0009755125
0.00090697401
0.00084280035
0.00078271173
0.00072644331
0.00067374463
0.00062437892
0.00057812248
0.00053476403
0.00049410411
0.00045595449
0.00042013755
0.00038648576
0.00035484108
0.00032505448
0.00029698542
0.00027050134
0.00024547718
0.00022179498
0.00019934342
0.00017801739
0.00015771761
0.00013835028
0.00011982669
0.0001020629
8.4979403e-05
6.8500844e-05
5.255571e-05
3.7076071e-05
2.1997331e-05
7.2581234e-06
0.0038179969
0.0035779929
0.003351828
0.0031386966
0.0029379517
0.0027489799
0.0025711878
0.0024040006
0.0022468628
0.0020992385
0.001960612
0.0018304877
0.0017083901
0.001593864
0.001486474
0.0013858043
0.0012914585
0.0012030589
0.0011202462
0.001042679
0.00097003282
0.00090200013
0.00083828922
0.00077862379
0.00072274226
0.00067039716
0.0006213545
0.00057539311
0.00053230407
0.0004918901
0.00045396495
0.00041835284
0.00038488793
0.00035341375
0.00032378268
0.00029585549
0.00026950083
0.00024459474
0.00022102029
0.00019866706
0.0001774308
0.00015721301
0.0001379206
0.00011946551
0.00010176439
8.4738285e-05
6.8312332e-05
5.2415472e-05
3.6980191e-05
2.1942272e-05
7.2406865e-06
0.0037826304
0.0035454598
0.0033219237
0.0031112304
0.0029127432
0.0027258592
0.0025499955
0.0023845877
0.0022290903
0.0020829772
0.0019457417
0.0018168969
0.0016959757
0.0015825305
0.0014761332
0.0013763748
0.0012828651
0.0011952322
0.0011131225
0.0010361993
0.00096414315
0.00089665066
0.00083343418
0.00077422113
0.00071875338
0.00066678664
0.00061808982
0.00057244449
0.00052964423
0.00048949403
0.00045180978
0.00041641766
0.0003831536
0.00035186281
0.00032239918
0.00029462488
0.00026840982
0.00024363125
0.00022017328
0.00019792651
0.00017678758
0.00015665883
0.00013744792
0.00011906749
0.00010143483
8.4471576e-05
6.8103386e-05
5.2259697e-05
3.6873442e-05
2.1880815e-05
7.2211578e-06
0.0037451356
0.0035109509
0.0032901867
0.0030820656
0.0028859616
0.0027012826
0.0025274568
0.0023639306
0.0022101689
0.0020656555
0.0019298935
0.0018024049
0.0016827313
0.001570433
0.0014650896
0.001366299
0.0012736777
0.0011868601
0.0011054979
0.0010292601
0.00095783203
0.00089091486
0.00082822521
0.00076949441
0.00071446796
0.00066290493
0.00061457734
0.00056926962
0.00052677798
0.00048690987
0.00044948341
0.00041432685
0.00038127803
0.00035018391
0.00032089999
0.00029328991
0.00026722497
0.00024258364
0.0002192512
0.00019711928
0.00017608549
0.00015605307
0.00013693048
0.00011863111
0.00010107292
8.4178177e-05
6.7873115e-05
5.2087694e-05
3.6755333e-05
2.1812667e-05
7.1994392e-06
0.0037054917
0.0034744471
0.0032565995
0.0030511858
0.0028575911
0.002675235
0.0025035569
0.0023420146
0.002190084
0.0020472594
0.0019130536
0.0017869984
0.0016686438
0.0015575589
0.001453331
0.0013555653
0.0012638854
0.0011779318
0.0010973625
0.0010218519
0.00095109042
0.00088478421
0.00082265427
0.00076443606
0.00070987891
0.00065874541
0.00061081086
0.00056586271
0.00052369995
0.00048413261
0.00044698118
0.00041207609
0.00037925722
0.00034837334
0.00031928169
0.00029184747
0.0002659434
0.0002414493
0.00021825165
0.0001962432
0.0001753226
0.000155394
0.00013636675
0.00011815502
0.0001006775
8.3857118e-05
6.7620727e-05
5.1898851e-05
3.6625426e-05
2.1737564e-05
7.1754421e-06
0.0036636929
0.0034359442
0.0032211588
0.0030185881
0.0028276286
0.0026477125
0.0024782913
0.0023188348
0.0021688302
0.0020277828
0.0018952157
0.0017706705
0.0016537065
0.0015439013
0.0014408504
0.0013441669
0.0012534812
0.0011684407
0.0010887097
0.0010139682
0.00094391227
0.0008782529
0.00081671581
0.0007590408
0.00070498119
0.0006543033
0.00060678586
0.00056221949
0.00052040612
0.00048115848
0.00044429956
0.0004096621
0.00037708808
0.00034642824
0.00031754162
0.00029029507
0.00026456284
0.00024022613
0.00021717272
0.00019529654
0.00017449732
0.00015468021
0.00013575547
0.00011763811
0.00010024761
8.3507588e-05
6.734556e-05
5.1692651e-05
3.6483349e-05
2.1655282e-05
7.149091e-06
0.0036197502
0.0033954566
0.0031838793
0.002984286
0.002796086
0.0026187251
0.0024516681
0.0022943973
0.0021464121
0.0020072291
0.0018763821
0.0017534226
0.0016379198
0.00152946
0.0014276472
0.0013321024
0.0012424635
0.001158385
0.0010795374
0.0010056069
0.00093629515
0.00087131842
0.00081040729
0.00075330607
0.00069977228
0.00064957611
0.00060249991
0.0005583376
0.0005168942
0.00047798527
0.00044143643
0.00040708283
0.00037476868
0.00034434679
0.00031567806
0.0002886311
0.00026308176
0.00023891272
0.0002160131
0.00019427808
0.00017360854
0.00015391068
0.00013509573
0.00011707959
9.9782543e-05
8.3128985e-05
6.7047115e-05
5.14687e-05
3.6328819e-05
2.1565648e-05
7.1203268e-06
0.0035736921
0.0033530215
0.0031447984
0.0029483136
0.0027629934
0.002588299
0.0024237099
0.002268722
0.0021228469
0.001985613
0.0018565653
0.0017352656
0.0016212927
0.0015142426
0.0014137277
0.0013193773
0.0012308369
0.0011477683
0.0010698485
0.00099677028
0.00092824092
0.0008639822
0.00080372975
0.0007472326
0.00069425263
0.00064456408
0.00059795304
0.00055421692
0.00051316394
0.00047461263
0.00043839136
0.0004043378
0.00037229849
0.0003421284
0.00031369041
0.00028685495
0.00026149955
0.00023750845
0.00021477218
0.00019318724
0.0001726557
0.00015308489
0.00013438704
0.00011647899
9.9281903e-05
8.2720959e-05
6.6725096e-05
5.1226759e-05
3.6161659e-05
2.1468551e-05
7.089111e-06
0.003525563
0.0033087093
0.0031039832
0.0029107301
0.0027284022
0.0025564792
0.0023944565
0.0022418437
0.0020981654
0.001962962
0.0018357896
0.0017162209
0.0016038446
0.0014982662
0.001399107
0.0013060049
0.0012186131
0.0011366008
0.0010596522
0.00098746632
0.00091975656
0.00085625033
0.00079668852
0.00074082502
0.00068842626
0.00063927068
0.00059314826
0.00054986003
0.00050921756
0.00047104246
0.00043516595
0.00040142835
0.00036967864
0.000339774
0.00031157943
0.00028496723
0.00025981671
0.0002360137
0.00021345026
0.00019202423
0.00017163895
0.00015220292
0.00013362943
0.00011583633
9.8745665e-05
8.2283468e-05
6.6379451e-05
5.0966778e-05
3.5981822e-05
2.1363958e-05
7.05543e-06
0.0034754523
0.0032626425
0.0030615384
0.0028716229
0.0026923873
0.0025233315
0.0023639662
0.0022138148
0.0020724148
0.0019393184
0.0018140933
0.0016963229
0.0015856063
0.0014815585
0.0013838101
0.0012920074
0.0012058121
0.0011249007
0.0010489646
0.00097770942
0.00091085494
0.00084813433
0.00078929387
0.0007340925
0.00068230134
0.00063370318
0.00058809204
0.00054527269
0.00050506015
0.00046727926
0.00043176419
0.000398358
0.0003669122
0.00033728632
0.00030934748
0.00028297001
0.00025803501
0.00023443003
0.00021204865
0.00019079016
0.00017055924
0.00015126556
0.00013282357
0.00011515213
9.8174249e-05
8.1816837e-05
6.6010424e-05
5.0688926e-05
3.5789419e-05
2.1251929e-05
7.0193007e-06
0.0036448217
0.0034239316
0.0032150439
0.0030176049
0.002831105
0.0026550471
0.0024889436
0.0023323182
0.002184707
0.0020456599
0.0019147411
0.0017915297
0.0016756201
0.0015666217
0.0014641593
0.001367873
0.0012774177
0.0011924635
0.0011126946
0.0010378097
0.00096752141
0.00090155578
0.00083965195
0.00078156181
0.00072704947
0.00067589086
0.00062787327
0.00058279488
0.00054046431
0.00050070016
0.0004633306
0.00042819284
0.00039513278
0.00036400456
0.00033467012
0.00030699882
0.00028086703
0.00025615777
0.00023276032
0.00021056989
0.00018948726
0.00016941846
0.00015027445
0.00013197083
0.00011442754
9.7568601e-05
8.1321826e-05
6.5618602e-05
5.0393638e-05
3.5584744e-05
2.1132629e-05
6.9807754e-06
0.0038166299
0.0035875973
0.0033709361
0.0031660227
0.0029723153
0.0027893053
0.0026165015
0.002453426
0.0022996139
0.0021546131
0.0020179857
0.0018893078
0.0017681699
0.0016541772
0.0015469498
0.0014461224
0.0013513446
0.0012622802
0.0011786077
0.0011000192
0.001026221
0.0009569326
0.00089188654
0.00083082813
0.00077351492
0.00071971635
0.00066921331
0.00062179766
0.00057727187
0.00053544851
0.00049614988
0.00045920753
0.00042446185
0.00039176164
0.00036096375
0.00033193259
0.00030453985
0.000278664
0.00025419004
0.00023100905
0.00020901792
0.00018811895
0.00016821961
0.00014923217
0.00013107342
0.00011366444
9.6930275e-05
8.0799696e-05
6.5204978e-05
5.0081655e-05
3.5368305e-05
2.1006354e-05
6.939948e-06
0.0039904253
0.0037532625
0.0035288876
0.003316566
0.0031157203
0.0029258242
0.002746377
0.0025768966
0.0024169153
0.0022659797
0.0021236499
0.0019894997
0.0018631171
0.0017441041
0.001632077
0.0015266664
0.0014275171
0.0013342882
0.0012466527
0.0011642974
0.0010869227
0.0010142423
0.00094598286
0.00088188353
0.00082169586
0.0007651832
0.00071212042
0.00066229343
0.0006154988
0.00057154335
0.00053024373
0.00049142598
0.00045492513
0.00042058481
0.00038825683
0.00035780077
0.00032908363
0.00030197943
0.00027636885
0.0002521389
0.00022918251
0.00020739829
0.00018669014
0.00016696698
0.00014814243
0.00013013454
0.00011286553
9.6261525e-05
8.0252285e-05
6.4771004e-05
4.9754071e-05
3.5140862e-05
2.0873545e-05
6.8969605e-06
0.0039204806
0.0036884884
0.0034688938
0.0032610247
0.0030643381
0.002878328
0.0027025087
0.0025364105
0.0023795782
0.0022315708
0.0020919607
0.0019603341
0.0018362908
0.0017194444
0.0016094223
0.0015058658
0.0014084299
0.0013167831
0.0012306077
0.001149599
0.0010734657
0.001001929
0.00093472274
0.00087159287
0.0008122972
0.00075660498
0.00070429656
0.00065516297
0.00060900555
0.00056563556
0.00052487377
0.00048655003
0.00045050295
0.00041657943
0.00038463433
0.00035453006
0.00032613621
0.00029932924
0.00027399204
0.00025001368
0.00022728901
0.00020571838
0.00018520733
0.00016566626
0.00014701018
0.00012915845
0.00011203445
9.5565398e-05
7.968209e-05
6.4318661e-05
4.9412382e-05
3.4903451e-05
2.0734807e-05
6.8520096e-06
0.0038494185
0.0036226672
0.0034079388
0.0032046018
0.0030121419
0.0028300749
0.0026579324
0.00249526
0.0023416166
0.0021965745
0.0020597192
0.0019306493
0.0018089769
0.0016943271
0.0015863386
0.0014846633
0.0013889664
0.0012989262
0.001214234
0.001134594
0.0010597228
0.0009893493
0.00092321466
0.0008610716
0.00080268426
0.00074782781
0.00069628815
0.00064786147
0.00060235393
0.00055958127
0.00051936842
0.00048154913
0.00044596556
0.00041246797
0.00038091429
0.0003511698
0.00032310676
0.00029660404
0.00027154682
0.00024782625
0.00022533913
0.00020398759
0.00018367882
0.00016432475
0.00014584181
0.00012815065
0.00011117588
9.484583e-05
7.909234e-05
6.3850516e-05
4.9058531e-05
3.4657427e-05
2.0590936e-05
6.8053533e-06
0.0037777413
0.0035562518
0.0033464257
0.0031476594
0.0029594616
0.0027813681
0.0026129287
0.0024537052
0.0023032716
0.0021612142
0.0020271319
0.0019006362
0.0017813514
0.0016689144
0.0015629752
0.0014631964
0.0013692533
0.0012808339
0.0011976386
0.0011193803
0.0010457837
0.0009765855
0.00091153402
0.00085038873
0.00079292014
0.00073890938
0.00068814788
0.00064043703
0.00059558781
0.00055342047
0.0005137641
0.00047645636
0.00044134303
0.00040827771
0.00037712145
0.0003477424
0.00032001548
0.00029382205
0.00026904957
0.0002455913
0.00022334599
0.00020221758
0.00018211494
0.00016295153
0.00014464523
0.000127118
0.00011029568
9.4107742e-05
7.8487083e-05
6.3369792e-05
4.8694963e-05
3.4404497e-05
2.0442931e-05
6.757318e-06
0.0037059991
0.0034897538
0.0032848231
0.0030906255
0.0029066889
0.002732568
0.0025678301
0.0024120534
0.0022648273
0.0021257525
0.0019944416
0.0018705191
0.0017536215
0.0016433976
0.0015395084
0.0014416273
0.0013494398
0.0012626433
0.0011809475
0.0011040737
0.0010317549
0.00096373525
0.00089977029
0.00083962625
0.00078307994
0.0007299184
0.00067993858
0.00063294705
0.0005887596
0.00054720095
0.00050810438
0.00047131142
0.00043667145
0.00040404144
0.00037328553
0.00034427476
0.00031688671
0.00029100522
0.00026652004
0.00024332654
0.00022132543
0.00020042247
0.00018052819
0.00016155762
0.00014343007
0.00012606883
0.00010940098
9.3357134e-05
7.7871254e-05
6.2880425e-05
4.8324666e-05
3.4146748e-05
2.0292022e-05
6.7083048e-06
0.0036348019
0.0034237482
0.0032236653
0.0030339932
0.0028542784
0.0026840934
0.0025230229
0.0023706614
0.0022266135
0.0020904943
0.0019619301
0.0018405582
0.0017260274
0.0016179981
0.0015161426
0.0014201445
0.0013296994
0.0012445143
0.0011643078
0.0010888095
0.0010177605
0.00095091251
0.00088802807
0.00082888007
0.00077325154
0.00072093536
0.00067173393
0.00062545892
0.00058193087
0.00054097894
0.00050244053
0.00046616102
0.00043199336
0.00039979783
0.00036944164
0.00034079871
0.00031374925
0.00028817956
0.00026398164
0.00024105299
0.00021929626
0.00019861901
0.00017893343
0.00016015612
0.00014220779
0.00012501307
0.00010850028
9.2601161e-05
7.7250751e-05
6.2387121e-05
4.7951219e-05
3.3886683e-05
2.013968e-05
6.6587955e-06
0.00356482
0.0033588834
0.0031635596
0.0029783254
0.0028027496
0.0026364238
0.0024789498
0.002329938
0.0021890079
0.0020557887
0.0019299199
0.0018110515
0.0016988443
0.0015929702
0.0014931121
0.0013989641
0.0013102315
0.0012266305
0.0011478883
0.001073743
0.0010039434
0.00093824858
0.00087642792
0.00081826083
0.00076353641
0.00071205325
0.00066361909
0.00061805057
0.00057517289
0.00053481955
0.000496832
0.00046105937
0.00042735813
0.00039559178
0.00036563059
0.00033735125
0.00031063659
0.0002853753
0.00026146164
0.00023879515
0.00021728041
0.00019682676
0.00017734802
0.00015876232
0.00014099178
0.00012396234
0.00010760352
9.1848211e-05
7.6632486e-05
6.1895402e-05
4.7578821e-05
3.3627241e-05
1.9987639e-05
6.6093571e-06
0.0034967801
0.0032959028
0.0031051992
0.0029242596
0.0027526895
0.0025901005
0.0024361106
0.0022903451
0.0021524375
0.0020220305
0.0018987761
0.0017823365
0.0016723841
0.0015686017
0.0014706828
0.0013783313
0.001291262
0.0012091999
0.0011318809
0.0010590508
0.00099046606
0.00092589277
0.00086510703
0.0008078945
0.00075405015
0.00070337808
0.00065569119
0.00061081094
0.00056856703
0.00052879717
0.00049134672
0.00045606846
0.00042282223
0.00039147471
0.00036189909
0.00033397477
0.00030758712
0.00028262715
0.00025899131
0.00023658114
0.00021530308
0.00019506819
0.00017579192
0.00015739384
0.00013979747
0.00012293001
0.00010672217
9.1107946e-05
7.602443e-05
6.1411636e-05
4.721232e-05
3.337182e-05
1.98379e-05
6.5606457e-06
0.0036386761
0.0034319756
0.0032357158
0.0030493624
0.0028725021
0.0027047485
0.002545725
0.0023950622
0.0022523984
0.0021173797
0.0019896613
0.0018689071
0.0017547908
0.0016469957
0.0015452151
0.0014491524
0.0013585209
0.0012730444
0.0011924565
0.0011165009
0.0010449312
0.00097751088
0.00091401289
0.00085421963
0.00079792274
0.0007449228
0.00069502914
0.00064805959
0.0006038402
0.00056220499
0.00052299565
0.0004860613
0.00045125818
0.00041844941
0.00038750465
0.0003582999
0.00033071717
0.00030464423
0.00027997435
0.00025660604
0.00023444277
0.00021339278
0.00019336876
0.00017428771
0.00015607061
0.00013864231
0.00012193124
0.00010586922
9.0391327e-05
7.5435626e-05
6.0943052e-05
4.685722e-05
3.3124274e-05
1.9692736e-05
6.5134069e-06
0.0035731022
0.0033710382
0.0031791214
0.0029968462
0.0028238098
0.0026596355
0.0025039574
0.0023564178
0.0022166666
0.0020843617
0.0019591695
0.0018407651
0.0017288327
0.001623066
0.0015231678
0.0014288509
0.0013398376
0.0012558598
0.0011766593
0.0011019871
0.0010316041
0.00096528037
0.00090279522
0.000843937
0.00078850293
0.00073629885
0.00068713901
0.00064084586
0.00059724975
0.00055618873
0.00051750826
0.00048106097
0.00044670637
0.00041431062
0.00038374622
0.0003548918
0.0003276318
0.00030185629
0.00027746063
0.00025434527
0.00023241553
0.0002115813
0.00019175685
0.0001728606
0.0001548149
0.00013754582
0.00012098294
0.00010505918
8.9710591e-05
7.4876172e-05
6.0497723e-05
4.651967e-05
3.2888913e-05
1.9554691e-05
6.4684748e-06
0.0035127333
0.0033149589
0.0031270514
0.0029485306
0.0027790093
0.0026181233
0.0024655182
0.0023208474
0.0021837719
0.0020539604
0.0019310897
0.001814845
0.0017049203
0.0016010185
0.0015028514
0.0014101402
0.0013226154
0.0012400165
0.0011620925
0.0010886015
0.0010193108
0.00095399663
0.00089244409
0.000834447
0.0007798077
0.00072833683
0.00067985318
0.0006341834
0.00059116182
0.00055063018
0.0005124374
0.00047643932
0.00044249846
0.00041048378
0.00038027039
0.00035173932
0.00032477728
0.00029927641
0.00027513401
0.00025225235
0.00023053839
0.00020990359
0.00019026364
0.0001715383
0.00015365115
0.00013652941
0.00012010372
0.000104308
8.9079189e-05
7.4357167e-05
6.0084522e-05
4.6206425e-05
3.2670472e-05
1.9426557e-05
6.4267658e-06
0.0034588171
0.0032648756
0.0030805528
0.0029053871
0.0027390045
0.002581053
0.0024311894
0.0022890776
0.0021543888
0.0020268014
0.0019060016
0.0017916836
0.0016835502
0.0015813124
0.0014846902
0.0013934122
0.001307216
0.0012258481
0.001149064
0.0010766278
0.0010083126
0.00094390019
0.0008831808
0.00082595309
0.00077202397
0.00072120839
0.00067332914
0.00062821664
0.00058570875
0.0005456505
0.00050789389
0.00047229764
0.00043872694
0.00040705324
0.00037715397
0.00034891233
0.00032221703
0.00029696207
0.0002730465
0.00025037417
0.00022885354
0.00020839745
0.00018892288
0.00017035078
0.00015260583
0.00013561627
0.0001193137
0.0001036329
8.8511658e-05
7.3890601e-05
5.9713032e-05
4.5924781e-05
3.2474063e-05
1.931135e-05
6.389269e-06
0.0034126711
0.0032220128
0.0030407609
0.0028684683
0.0027047724
0.0025493316
0.0024018129
0.0022618894
0.0021292414
0.0020035556
0.0018845265
0.0017718561
0.0016652544
0.0015644398
0.0014691388
0.0013790865
0.0012940269
0.001213712
0.001137903
0.0010663693
0.00099888883
0.00093524809
0.00087524173
0.00081867255
0.00076535136
0.00071509676
0.00066773499
0.00062309968
0.0005810317
0.0005413789
0.0005039959
0.00046874389
0.00043549034
0.00040410882
0.00037447876
0.00034648521
0.00032001858
0.00029497447
0.00027125341
0.00024876062
0.00022740585
0.0002071031
0.00018777047
0.00016932991
0.00015170706
0.00013483102
0.00011863422
0.00010305219
8.8023423e-05
7.3489192e-05
5.9393407e-05
4.5682462e-05
3.2305094e-05
1.9212258e-05
6.3570298e-06
0.003375677
0.0031876719
0.0030088881
0.0028388996
0.0026773562
0.002523926
0.0023782845
0.0022401128
0.0021090983
0.0019849348
0.0018673232
0.0017559716
0.0016505961
0.0015509207
0.0014566774
0.0013676065
0.0012834567
0.001203985
0.0011289568
0.0010581457
0.00099133368
0.00092831092
0.0008688756
0.00081283386
0.00075999962
0.0007101944
0.00066324719
0.00061899421
0.00057727872
0.00053795082
0.00050086726
0.00046589115
0.00043289183
0.00040174456
0.00037233036
0.00034453575
0.00031825252
0.00029337754
0.00026981253
0.00024746381
0.00022624214
0.00020606249
0.00018684382
0.0001685089
0.00015098412
0.00013419931
0.00011808752
0.0001025849
8.7630507e-05
7.3166133e-05
5.9136172e-05
4.5487464e-05
3.2169156e-05
1.9132574e-05
6.33113e-06
0.0033492493
0.0031632346
0.0029862218
0.0028178704
0.0026578543
0.0025058514
0.0023615434
0.0022246167
0.0020947636
0.0019716824
0.0018550786
0.0017446649
0.0016401614
0.0015412962
0.001447805
0.0013594321
0.0012759294
0.0011970574
0.0011225845
0.0010522874
0.00098595088
0.00092336775
0.0008643387
0.00080867223
0.00075618448
0.00070669906
0.00066004689
0.00061606604
0.00057460148
0.00053550491
0.00049863456
0.00046385496
0.00043103672
0.00040005633
0.00037079594
0.00034314311
0.00031699061
0.00029223623
0.00026878251
0.00024653656
0.00022540987
0.00020531808
0.00018618077
0.0001679213
0.00015046659
0.00013374697
0.00011769597
0.00010225016
8.7348986e-05
7.2934631e-05
5.8951827e-05
4.5347734e-05
3.2071786e-05
1.9075562e-05
6.3126613e-06
0.0035298291
0.0033353393
0.0031502186
0.0029740814
0.0028065754
0.0026473638
0.0024961198
0.0023525241
0.0022162639
0.0020870332
0.0019645325
0.0018484695
0.0017385591
0.0016345237
0.0015360935
0.0014430064
0.0013550085
0.0012718536
0.001193304
0.0011191298
0.0010491092
0.00098302864
0.00092068223
0.00086187205
0.00080640786
0.00075410696
0.00070479409
0.00065830123
0.00061446739
0.00057313847
0.00053416704
0.00049741212
0.00046273898
0.00043001893
0.00039912912
0.00036995227
0.00034237653
0.00031629519
0.00029160652
0.0002682135
0.00024602368
0.00022494894
0.00020490525
0.00018581255
0.00016759451
0.00015017834
0.00013349463
0.00011747716
0.00010206273
8.7191028e-05
7.2804415e-05
5.8847822e-05
4.5268589e-05
3.2016331e-05
1.9042817e-05
6.3018685e-06
)
;

boundaryField
{
    inletLow
    {
        type            fixedValue;
        value           nonuniform List<scalar> 0();
    }
    inletJet
    {
        type            fixedValue;
        value           nonuniform List<scalar> 0();
    }
    inletHigh
    {
        type            fixedValue;
        value           nonuniform List<scalar> 0();
    }
    outlet
    {
        type            inletOutlet;
        inletValue      uniform 0;
        value           uniform 0;
    }
    upperWall
    {
        type            inletOutlet;
        inletValue      uniform 0;
        value           nonuniform List<scalar> 
56
(
0.0035298291
0.0033353393
0.0031502186
0.0029740814
0.0028065754
0.0026473638
0.0024961198
0.0023525241
0.0022162639
0.0020870332
0.0019645325
0.0018484695
0.0017385591
0.0016345237
0.0015360935
0.0014430064
0.0013550085
0.0012718536
0.001193304
0.0011191298
0.0010491092
0.00098302864
0.00092068223
0.00086187205
0.00080640786
0.00075410696
0.00070479409
0.00065830123
0.00061446739
0.00057313847
0.00053416704
0.00049741212
0.00046273898
0.00043001893
0.00039912912
0.00036995227
0.00034237653
0.00031629519
0.00029160652
0.0002682135
0.00024602368
0.00022494894
0.00020490525
0.00018581255
0.00016759451
0.00015017834
0.00013349463
0.00011747716
0.00010206273
8.7191028e-05
7.2804415e-05
5.8847822e-05
4.5268589e-05
3.2016331e-05
1.9042817e-05
6.3018685e-06
)
;
    }
    lowerWall
    {
        type            inletOutlet;
        inletValue      nonuniform List<scalar> 0();
        value           nonuniform List<scalar> 0();
    }
    frontAndBack
    {
        type            empty;
    }
    procBoundary1to0
    {
        type            processor;
        value           nonuniform List<scalar> 
80
(
0.0022626737
0.0022627589
0.0022626325
0.0022621995
0.0022621995
0.0024273045
0.0024269795
0.0024264737
0.0024256599
0.0024256599
0.0026013034
0.0026001732
0.0026001732
0.0027875904
0.0027859978
0.0027859978
0.0029853563
0.0029831101
0.0029831101
0.0031946836
0.0031915511
0.0031915511
0.0034157605
0.0034117535
0.0034071586
0.0034017928
0.0034017928
0.0036349801
0.0038809713
0.0036279187
0.0036279187
0.0041409671
0.0041409671
0.0044158947
0.0044038204
0.0043906288
0.004376165
0.0043603303
0.0043430411
0.0043242162
0.0043037746
0.004281635
0.0042577162
0.004231938
0.004204222
0.004174493
0.0041426799
0.0041087178
0.0040725493
0.0040341266
0.0039934138
0.0039503885
0.0039050448
0.003857395
0.0038074709
0.0037553245
0.003701024
0.003701024
0.0038789538
0.0038789538
0.0040591247
0.0040591247
0.0042409178
0.0041653145
0.004088606
0.0040112827
0.0039339259
0.003857189
0.0037818044
0.0037085879
0.0037085879
0.0038561281
0.0037855467
0.0037205785
0.0036625591
0.0036129069
0.0035731215
0.0035447946
0.0035447946
0.0037336132
)
;
    }
    procBoundary1to4
    {
        type            processor;
        value           nonuniform List<scalar> 
41
(
0.0021091926
0.0019653431
0.0018306582
0.0017045764
0.0015865858
0.0014762041
0.0013729727
0.0012764543
0.0011862332
0.0011019141
0.001023122
0.00094950156
0.00088071636
0.00081644828
0.0007563968
0.00070027822
0.00064782494
0.0005987847
0.00055291985
0.00051000658
0.00046983426
0.00043220468
0.00039693141
0.00036383911
0.00033276293
0.00030354787
0.00027604818
0.00025012686
0.00022565504
0.00020251153
0.00018058231
0.00015976005
0.0001399437
0.00012103807
0.00010295342
8.5605076e-05
6.8913135e-05
5.2802088e-05
3.7200536e-05
2.2040916e-05
7.2599262e-06
)
;
    }
}


// ************************************************************************* //
